# obj_no phot_z age_old age_new f_old_V EBV norm chi SFR stellar_mass
1.000000000000000000e+00 4.299999999999999933e-01 1.700000000000000000e+09 1.000000000000000000e+07 6.469219452298986539e-01 0.000000000000000000e+00 5.265732915111644518e-18 1.971362379783540973e+03 1.260903227235754820e-01 2.396264364260318875e+08
2.000000000000000000e+00 1.409999999999999920e+00 5.088000000000000000e+08 1.000000000000000000e+07 1.000000000000000000e+00 7.000000000000000666e-01 3.973700782870153499e-17 1.267778984011413741e+03 0.000000000000000000e+00 8.918736600042104721e+09
3.000000000000000000e+00 3.900000000000000133e-01 5.088000000000000000e+08 1.000000000000000000e+07 3.181690290810633703e-01 8.000000000000000444e-01 2.002816110647837888e-17 1.531149587399466782e+03 3.697947768140856240e-01 5.569972127481906116e+07
4.000000000000000000e+00 1.699999999999999956e+00 4.000000000000000000e+09 2.511900000000000000e+07 9.524560062662843496e-01 4.000000000000000222e-01 3.314458333784570587e-19 7.928369017564974683e+02 2.940378937038855556e-01 2.155714883465741730e+10
5.000000000000000000e+00 6.099999999999999867e-01 5.088000000000000000e+08 5.000000000000000000e+07 9.798004827959798657e-01 1.500000000000000222e-01 1.030224893656201973e-19 9.155521206572528854e+02 3.303248940703557533e-03 9.449795629856103659e+07
6.000000000000000000e+00 3.500000000000000333e-01 5.088000000000000000e+08 1.000000000000000000e+07 9.408169029081063783e-01 3.000000000000000444e-01 4.491780500393385190e-19 9.250909950517066136e+02 6.244445239253651990e-03 2.997665106416456774e+07
7.000000000000000000e+00 2.470000000000000195e+00 5.088000000000000000e+08 5.000000000000000000e+07 9.736921945229898290e-01 5.000000000000000000e-01 1.591329761351184792e-19 6.208270935858611210e+02 3.473099631281465483e-01 7.585329218046252251e+09
8.000000000000000000e+00 4.199999999999999845e-01 5.088000000000000000e+08 1.000000000000000000e+07 1.000000000000000000e+00 0.000000000000000000e+00 3.532671446975550740e-18 9.608398549264553594e+02 0.000000000000000000e+00 2.393561181378768384e+07
9.000000000000000000e+00 1.090000000000000080e+00 1.700000000000000000e+09 5.000000000000000000e+07 9.268236228897329676e-01 1.500000000000000000e+00 3.489914725668445435e-17 7.421459292990249196e+03 6.086311194055847196e+00 1.556894315800746460e+11
1.000000000000000000e+01 2.459999999999999964e+00 1.700000000000000000e+09 5.000000000000000000e+07 9.990352180385682068e-01 1.500000000000000000e+00 1.396430440251674150e-18 5.958215640039849859e+03 3.009060302922460739e+00 6.280901603829925781e+12
1.100000000000000000e+01 1.459999999999999964e+00 5.088000000000000000e+08 5.000000000000000000e+07 9.268236228897329676e-01 1.500000000000000000e+00 2.329827421834737309e-17 1.800097180465491192e+03 9.884895081040390608e+00 7.420366364951167297e+10
1.200000000000000000e+01 5.000000000000000000e+00 1.139100030000000000e+09 1.000000000000000000e+07 1.000000000000000000e+00 0.000000000000000000e+00 6.987823833105579841e-16 5.929485907993165483e+02 0.000000000000000000e+00 1.617965088977221289e+13
1.300000000000000000e+01 2.300000000000000266e+00 2.000000000000000000e+09 2.511900000000000000e+07 1.000000000000000888e-02 8.500000000000000888e-01 2.327179078835681689e-18 1.125145601448904472e+03 5.304886732632573931e+00 2.306528125036038458e+08
1.400000000000000000e+01 1.110000000000000098e+00 1.700000000000000000e+09 5.000000000000000000e+07 8.515106807538886935e-01 1.500000000000000000e+00 1.794890964638109665e-17 2.302610251840665569e+03 3.306281649589747573e+00 3.838294854153706360e+10
1.500000000000000000e+01 2.620000000000000107e+00 1.139100030000000000e+09 5.000000000000000000e+07 9.941510680753888884e-01 1.500000000000000000e+00 6.309816625984376785e-19 8.815593347980246790e+02 1.658207017756837542e+00 3.196217985780941162e+11
1.600000000000000000e+01 4.600000000000000200e-01 5.088000000000000000e+08 1.000000000000000000e+07 8.515106807538886935e-01 6.000000000000000888e-01 3.120557866097552667e-18 1.412397945699285174e+03 8.961693575821412516e-02 1.557639869116453230e+08
1.700000000000000000e+01 1.040000000000000036e+00 1.139100030000000000e+09 5.000000000000000000e+07 9.990352180385682068e-01 5.500000000000000444e-01 2.435752993993845527e-19 4.114882156307824516e+03 3.689618751367518268e-02 4.331723894064103699e+10
1.800000000000000000e+01 3.200000000000000067e-01 5.088000000000000000e+08 1.000000000000000000e+07 9.955456022925407433e-01 1.500000000000000222e-01 1.415452179315966812e-19 3.173437323040255251e+03 1.560958959156239986e-03 1.051488032559721023e+08
1.900000000000000000e+01 3.300000000000000155e-01 5.088000000000000000e+08 1.000000000000000000e+07 1.000000000000000000e+00 4.000000000000000222e-01 1.830163709476513348e-17 2.062803170107491496e+03 0.000000000000000000e+00 6.583403268654292822e+07
2.000000000000000000e+01 2.580000000000000071e+00 2.000000000000000000e+09 5.000000000000000000e+07 9.870913234723223129e-01 0.000000000000000000e+00 1.114298999619045782e-19 5.224264010523908155e+02 2.789720647776712248e-01 5.069136643852626801e+10
2.100000000000000000e+01 1.060000000000000053e+00 1.700000000000000000e+09 2.511900000000000000e+07 9.848811356849042076e-01 7.000000000000000666e-01 3.744881952383499423e-18 6.088099994284900276e+03 7.849472070117410327e-01 7.888234034243054199e+10
2.200000000000000000e+01 7.500000000000000000e-01 5.088000000000000000e+08 1.000000000000000000e+07 1.000000000000000000e+00 9.000000000000000222e-01 1.438819012340498163e-17 1.156385641207492881e+03 0.000000000000000000e+00 4.899535715983968377e+08
2.300000000000000000e+01 5.000000000000000000e-01 5.088000000000000000e+08 1.000000000000000000e+07 9.891070386914596613e-01 8.000000000000000444e-01 2.337466055761795019e-19 1.108907707756954551e+03 8.424968010230550475e-03 2.306218649026252031e+08
2.400000000000000000e+01 1.260000000000000009e+00 1.139100030000000000e+09 5.000000000000000000e+07 9.941510680753888884e-01 4.000000000000000222e-01 4.732813909972720277e-19 1.631995065771482359e+03 1.279597449048227864e-01 2.466442571651872253e+10
2.500000000000000000e+01 4.400000000000000022e-01 5.088000000000000000e+08 1.000000000000000000e+07 8.897735565382587364e-01 3.500000000000000333e-01 8.177652747305604917e-19 8.863063694138226083e+02 2.082916159249797311e-02 5.087721699069113284e+07
2.600000000000000000e+01 3.479999999999999982e+00 1.139100030000000000e+09 5.000000000000000000e+07 8.781743261443593074e-01 8.000000000000000444e-01 5.596273335823970988e-19 7.479778260101602427e+02 3.610152680221367483e+00 2.968421810547073746e+10
2.700000000000000000e+01 7.299999999999999822e-01 5.088000000000000000e+08 5.000000000000000000e+07 9.469042655519807061e-01 0.000000000000000000e+00 8.083540575848390594e-19 2.914815264557081264e+03 4.324450337034683317e-02 4.562105599607684612e+08
2.800000000000000000e+01 1.040000000000000036e+00 1.139100030000000000e+09 1.000000000000000000e+07 9.469042655519807061e-01 8.000000000000000444e-01 1.633471088131429317e-18 1.352834644958562194e+03 4.834017611028225136e-01 5.007658821086483955e+09
2.900000000000000000e+01 3.260000000000000231e+00 5.088000000000000000e+08 1.000000000000000000e+07 1.000000000000000000e+00 7.500000000000000000e-01 4.314178999560298306e-17 4.779169236903866113e+04 0.000000000000000000e+00 1.332052125246380005e+11
3.000000000000000000e+01 4.820000000000000284e+00 1.139100030000000000e+09 1.000000000000000000e+07 1.000000000000000000e+00 7.500000000000000000e-01 1.709304842692452383e-15 9.689500839149762896e+02 0.000000000000000000e+00 3.521541737110028906e+13
3.100000000000000000e+01 4.080000000000000071e+00 5.088000000000000000e+08 5.000000000000000000e+07 9.003521803856815442e-01 1.500000000000000000e+00 1.128030443597534414e-18 1.242851026406610799e+03 1.206060455839846668e+01 6.475920049472459412e+10
3.200000000000000000e+01 1.040000000000000036e+00 2.000000000000000000e+09 2.511900000000000000e+07 8.654560229254073533e-01 1.500000000000000000e+00 2.146077358017189574e-17 1.782910466664708110e+03 4.248704935362669133e+00 4.978339699478158569e+10
3.300000000000000000e+01 3.699999999999999956e-01 5.088000000000000000e+08 1.000000000000000000e+07 1.000000000000000000e+00 7.000000000000000666e-01 1.164233391785299772e-17 1.108783153266354020e+03 0.000000000000000000e+00 5.639410340039903671e+07
3.400000000000000000e+01 3.200000000000000178e+00 2.000000000000000000e+09 1.000000000000000000e+07 1.000000000000000000e+00 1.500000000000000000e+00 -4.944311335210191423e-17 5.943990040552984055e+02 0.000000000000000000e+00 -5.807927917299752197e+11
3.500000000000000000e+01 1.060000000000000053e+00 2.000000000000000000e+09 5.000000000000000000e+07 9.968174326144358943e-01 6.500000000000000222e-01 8.500536694010230668e-19 3.881028410417088708e+03 1.363282035219548494e-01 1.014450956496812134e+11
3.600000000000000000e+01 6.500000000000000222e-01 5.088000000000000000e+08 1.000000000000000000e+07 1.000000000000000000e+00 3.000000000000000444e-01 3.465242055112658740e-18 8.076236357264212984e+02 0.000000000000000000e+00 7.829066138526982069e+07
3.700000000000000000e+01 5.899999999999999689e-01 1.139100030000000000e+09 5.000000000000000000e+07 9.003521803856815442e-01 1.500000000000000000e+00 1.791751764410243597e-17 3.510291625150602158e+03 4.986411341680030418e-01 5.132826057549035072e+09
3.800000000000000000e+01 1.820000000000000062e+00 1.139100030000000000e+09 1.000000000000000000e+07 1.000000000000000888e-02 9.000000000000000222e-01 5.804080172442481247e-18 1.139349837696922123e+03 9.512997099208341467e+00 1.508925427913547754e+08
3.900000000000000000e+01 4.500000000000000111e-01 5.088000000000000000e+08 5.000000000000000000e+07 9.100000000000000311e-01 1.500000000000000222e-01 8.354668141529580983e-19 1.551605368051886217e+03 1.157253542140954973e-02 6.946798431543849409e+07
4.000000000000000000e+01 2.000000000000000111e-01 2.000000000000000000e+09 1.000000000000000000e+07 9.100000000000000311e-01 0.000000000000000000e+00 8.649695481303055704e-19 1.502765543957769523e+03 2.969074325053842715e-03 3.653445674034997821e+07
4.100000000000000000e+01 3.099999999999999978e-01 5.088000000000000000e+08 1.000000000000000000e+07 8.897735565382587364e-01 3.000000000000000444e-01 5.274005156178371250e-18 2.860205910602835047e+03 5.361906954224815447e-02 1.309696995640216172e+08
4.200000000000000000e+01 5.000000000000000000e+00 1.139100030000000000e+09 1.000000000000000000e+07 9.990352180385682068e-01 1.250000000000000000e+00 4.285919271902317716e-19 1.149442404869388383e+03 1.710056894136232586e+01 1.027614056047857422e+13
4.300000000000000000e+01 5.000000000000000000e+00 5.088000000000000000e+08 5.000000000000000000e+07 9.524560062662843496e-01 6.000000000000000888e-01 3.806902641484247411e-19 1.511557052942166592e+03 7.774810542542704539e+00 9.208757436985328674e+10
4.400000000000000000e+01 5.300000000000000266e-01 5.088000000000000000e+08 1.000000000000000000e+07 6.469219452298986539e-01 1.500000000000000000e+00 2.787618835824228683e-17 1.848409088890051407e+03 1.179524297422996248e+00 6.630700133557606936e+08
4.500000000000000000e+01 2.359999999999999876e+00 2.000000000000000000e+09 1.000000000000000000e+07 1.000000000000000888e-02 1.150000000000000133e+00 2.438528343989912078e-18 9.605790434701951881e+02 8.890031852736392182e+00 1.980940579454098642e+08
4.600000000000000000e+01 8.000000000000000444e-01 4.000000000000000000e+09 2.511900000000000000e+07 2.514224249708160164e-01 1.200000000000000178e+00 3.459927054447010167e-17 1.883418470394894257e+03 3.154477158059983743e+00 3.955243958703988552e+09
4.700000000000000000e+01 3.400000000000000244e-01 5.088000000000000000e+08 1.000000000000000000e+07 1.000000000000000000e+00 3.500000000000000333e-01 1.522918288579839674e-17 1.136676272551210559e+03 0.000000000000000000e+00 5.917627434882277995e+07
4.800000000000000000e+01 4.879999999999999893e+00 1.139100030000000000e+09 1.000000000000000000e+07 1.000000000000000888e-02 1.200000000000000178e+00 9.096678090454077275e-19 1.079683894655798440e+03 3.359279846279203952e+01 5.328397272348617315e+08
4.900000000000000000e+01 2.500000000000000000e+00 5.088000000000000000e+08 1.000000000000000000e+07 9.469042655519807061e-01 4.500000000000000111e-01 1.623814116564439765e-18 2.809705986305072656e+03 7.191982037838423381e+00 3.872385467282244873e+10
5.000000000000000000e+01 2.620000000000000107e+00 5.088000000000000000e+08 1.000000000000000000e+07 9.701892829446502331e-01 0.000000000000000000e+00 4.784497283955098868e-19 2.024393145129419963e+03 2.456443907896293410e+00 2.411624557628495026e+10
5.100000000000000000e+01 1.620000000000000107e+00 5.088000000000000000e+08 5.000000000000000000e+07 9.736921945229898290e-01 1.500000000000000000e+00 3.872858927889146519e-18 1.429856887850250814e+03 2.264294557622824833e+00 4.945271224442913055e+10
5.200000000000000000e+01 2.540000000000000036e+00 5.088000000000000000e+08 2.511900000000000000e+07 9.941510680753888884e-01 4.000000000000000222e-01 6.692601632866709783e-20 8.876142073397592185e+02 2.084654420193231550e-01 1.596666174408603477e+10
5.300000000000000000e+01 3.300000000000000155e-01 5.088000000000000000e+08 1.000000000000000000e+07 1.000000000000000000e+00 5.000000000000000000e-01 1.248891705156326370e-17 1.028634183622005594e+03 0.000000000000000000e+00 4.492471187877035141e+07
5.400000000000000000e+01 6.800000000000000488e-01 5.088000000000000000e+08 1.000000000000000000e+07 6.788688785174088469e-01 0.000000000000000000e+00 5.125682241679183960e-19 8.590751051685351740e+02 4.370047748403300264e-02 2.827679063250700012e+07
5.500000000000000000e+01 2.540000000000000036e+00 5.088000000000000000e+08 1.000000000000000000e+07 9.524560062662843496e-01 1.200000000000000178e+00 1.192287978868327071e-17 1.133249143461459789e+04 5.551442408681462126e+01 3.356990356520731812e+11
5.600000000000000000e+01 1.409999999999999920e+00 1.139100030000000000e+09 1.000000000000000000e+07 9.870913234723223129e-01 1.500000000000000000e+00 1.006857529529529603e-18 8.942548218971490996e+02 7.498941986068764498e-01 3.328389125840328598e+10
5.700000000000000000e+01 2.109999999999999876e+00 5.088000000000000000e+08 1.000000000000000000e+07 1.000000000000000888e-02 9.000000000000000222e-01 8.225690117909891211e-18 1.838358888817956540e+03 2.107284334525433422e+01 2.748736312225627303e+08
5.800000000000000000e+01 4.049999999999999822e+00 5.088000000000000000e+08 5.000000000000000000e+07 8.781743261443593074e-01 4.000000000000000222e-01 3.150788356042059111e-19 2.557161310134581981e+03 3.290612782715383933e+00 1.412961061705588531e+10
5.900000000000000000e+01 2.530000000000000249e+00 5.088000000000000000e+08 5.000000000000000000e+07 9.798004827959798657e-01 0.000000000000000000e+00 3.347129018729122888e-19 2.361671757840432747e+03 7.878649629975366109e-01 2.253890947336569595e+10
6.000000000000000000e+01 1.340000000000000080e+00 5.088000000000000000e+08 5.000000000000000000e+07 8.362199171250624952e-01 1.500000000000000000e+00 4.885599206815582300e-17 6.761918372957919928e+03 1.593664897866647578e+01 4.870186733279946899e+10
6.100000000000000000e+01 4.350000000000000533e+00 1.139100030000000000e+09 1.000000000000000000e+07 1.000000000000000000e+00 1.000000000000000056e-01 4.837150649523914557e-16 4.881887313633814642e+02 0.000000000000000000e+00 7.188930423315285156e+12
6.200000000000000000e+01 3.099999999999999978e-01 5.088000000000000000e+08 5.000000000000000000e+07 4.851925397502274695e-01 9.500000000000000666e-01 1.150775149146008411e-17 6.254683617849026405e+02 5.988536067759474280e-02 3.622307014178320020e+07
6.300000000000000000e+01 1.660000000000000142e+00 1.700000000000000000e+09 5.000000000000000000e+07 9.524560062662843496e-01 1.250000000000000000e+00 5.017396899092844109e-18 1.159272694983424572e+03 3.163461935898145949e+00 1.279023022268160706e+11
6.400000000000000000e+01 1.370000000000000107e+00 5.088000000000000000e+08 1.000000000000000000e+07 9.909453928203675321e-01 1.500000000000000000e+00 6.798063278620985761e-19 2.063950354479079579e+03 4.635785247769610984e-01 1.529365486193852425e+10
6.500000000000000000e+01 4.660000000000000142e+00 1.139100030000000000e+09 1.000000000000000000e+07 1.000000000000000000e+00 3.000000000000000444e-01 1.596884676691264112e-15 1.296882977634337067e+03 0.000000000000000000e+00 2.954632975855852344e+13
6.600000000000000000e+01 2.419999999999999929e+00 5.088000000000000000e+08 5.000000000000000000e+07 9.663484167759833765e-01 4.000000000000000222e-01 1.332710957236832039e-18 1.991066023576418502e+03 2.727375346953215374e+00 4.624666171963353729e+10
6.700000000000000000e+01 4.520000000000000462e+00 5.088000000000000000e+08 2.511900000000000000e+07 9.663484167759833765e-01 0.000000000000000000e+00 5.352945275908554639e-20 7.885135012060360395e+02 1.036108562832308788e+00 1.342881817056010628e+10
6.800000000000000000e+01 1.060000000000000053e+00 1.700000000000000000e+09 2.511900000000000000e+07 9.848811356849042076e-01 8.500000000000000888e-01 2.652748039358229440e-18 1.989003999864967000e+03 5.560301208092331970e-01 5.587758875822159576e+10
6.900000000000000000e+01 1.719999999999999973e+00 4.000000000000000000e+09 2.511900000000000000e+07 1.000000000000000888e-02 1.200000000000000178e+00 3.928333093931083919e-14 1.770413175889114290e+07 3.613714124537327734e+04 2.243120102800783203e+12
7.000000000000000000e+01 1.630000000000000115e+00 5.088000000000000000e+08 1.000000000000000000e+07 1.000000000000000888e-02 1.050000000000000044e+00 8.637019561803900692e-14 1.584530439424786903e+07 1.005496488890020701e+05 1.311567056018474121e+12
7.100000000000000000e+01 5.799999999999999600e-01 5.088000000000000000e+08 5.000000000000000000e+07 9.524560062662843496e-01 0.000000000000000000e+00 1.992252458985077321e-19 9.434015183979962558e+02 5.281328666247272693e-03 6.255390323191433400e+07
7.200000000000000000e+01 4.450000000000000178e+00 5.088000000000000000e+08 1.000000000000000000e+07 9.663484167759833765e-01 1.500000000000000222e-01 9.442388575602761157e-20 1.101116274698819780e+03 2.599597595121908800e+00 2.252226872807365036e+10
7.300000000000000000e+01 3.689999999999999947e+00 1.700000000000000000e+09 5.000000000000000000e+07 9.990352180385682068e-01 0.000000000000000000e+00 5.524437933449312416e-20 3.960408215995390037e+03 4.292247748300919152e-01 8.959337152583919678e+11
7.400000000000000000e+01 4.870000000000000107e+00 5.088000000000000000e+08 1.000000000000000000e+07 9.524560062662843496e-01 1.500000000000000000e+00 1.769512432124865926e-19 4.751756106010420240e+02 6.492018623545300571e+00 3.925762407174253845e+10
7.500000000000000000e+01 4.750000000000000000e+00 1.139100030000000000e+09 1.000000000000000000e+07 1.000000000000000888e-02 1.050000000000000044e+00 3.542438664377754926e-19 1.512438268132003031e+03 1.200392451879169897e+01 1.904029482219334543e+08
7.600000000000000000e+01 6.400000000000000133e-01 5.088000000000000000e+08 2.511900000000000000e+07 9.575192539750227994e-01 3.000000000000000444e-01 3.516685367688771793e-19 1.116397658646281798e+03 1.687863269963424395e-02 1.718017198185451329e+08
7.700000000000000000e+01 4.270000000000000462e+00 5.088000000000000000e+08 1.000000000000000000e+07 9.941510680753888884e-01 5.000000000000000000e-01 4.675642024541465935e-19 1.159552605799386765e+04 1.128776437222626683e+01 5.782887393311655273e+11
7.800000000000000000e+01 4.160000000000000142e+00 5.088000000000000000e+08 1.000000000000000000e+07 9.268236228897329676e-01 0.000000000000000000e+00 1.552965399148966079e-19 2.895685830777669253e+03 3.450450931351368489e+00 1.320427633195759773e+10
7.900000000000000000e+01 4.799999999999999822e-01 5.088000000000000000e+08 5.000000000000000000e+07 7.080048279597983552e-01 5.000000000000000278e-02 1.071496954661135984e-18 9.189380886740232199e+02 1.768124465706814863e-02 2.612457160219141096e+07
8.000000000000000000e+01 1.770000000000000018e+00 1.139100030000000000e+09 2.511900000000000000e+07 1.000000000000000888e-02 8.500000000000000888e-01 8.573357363111950872e-18 1.354148817922253329e+03 8.620550105846684019e+00 2.920742077701192498e+08
8.100000000000000000e+01 1.090000000000000080e+00 1.139100030000000000e+09 5.000000000000000000e+07 7.080048279597983552e-01 1.400000000000000133e+00 1.080799327081860823e-17 6.406322468363978260e+02 1.884883030110833024e+00 5.275727503991675377e+09
8.200000000000000000e+01 2.040000000000000036e+00 1.139100030000000000e+09 1.000000000000000000e+07 1.000000000000000888e-02 1.300000000000000044e+00 6.364012215262625579e-18 1.173117941778354407e+03 1.489005969978485844e+01 2.361820304352441430e+08
8.300000000000000000e+01 8.499999999999999778e-01 5.088000000000000000e+08 1.000000000000000000e+07 1.000000000000000000e+00 5.500000000000000444e-01 6.260195375046120399e-18 8.421964353000461188e+02 0.000000000000000000e+00 3.069716232787313461e+08
8.400000000000000000e+01 5.700000000000000622e-01 5.088000000000000000e+08 5.000000000000000000e+07 8.897735565382587364e-01 1.000000000000000056e-01 1.013404933603864843e-18 1.093107513536948773e+03 2.686469027667840598e-02 1.290165894660158306e+08
8.500000000000000000e+01 2.169999999999999929e+00 5.088000000000000000e+08 1.000000000000000000e+07 9.891070386914596613e-01 0.000000000000000000e+00 1.647195499309558513e-19 9.920594337193379033e+02 4.676279494336892384e-01 1.280066934948952484e+10
8.600000000000000000e+01 9.400000000000000577e-01 5.088000000000000000e+08 2.511900000000000000e+07 7.080048279597983552e-01 4.500000000000000111e-01 1.573672500125807419e-18 1.225913651931834920e+03 2.305115596121491695e-01 2.575666315482954085e+08
8.700000000000000000e+01 1.929999999999999938e+00 5.088000000000000000e+08 5.000000000000000000e+07 8.515106807538886935e-01 7.000000000000000666e-01 5.909774926353437339e-19 5.704357629555779567e+02 5.952573603429345273e-01 2.039431207751804352e+09
8.800000000000000000e+01 2.629999999999999893e+00 2.000000000000000000e+09 5.000000000000000000e+07 9.968174326144358943e-01 3.500000000000000333e-01 1.037371173261699006e-19 8.349671436736178975e+02 2.759135823866314952e-01 2.053139338240483093e+11
8.900000000000000000e+01 5.600000000000000533e-01 5.088000000000000000e+08 1.000000000000000000e+07 7.588113568490419958e-01 0.000000000000000000e+00 3.352029789550882677e-19 5.926220414868784019e+02 1.652424820928520208e-02 1.583184706341489777e+07
9.000000000000000000e+01 1.929999999999999938e+00 2.000000000000000000e+09 2.511900000000000000e+07 5.734841677598339071e-01 8.500000000000000888e-01 1.472419319850933967e-17 5.008895766228428329e+03 1.938332560427798867e+01 4.785976683339268494e+10
9.100000000000000000e+01 2.510000000000000231e+00 5.088000000000000000e+08 1.000000000000000000e+07 9.870913234723223129e-01 0.000000000000000000e+00 1.267998660041896247e-19 1.074498211346423432e+03 5.687096808874544385e-01 1.311085054518246651e+10
9.200000000000000000e+01 1.090000000000000080e+00 2.000000000000000000e+09 1.000000000000000000e+07 1.000000000000000000e+00 7.500000000000000000e-01 2.616688788159537573e-17 5.158606849216071168e+03 0.000000000000000000e+00 1.084100531720088005e+10
9.300000000000000000e+01 1.110000000000000098e+00 1.700000000000000000e+09 5.000000000000000000e+07 7.809132347232226046e-01 1.450000000000000178e+00 4.679389954785982263e-17 2.865498007543422318e+03 8.619677430881083069e+00 6.236178893970345306e+10
9.400000000000000000e+01 2.520000000000000018e+00 1.700000000000000000e+09 1.000000000000000000e+07 1.000000000000000000e+00 0.000000000000000000e+00 4.469242041794530593e-17 2.899780671911009449e+03 0.000000000000000000e+00 2.094231651319748535e+11
9.500000000000000000e+01 1.030000000000000027e+00 2.000000000000000000e+09 5.000000000000000000e+07 8.194539282036752414e-01 1.500000000000000000e+00 5.541269198643662322e-17 3.537757427851610373e+03 8.154533338511594565e+00 8.833300571962899780e+10
9.600000000000000000e+01 1.700000000000000122e-01 1.139100030000000000e+09 1.000000000000000000e+07 1.000000000000000000e+00 1.500000000000000222e-01 1.427433863616597580e-17 1.414121608904588584e+03 0.000000000000000000e+00 1.931501276289603487e+07
9.700000000000000000e+01 4.650000000000000355e+00 1.139100030000000000e+09 5.000000000000000000e+07 9.990352180385682068e-01 1.200000000000000178e+00 5.535091827934332248e-19 7.371713180699246095e+02 8.971712930634399896e+00 1.053306205631917383e+13
9.800000000000000000e+01 1.989999999999999991e+00 5.088000000000000000e+08 5.000000000000000000e+07 9.187989160644089992e-01 7.000000000000000666e-01 1.126281418180353697e-18 8.058058542448796970e+02 1.248199052685308619e+00 8.377505216401113510e+09
9.900000000000000000e+01 1.890000000000000124e+00 2.000000000000000000e+09 2.511900000000000000e+07 7.588113568490419958e-01 7.500000000000000000e-01 9.668906031916103884e-18 4.157581603437893136e+03 1.192378040370229542e+01 6.848722748769380951e+10
1.000000000000000000e+02 6.600000000000000311e-01 5.088000000000000000e+08 5.000000000000000000e+07 9.187989160644089992e-01 0.000000000000000000e+00 4.204237407584531385e-19 9.517643772643268676e+02 1.684982884560356706e-02 1.130905593509519100e+08
1.010000000000000000e+02 3.400000000000000244e-01 5.088000000000000000e+08 1.000000000000000000e+07 1.000000000000000000e+00 1.500000000000000222e-01 1.746052049422145563e-17 1.545613945143329602e+03 0.000000000000000000e+00 6.784661782496698201e+07
1.020000000000000000e+02 1.090000000000000080e+00 1.139100030000000000e+09 5.000000000000000000e+07 9.003521803856815442e-01 1.500000000000000000e+00 1.649429014608424107e-17 2.193978039038851421e+03 2.876556897386349565e+00 2.961020498953152847e+10
1.030000000000000000e+02 2.319999999999999840e+00 5.088000000000000000e+08 2.511900000000000000e+07 8.362199171250624952e-01 1.500000000000000000e+00 6.301711649004276886e-17 7.557066782021634026e+03 1.456205200702727041e+02 3.385799226210765991e+11
1.040000000000000000e+02 2.649999999999999911e+00 5.088000000000000000e+08 1.000000000000000000e+07 9.909453928203675321e-01 1.500000000000000222e-01 6.368262112245115922e-20 7.142273068354456882e+02 3.389101001527791146e-01 1.118078992864342499e+10
1.050000000000000000e+02 5.200000000000000178e-01 5.088000000000000000e+08 1.000000000000000000e+07 7.809132347232226046e-01 8.000000000000000444e-01 3.459556564432612333e-18 9.717429471500028058e+02 1.388870893699012954e-01 1.505737205583079159e+08
1.060000000000000000e+02 2.609999999999999876e+00 5.088000000000000000e+08 5.000000000000000000e+07 9.824577129666183239e-01 3.500000000000000333e-01 4.798356955601443605e-19 1.441439684923145705e+03 1.245885891324909123e+00 4.114231505969537354e+10
1.070000000000000000e+02 2.510000000000000231e+00 5.088000000000000000e+08 1.000000000000000000e+07 9.941510680753888884e-01 0.000000000000000000e+00 2.240131730803634065e-20 7.182156206445507678e+02 1.004720779223143429e-01 5.147332045895502090e+09
1.080000000000000000e+02 3.750000000000000000e+00 1.700000000000000000e+09 5.000000000000000000e+07 1.000000000000000888e-02 8.000000000000000444e-01 2.051548315999397261e-19 5.781675110329459812e+02 1.677740339277034698e+00 1.180470769025122374e+08
1.090000000000000000e+02 4.600000000000000200e-01 5.088000000000000000e+08 5.000000000000000000e+07 1.000000000000000888e-02 1.350000000000000089e+00 3.482520165946633708e-17 1.179951812799534309e+03 5.119210185156323201e-01 2.864038633860938624e+07
1.100000000000000000e+02 2.439999999999999947e+00 5.088000000000000000e+08 1.000000000000000000e+07 9.824577129666183239e-01 2.500000000000000000e-01 3.036893144541698918e-19 1.261609002165451784e+03 1.246042340763700684e+00 2.104233381714474106e+10
1.110000000000000000e+02 2.510000000000000231e+00 5.088000000000000000e+08 5.000000000000000000e+07 9.870913234723223129e-01 0.000000000000000000e+00 2.274672240646829450e-19 1.331326013594685719e+03 5.222063225101525319e-01 2.353556063697200775e+10
1.120000000000000000e+02 2.040000000000000036e+00 1.139100030000000000e+09 1.000000000000000000e+07 5.734841677598339071e-01 9.000000000000000222e-01 3.852696533657394257e-18 1.176702767283562025e+03 9.014263243199229336e+00 7.123734079984783173e+09
1.130000000000000000e+02 4.600000000000000200e-01 5.088000000000000000e+08 1.000000000000000000e+07 1.000000000000000000e+00 2.500000000000000000e-01 9.380946151394520829e-18 6.688008732464716104e+02 0.000000000000000000e+00 8.118591640973362327e+07
1.140000000000000000e+02 2.260000000000000231e+00 5.088000000000000000e+08 1.000000000000000000e+07 8.515106807538886935e-01 1.100000000000000089e+00 4.435397458795727218e-18 1.530497137831329610e+03 1.430349665032289508e+01 2.486103375641748428e+10
1.150000000000000000e+02 4.299999999999999933e-01 5.088000000000000000e+08 1.000000000000000000e+07 1.000000000000000000e+00 6.000000000000000888e-01 9.003839278141831156e-18 8.405622966746173006e+02 0.000000000000000000e+00 6.497209452281092107e+07
1.160000000000000000e+02 4.299999999999999933e-01 5.088000000000000000e+08 1.000000000000000000e+07 1.000000000000000000e+00 6.500000000000000222e-01 3.256620975061752204e-17 1.449018370890307096e+03 0.000000000000000000e+00 2.349991812163351178e+08
1.170000000000000000e+02 2.459999999999999964e+00 2.000000000000000000e+09 5.000000000000000000e+07 9.941510680753888884e-01 1.400000000000000133e+00 1.691017806700731200e-18 2.023438212091052719e+03 3.643843908731405179e+00 1.471524512050188232e+12
1.180000000000000000e+02 1.949999999999999956e+00 2.000000000000000000e+09 1.000000000000000000e+07 1.782362288973291520e-01 1.200000000000000178e+00 6.345696186202842557e-18 1.386442691006723862e+03 1.289530437968973686e+01 3.529981050763718128e+09
1.190000000000000000e+02 2.620000000000000107e+00 5.088000000000000000e+08 5.000000000000000000e+07 9.909453928203675321e-01 3.000000000000000444e-01 1.066828263972647102e-19 9.054522747254026172e+02 2.803603050484541059e-01 1.807832752697383881e+10
1.200000000000000000e+02 3.900000000000000133e-01 5.088000000000000000e+08 5.000000000000000000e+07 8.654560229254073533e-01 3.500000000000000333e-01 9.648200594211819958e-19 1.074242689574190308e+03 9.118375908082206396e-03 3.498801710361362994e+07
1.210000000000000000e+02 3.800000000000000044e-01 5.088000000000000000e+08 1.000000000000000000e+07 8.654560229254073533e-01 0.000000000000000000e+00 1.816864256201092345e-18 2.675266102583717839e+03 3.132409956421770142e-02 6.103376959684671462e+07
1.220000000000000000e+02 2.530000000000000249e+00 5.088000000000000000e+08 5.000000000000000000e+07 9.736921945229898290e-01 1.500000000000000000e+00 6.201066345769247116e-19 7.390496586542635669e+02 1.459639852457728093e+00 3.187886901069738007e+10
1.230000000000000000e+02 4.450000000000000178e+00 5.088000000000000000e+08 2.511900000000000000e+07 9.768868878517409371e-01 0.000000000000000000e+00 1.069789283751463428e-19 2.077101831343676167e+03 1.970320715326439265e+00 3.756273108076560974e+10
1.240000000000000000e+02 3.080000000000000071e+00 2.000000000000000000e+09 1.000000000000000000e+07 1.000000000000000888e-02 9.000000000000000222e-01 1.707630721576235214e-18 2.670118273042900910e+03 1.461560504815832928e+01 3.256753812896548510e+08
1.250000000000000000e+02 2.399999999999999911e+00 1.139100030000000000e+09 5.000000000000000000e+07 9.990352180385682068e-01 2.000000000000000111e-01 6.515738341529096633e-20 2.383695692931046324e+03 1.299081350858722617e-01 1.525160756992065430e+11
1.260000000000000000e+02 4.100000000000000311e-01 5.088000000000000000e+08 1.000000000000000000e+07 9.736921945229898290e-01 5.000000000000000278e-02 1.535200928789919522e-19 9.537026989052403678e+02 3.236764318496615847e-03 3.613379298497310281e+07
1.270000000000000000e+02 1.939999999999999947e+00 5.088000000000000000e+08 1.000000000000000000e+07 7.080048279597983552e-01 8.500000000000000888e-01 6.828584130113416667e-18 1.902989112595390452e+03 1.365573972761150578e+01 1.011475232156564331e+10
1.280000000000000000e+02 1.110000000000000098e+00 2.000000000000000000e+09 5.000000000000000000e+07 9.469042655519807061e-01 1.250000000000000000e+00 7.594781007491304205e-18 2.056648677067656990e+03 1.398997798330555931e+00 5.934086280023648071e+10
1.290000000000000000e+02 8.000000000000000444e-01 4.000000000000000000e+09 1.000000000000000000e+07 9.768868878517409371e-01 0.000000000000000000e+00 7.024421084374089784e-20 6.028286890686101742e+02 9.573187382959832611e-03 9.903500939685227871e+08
1.300000000000000000e+02 3.200000000000000178e+00 2.000000000000000000e+09 5.000000000000000000e+07 9.736921945229898290e-01 6.500000000000000222e-01 1.250508446736282414e-18 1.256187000864085121e+03 6.183350891305282815e+00 5.439838432117791138e+11
1.310000000000000000e+02 1.520000000000000018e+00 5.088000000000000000e+08 5.000000000000000000e+07 8.897735565382587364e-01 1.500000000000000000e+00 1.852587474224760251e-17 1.501813438095593710e+03 8.897250052101330908e+00 4.272868384211175537e+10
1.320000000000000000e+02 3.000000000000000000e+00 5.088000000000000000e+08 5.000000000000000000e+07 9.968174326144358943e-01 0.000000000000000000e+00 1.134507466724900721e-19 3.290775253378343677e+03 4.573129113310159810e-01 8.435172237428981018e+10
1.330000000000000000e+02 1.630000000000000115e+00 4.000000000000000000e+09 1.000000000000000000e+07 1.000000000000000888e-02 1.250000000000000000e+00 2.911795517422984103e-14 1.034948743841237202e+07 3.389826951512681990e+04 1.176987838759065918e+12
1.340000000000000000e+02 2.099999999999999922e-01 4.000000000000000000e+09 1.000000000000000000e+07 1.000000000000000000e+00 2.500000000000000000e-01 2.024865318170683468e-14 1.073336066001953371e+07 0.000000000000000000e+00 1.913486646424016418e+11
1.350000000000000000e+02 2.459999999999999964e+00 1.700000000000000000e+09 1.000000000000000000e+07 9.979773556538258372e-01 0.000000000000000000e+00 5.436490508442201375e-20 9.546056062295057245e+02 2.288646653441165912e-01 1.165115509199622040e+11
1.360000000000000000e+02 2.470000000000000195e+00 1.139100030000000000e+09 1.000000000000000000e+07 9.870913234723223129e-01 0.000000000000000000e+00 1.302262682400403153e-19 8.739598507202840665e+02 5.552699626280551692e-01 2.464553678306103897e+10
1.370000000000000000e+02 2.569999999999999840e+00 5.088000000000000000e+08 1.000000000000000000e+07 9.701892829446502331e-01 0.000000000000000000e+00 6.134242532037280834e-19 4.783640423381716573e+03 2.963828669171542529e+00 2.909751767667569351e+10
1.380000000000000000e+02 4.850000000000000533e+00 1.139100030000000000e+09 5.000000000000000000e+07 1.000000000000000888e-02 9.000000000000000222e-01 1.747335068455058455e-18 6.950197172731878527e+04 3.238634705193460661e+01 1.990199496800564766e+09
1.390000000000000000e+02 2.049999999999999822e+00 5.088000000000000000e+08 1.000000000000000000e+07 1.000000000000000888e-02 5.000000000000000000e-01 3.707102589073181053e-18 2.918796927820686960e+03 8.673612965755246762e+00 1.131383863418300301e+08
1.400000000000000000e+02 1.239999999999999991e+00 1.139100030000000000e+09 5.000000000000000000e+07 8.897735565382587364e-01 0.000000000000000000e+00 4.837407837509498891e-19 1.155538546467334982e+03 1.245767539769863097e-01 1.146320749447741747e+09
1.410000000000000000e+02 2.669999999999999929e+00 5.088000000000000000e+08 1.000000000000000000e+07 9.955456022925407433e-01 8.500000000000000888e-01 1.114557780404277918e-19 1.078780328444012412e+03 6.073882612340070208e-01 4.091468799090257263e+10
1.420000000000000000e+02 4.270000000000000462e+00 1.139100030000000000e+09 5.000000000000000000e+07 9.955456022925407433e-01 1.000000000000000000e+00 3.919757964448638742e-19 2.458011734722131678e+03 4.843701869456396913e+00 1.227564772105200684e+12
1.430000000000000000e+02 4.230000000000000426e+00 5.088000000000000000e+08 1.000000000000000000e+07 9.848811356849042076e-01 5.000000000000000278e-02 7.113887603695730394e-20 7.156684092657017118e+02 1.666752427958204441e+00 3.273656622944430542e+10
1.440000000000000000e+02 5.799999999999999600e-01 5.088000000000000000e+08 1.000000000000000000e+07 1.000000000000000000e+00 5.500000000000000444e-01 5.399876445385438493e-18 7.094433912628145436e+02 0.000000000000000000e+00 8.427667239854086936e+07
1.450000000000000000e+02 2.149999999999999911e+00 5.088000000000000000e+08 1.000000000000000000e+07 1.000000000000000888e-02 1.350000000000000089e+00 3.744908366481605883e-17 1.461904691880230894e+04 1.032750330307108158e+02 1.347116897263632298e+09
1.460000000000000000e+02 3.599999999999999867e-01 5.088000000000000000e+08 1.000000000000000000e+07 9.524560062662843496e-01 0.000000000000000000e+00 3.373355322187203394e-19 1.311289709508782153e+03 5.046980140974788656e-03 3.051939012518389151e+07
1.470000000000000000e+02 4.290000000000000036e+00 1.139100030000000000e+09 5.000000000000000000e+07 1.000000000000000888e-02 1.500000000000000000e+00 8.261561727044721974e-19 1.054639996058434463e+03 1.036182998294643909e+01 6.367531597473306656e+08
1.480000000000000000e+02 4.299999999999999933e-01 5.088000000000000000e+08 1.000000000000000000e+07 8.515106807538886935e-01 1.500000000000000000e+00 6.252148818727979223e-18 1.413409530563830913e+03 1.497104913936786186e-01 2.602131262878347039e+08
1.490000000000000000e+02 1.890000000000000124e+00 5.088000000000000000e+08 1.000000000000000000e+07 9.003521803856815442e-01 1.350000000000000089e+00 7.048174510652444969e-18 1.511759985209488150e+03 1.299268339883784051e+01 3.550681922301855469e+10
1.500000000000000000e+02 2.430000000000000160e+00 2.000000000000000000e+09 5.000000000000000000e+07 9.891070386914596613e-01 1.500000000000000222e-01 1.677858327391248517e-19 7.048271519330924093e+02 3.478550807275405665e-01 7.505411024362532043e+10
1.510000000000000000e+02 5.799999999999999600e-01 1.139100030000000000e+09 5.000000000000000000e+07 9.621369907677361777e-01 0.000000000000000000e+00 7.685744471154732465e-20 6.518713380456136974e+02 2.037439703682906045e-03 5.879884480738848448e+07
1.520000000000000000e+02 3.300000000000000155e-01 5.088000000000000000e+08 1.000000000000000000e+07 9.798004827959798657e-01 2.000000000000000111e-01 7.064340177628646034e-19 2.417596226651512097e+03 8.432491635776553224e-03 1.233462037680973113e+08
1.530000000000000000e+02 2.609999999999999876e+00 1.139100030000000000e+09 1.000000000000000000e+07 9.736921945229898290e-01 4.500000000000000111e-01 2.855771133019292441e-19 6.242345410917480422e+02 1.448630561209297340e+00 3.112844962708275223e+10
1.540000000000000000e+02 5.600000000000000533e-01 5.088000000000000000e+08 5.000000000000000000e+07 5.313699076773616969e-01 1.500000000000000222e-01 3.307420837199123787e-18 1.064127555895236128e+03 8.345546282249985404e-02 5.988445715711258352e+07
1.550000000000000000e+02 2.490000000000000213e+00 5.088000000000000000e+08 5.000000000000000000e+07 8.654560229254073533e-01 0.000000000000000000e+00 5.491211753740473103e-19 1.004771312410275414e+03 1.229280990004541385e+00 4.716860188370095253e+09
1.560000000000000000e+02 4.830000000000000071e+00 5.088000000000000000e+08 5.000000000000000000e+07 9.891070386914596613e-01 4.500000000000000111e-01 7.299995837600191828e-20 6.348627634813376517e+02 1.335344095668431708e+00 7.145313000191465759e+10
1.570000000000000000e+02 5.799999999999999600e-01 5.088000000000000000e+08 1.000000000000000000e+07 8.515106807538886935e-01 7.000000000000000666e-01 2.502383133169015038e-18 1.239771383187885021e+03 1.295988525349016651e-01 2.252569093019940853e+08
1.580000000000000000e+02 2.660000000000000142e+00 5.088000000000000000e+08 2.511900000000000000e+07 9.990352180385682068e-01 4.500000000000000111e-01 9.961962973172936474e-21 8.662245701794460047e+02 3.589074399303567725e-02 1.674245933953263664e+10
1.590000000000000000e+02 2.620000000000000107e+00 5.088000000000000000e+08 1.000000000000000000e+07 9.870913234723223129e-01 0.000000000000000000e+00 7.674483483710360537e-20 8.887535191092699733e+02 3.940212958847602587e-01 9.083640556114492416e+09
1.600000000000000000e+02 3.680000000000000160e+00 5.088000000000000000e+08 1.000000000000000000e+07 9.408169029081063783e-01 1.500000000000000000e+00 4.328522009227937972e-19 9.118861424529592341e+02 6.513921128667163885e+00 3.127027834371450806e+10
1.610000000000000000e+02 1.000000000000000000e+00 5.088000000000000000e+08 1.000000000000000000e+07 1.000000000000000000e+00 3.000000000000000444e-01 9.160954867273993646e-18 1.193626261972763132e+03 0.000000000000000000e+00 7.266170837383673191e+08
1.620000000000000000e+02 2.879999999999999893e+00 2.000000000000000000e+09 5.000000000000000000e+07 1.000000000000000888e-02 7.000000000000000666e-01 2.802025089465466685e-18 1.643620552861273381e+03 9.926985503588403148e+00 7.345594666146688461e+08
1.630000000000000000e+02 2.899999999999999800e-01 1.700000000000000000e+09 1.000000000000000000e+07 8.362199171250624952e-01 0.000000000000000000e+00 1.040072239045789287e-18 1.112281420172153958e+03 8.167949479952077083e-03 4.310986250590407848e+07
1.640000000000000000e+02 4.360000000000000320e+00 1.139100030000000000e+09 5.000000000000000000e+07 1.000000000000000888e-02 2.500000000000000000e-01 8.196509589934993508e-19 6.181242169821359312e+03 1.082349439529060575e+01 6.651232713769226074e+08
1.650000000000000000e+02 2.609999999999999876e+00 2.000000000000000000e+09 1.000000000000000000e+07 9.870913234723223129e-01 7.000000000000000666e-01 1.723006412258314886e-19 5.476639522664747801e+02 8.740195308711802280e-01 8.127801237049467468e+10
1.660000000000000000e+02 2.800000000000000266e-01 2.000000000000000000e+09 2.511900000000000000e+07 8.010703869145960887e-01 1.100000000000000089e+00 1.108652655852407337e-17 2.158808722156385556e+03 5.824510900182437723e-02 4.277930608078421354e+08
1.670000000000000000e+02 2.959999999999999964e+00 5.088000000000000000e+08 2.511900000000000000e+07 9.968174326144358943e-01 9.500000000000000666e-01 6.679411368214664058e-19 7.972833145059457820e+03 3.372622705173704993e+00 4.759319606554142456e+11
1.680000000000000000e+02 2.379999999999999893e+00 5.088000000000000000e+08 5.000000000000000000e+07 8.654560229254073533e-01 3.500000000000000333e-01 1.275980099042400243e-18 7.145638563831389547e+02 2.445341759121146374e+00 9.382993216640254974e+09
1.690000000000000000e+02 7.099999999999999645e-01 5.088000000000000000e+08 5.000000000000000000e+07 9.469042655519807061e-01 0.000000000000000000e+00 1.835033690444585956e-19 9.613938994593610232e+02 9.062598295332289708e-03 9.560644060600043833e+07
1.700000000000000000e+02 2.700000000000000178e-01 4.000000000000000000e+09 1.000000000000000000e+07 6.788688785174088469e-01 2.000000000000000111e-01 8.883327968474689775e-18 5.965346850651013483e+03 6.367345893440236326e-02 3.300691245586334467e+08
1.710000000000000000e+02 3.339999999999999858e+00 1.139100030000000000e+09 5.000000000000000000e+07 9.926219917125062020e-01 0.000000000000000000e+00 8.441107049520559257e-20 1.675636120019927375e+03 4.780466035854130658e-01 7.294012211630165100e+10
1.720000000000000000e+02 3.629999999999999893e+00 5.088000000000000000e+08 5.000000000000000000e+07 9.621369907677361777e-01 0.000000000000000000e+00 1.092499060132992509e-19 6.096667437267029754e+02 8.057718750155988818e-01 1.209505008749280930e+10
1.730000000000000000e+02 5.899999999999999689e-01 5.088000000000000000e+08 5.000000000000000000e+07 2.514224249708160164e-01 1.500000000000000000e+00 9.690587880545595620e-17 4.099509803154825022e+03 2.696872316517828772e+00 6.681199564135849476e+08
1.740000000000000000e+02 7.600000000000000089e-01 5.088000000000000000e+08 5.000000000000000000e+07 6.788688785174088469e-01 5.500000000000000444e-01 1.368510353430839769e-17 5.503806341269137192e+03 8.224738829069805357e-01 1.064771011880544543e+09
1.750000000000000000e+02 1.489999999999999991e+00 5.088000000000000000e+08 1.000000000000000000e+07 9.798004827959798657e-01 1.150000000000000133e+00 8.215208532498608249e-19 1.779312150241443760e+03 7.249100052622320378e-01 1.060361528771009827e+10
1.760000000000000000e+02 2.629999999999999893e+00 5.088000000000000000e+08 2.511900000000000000e+07 9.824577129666183239e-01 0.000000000000000000e+00 2.655597510186967739e-19 1.464344688514064046e+03 9.231326424511278050e-01 2.331233311803152084e+10
1.770000000000000000e+02 2.479999999999999982e+00 5.088000000000000000e+08 5.000000000000000000e+07 9.100000000000000311e-01 0.000000000000000000e+00 9.724180924323468136e-19 1.602693769484606037e+03 2.149482076322720481e+00 1.290297948780143738e+10
1.780000000000000000e+02 1.739999999999999991e+00 1.700000000000000000e+09 2.511900000000000000e+07 5.734841677598339071e-01 7.500000000000000000e-01 4.025542998227193501e-18 1.347044278913938570e+03 3.838414013391833191e+00 8.056254832120337486e+09
1.790000000000000000e+02 6.300000000000000044e-01 5.088000000000000000e+08 5.000000000000000000e+07 5.734841677598339071e-01 8.000000000000000444e-01 5.531558392843316460e-18 1.335933346581172373e+03 1.942745949805834704e-01 1.635033488071165681e+08
1.800000000000000000e+02 3.390000000000000124e+00 2.000000000000000000e+09 5.000000000000000000e+07 9.926219917125062020e-01 9.500000000000000666e-01 1.458883321870656590e-18 1.087490162327185089e+03 8.660697740312656379e+00 2.768494829098763672e+12
1.810000000000000000e+02 2.680000000000000160e+00 5.088000000000000000e+08 1.000000000000000000e+07 9.909453928203675321e-01 0.000000000000000000e+00 6.657861404354182974e-20 2.263599572342055126e+03 3.671305627672815097e-01 1.211179512453356552e+10
1.820000000000000000e+02 4.070000000000000284e+00 1.700000000000000000e+09 1.000000000000000000e+07 1.000000000000000888e-02 0.000000000000000000e+00 4.673215757992092225e-20 6.113592409863422290e+02 9.685542867070241480e-01 1.977968269336885586e+07
1.830000000000000000e+02 2.490000000000000213e+00 1.139100030000000000e+09 2.511900000000000000e+07 9.848811356849042076e-01 6.000000000000000888e-01 2.028124978980298554e-19 7.061393099105246165e+02 5.933905681857308823e-01 3.354629036839661789e+10
1.840000000000000000e+02 4.199999999999999845e-01 5.088000000000000000e+08 1.000000000000000000e+07 9.100000000000000311e-01 0.000000000000000000e+00 1.785735564396975255e-18 3.194972075561026486e+03 4.014969295501328445e-02 1.227383530795512348e+08
1.850000000000000000e+02 2.729999999999999982e+00 2.000000000000000000e+09 5.000000000000000000e+07 9.990352180385682068e-01 1.000000000000000000e+00 8.631506428187973394e-19 9.389744661650782291e+03 2.582604007532285362e+00 6.353256891309699219e+12
1.860000000000000000e+02 2.709999999999999964e+00 5.088000000000000000e+08 1.000000000000000000e+07 9.955456022925407433e-01 1.000000000000000056e-01 1.489629025283526724e-20 5.959649017560824404e+02 8.507833041152128295e-02 5.731018469968769073e+09
1.870000000000000000e+02 1.910000000000000142e+00 1.139100030000000000e+09 1.000000000000000000e+07 1.000000000000000888e-02 6.500000000000000222e-01 7.142102859559490553e-18 1.866357505847806578e+03 1.360502508150106316e+01 2.157991648561201990e+08
1.880000000000000000e+02 4.299999999999999933e-01 1.139100030000000000e+09 1.000000000000000000e+07 1.782362288973291520e-01 6.000000000000000888e-01 2.579025601747377799e-17 1.575238785977884390e+03 6.175591806098954528e-01 8.390550848103059828e+07
1.890000000000000000e+02 2.629999999999999893e+00 1.139100030000000000e+09 1.000000000000000000e+07 9.926219917125062020e-01 5.000000000000000278e-02 1.687449911267712068e-19 1.914800667171118903e+03 8.768359015975029092e-01 6.846668894995298004e+10
1.900000000000000000e+02 2.510000000000000231e+00 5.088000000000000000e+08 1.000000000000000000e+07 1.000000000000000000e+00 0.000000000000000000e+00 3.510771727265666728e-18 1.196614335514046161e+03 0.000000000000000000e+00 4.745157404033026695e+09
1.910000000000000000e+02 2.510000000000000231e+00 2.000000000000000000e+09 5.000000000000000000e+07 8.515106807538886935e-01 7.500000000000000000e-01 2.781752197696124113e-18 1.404827419287288649e+03 6.386188565260506600e+00 8.731841074604859924e+10
1.920000000000000000e+02 4.799999999999999822e-01 5.088000000000000000e+08 1.000000000000000000e+07 1.000000000000000888e-02 1.200000000000000178e+00 6.566538525053510678e-17 2.115507934155401927e+03 2.116932047415992280e+00 2.761320764317699149e+07
1.930000000000000000e+02 2.410000000000000142e+00 5.088000000000000000e+08 1.000000000000000000e+07 8.362199171250624952e-01 5.000000000000000000e-01 2.283667077859810178e-18 1.786161860643234604e+03 9.012256383934257542e+00 1.395669623922979164e+10
1.940000000000000000e+02 4.270000000000000462e+00 5.088000000000000000e+08 5.000000000000000000e+07 9.408169029081063783e-01 4.500000000000000111e-01 1.782908227258270943e-19 2.360724459413563181e+03 2.203165601490095771e+00 2.072971375082266617e+10
1.950000000000000000e+02 2.520000000000000018e+00 5.088000000000000000e+08 1.000000000000000000e+07 1.000000000000000000e+00 0.000000000000000000e+00 1.182353991845164801e-17 3.372455990102102533e+03 0.000000000000000000e+00 1.618206817715853500e+10
1.960000000000000000e+02 1.729999999999999982e+00 4.000000000000000000e+09 2.511900000000000000e+07 4.851925397502274695e-01 1.500000000000000000e+00 3.053085939332195957e-17 1.704598606980119484e+03 2.859544256774333704e+01 9.931354822029901123e+10
1.970000000000000000e+02 4.700000000000000289e-01 5.088000000000000000e+08 1.000000000000000000e+07 7.588113568490419958e-01 0.000000000000000000e+00 1.368635796130976486e-18 1.242248977965641870e+03 4.166587518684305297e-02 3.991998639615977556e+07
1.980000000000000000e+02 4.940000000000000391e+00 1.139100030000000000e+09 5.000000000000000000e+07 1.000000000000000888e-02 5.500000000000000444e-01 6.654045242046584996e-20 6.423975378283066675e+02 1.307686260635441577e+00 8.035968161880743504e+07
1.990000000000000000e+02 2.100000000000000089e+00 2.000000000000000000e+09 1.000000000000000000e+07 9.891070386914596613e-01 5.000000000000000278e-02 2.032523194423271444e-19 1.406870461412181612e+03 5.206984734134463277e-01 5.749797948215624237e+10
2.000000000000000000e+02 1.100000000000000089e+00 1.700000000000000000e+09 5.000000000000000000e+07 9.701892829446502331e-01 0.000000000000000000e+00 1.131902606749113999e-18 2.035910864532070491e+03 2.028985412643755371e-01 1.332057373867294502e+10
2.010000000000000000e+02 5.000000000000000000e-01 5.088000000000000000e+08 5.000000000000000000e+07 7.588113568490419958e-01 7.500000000000000000e-01 2.785057129026159101e-18 9.710317879608803651e+02 5.138170688579388884e-02 9.774131154165409505e+07
2.020000000000000000e+02 2.300000000000000266e+00 5.088000000000000000e+08 1.000000000000000000e+07 9.798916064409035620e-02 9.000000000000000222e-01 4.256734909996555625e-18 2.000845061156375550e+03 1.450469143554724560e+01 6.198909418606308699e+08
2.030000000000000000e+02 5.999999999999999778e-01 5.088000000000000000e+08 1.000000000000000000e+07 9.701892829446502331e-01 1.000000000000000056e-01 3.949497110160153968e-19 1.786457337165247964e+03 2.361546817581040500e-02 2.318458923877978027e+08
2.040000000000000000e+02 5.300000000000000266e-01 5.088000000000000000e+08 5.000000000000000000e+07 7.345771296661833816e-01 0.000000000000000000e+00 1.305242266977935832e-18 1.077176745559464052e+03 2.826936813861976802e-02 4.747516135161281377e+07
2.050000000000000000e+02 1.189999999999999947e+00 5.088000000000000000e+08 5.000000000000000000e+07 5.313699076773616969e-01 6.000000000000000888e-01 1.322410797591048938e-17 3.436515385166647320e+03 2.929952751155266100e+00 2.102422346780365467e+09
2.060000000000000000e+02 5.700000000000000622e-01 2.000000000000000000e+09 1.000000000000000000e+07 1.000000000000000888e-02 1.000000000000000000e+00 1.964638965339291701e-17 1.326283575410895764e+03 1.017489896644582004e+00 2.267243873628418893e+07
2.070000000000000000e+02 2.600000000000000089e+00 5.088000000000000000e+08 5.000000000000000000e+07 9.268236228897329676e-01 0.000000000000000000e+00 3.234420808017902699e-19 9.802547089191474470e+02 8.297101386482075291e-01 6.228445678996652603e+09
2.080000000000000000e+02 2.459999999999999964e+00 5.088000000000000000e+08 1.000000000000000000e+07 9.408169029081063783e-01 0.000000000000000000e+00 1.853617979664533010e-19 1.024764680633571288e+03 7.803336691804896308e-01 3.746015733727310181e+09
2.090000000000000000e+02 2.870000000000000107e+00 1.139100030000000000e+09 5.000000000000000000e+07 9.870913234723223129e-01 1.500000000000000000e+00 3.319588572636745862e-18 2.105655028052383841e+03 1.163202598731583315e+01 1.008998545309346680e+12
2.100000000000000000e+02 1.600000000000000089e+00 2.000000000000000000e+09 5.000000000000000000e+07 8.194539282036752414e-01 1.500000000000000222e-01 4.209835932380427592e-14 1.608194965229334831e+08 2.368574458677928124e+04 2.565729913907655312e+14
2.110000000000000000e+02 1.630000000000000115e+00 5.088000000000000000e+08 1.000000000000000000e+07 1.000000000000000888e-02 8.500000000000000888e-01 2.338269695842221908e-14 1.717253568373293430e+07 2.722145008962145948e+04 3.550759008021135254e+11
2.120000000000000000e+02 2.510000000000000231e+00 5.088000000000000000e+08 2.511900000000000000e+07 9.701892829446502331e-01 4.500000000000000111e-01 7.300205161406678298e-19 1.275353047526552473e+03 2.190389325570938794e+00 3.216700498966304779e+10
2.130000000000000000e+02 6.300000000000000044e-01 5.088000000000000000e+08 1.000000000000000000e+07 1.000000000000000000e+00 0.000000000000000000e+00 9.769139876785718650e-18 1.541640699122652586e+04 0.000000000000000000e+00 2.019991638996080756e+08
2.140000000000000000e+02 2.540000000000000036e+00 5.088000000000000000e+08 5.000000000000000000e+07 9.768868878517409371e-01 4.500000000000000111e-01 5.016415842127485541e-19 1.240918361433264181e+03 1.195555318279368562e+00 2.980931828580080795e+10
2.150000000000000000e+02 2.189999999999999947e+00 5.088000000000000000e+08 1.000000000000000000e+07 1.000000000000000888e-02 1.100000000000000089e+00 2.387394129793270888e-16 2.048678369474016654e+04 6.975401666421935261e+02 9.098696145895786285e+09
2.160000000000000000e+02 2.339999999999999858e+00 5.088000000000000000e+08 5.000000000000000000e+07 9.268236228897329676e-01 4.000000000000000222e-01 6.680939772586331547e-19 8.805715826785008176e+02 1.213668859665649968e+00 9.110736644767454147e+09
2.170000000000000000e+02 2.999999999999999889e-02 1.139100030000000000e+09 5.000000000000000000e+07 8.897735565382587364e-01 1.500000000000000000e+00 1.842750045607104378e-17 4.087813263286842812e+03 4.981552574118704819e-04 4.583886558187252842e+06
2.180000000000000000e+02 1.880000000000000115e+00 1.139100030000000000e+09 1.000000000000000000e+07 1.000000000000000888e-02 8.500000000000000888e-01 1.192911512871716081e-17 2.284859396176778773e+03 2.162971557804073086e+01 3.430845977758102417e+08
2.190000000000000000e+02 2.250000000000000000e+00 1.139100030000000000e+09 5.000000000000000000e+07 9.575192539750227994e-01 2.000000000000000111e-01 1.660179640678829434e-18 3.435706607032165721e+03 2.702537943149346589e+00 6.919667906141607666e+10
2.200000000000000000e+02 1.530000000000000027e+00 5.088000000000000000e+08 5.000000000000000000e+07 9.408169029081063783e-01 1.500000000000000000e+00 1.118200326891842818e-17 2.026884070967640582e+03 5.479912179260396421e+00 5.156081357610353851e+10
2.210000000000000000e+02 3.370000000000000107e+00 2.000000000000000000e+09 5.000000000000000000e+07 1.000000000000000888e-02 0.000000000000000000e+00 4.422763923798646141e-20 5.888898491761734704e+02 2.576779694882751492e-01 1.906719736391652375e+07
2.220000000000000000e+02 1.939999999999999947e+00 2.000000000000000000e+09 1.000000000000000000e+07 1.000000000000000888e-02 9.000000000000000222e-01 5.619070531278194848e-18 1.446995737625744596e+03 1.123696555891334903e+01 2.503901159671086967e+08
2.230000000000000000e+02 4.799999999999999822e-01 5.088000000000000000e+08 5.000000000000000000e+07 8.781743261443593074e-01 5.500000000000000444e-01 2.029563414531349473e-18 1.349653288777673424e+03 3.349072260379145488e-02 1.438063062785880268e+08
2.240000000000000000e+02 4.899999999999999911e-01 5.088000000000000000e+08 1.000000000000000000e+07 1.000000000000000000e+00 6.500000000000000222e-01 8.156228684222345354e-17 4.708138581588464149e+03 0.000000000000000000e+00 8.382509723546600342e+08
2.250000000000000000e+02 5.999999999999999778e-01 5.088000000000000000e+08 1.000000000000000000e+07 5.313699076773616969e-01 1.300000000000000044e+00 9.381889630269237395e-17 7.362377231421978649e+03 5.609770302721010182e+00 1.972947427505191803e+09
2.260000000000000000e+02 1.169999999999999929e+00 5.088000000000000000e+08 1.000000000000000000e+07 8.897735565382587364e-01 4.500000000000000111e-01 3.980726001465857974e-18 4.427479497070286016e+03 1.636243222212018456e+00 3.996680379877206326e+09
2.270000000000000000e+02 4.899999999999999911e-01 5.088000000000000000e+08 1.000000000000000000e+07 9.768868878517409371e-01 0.000000000000000000e+00 1.611584043282364621e-19 6.430749106253223317e+02 5.496186057634622028e-03 7.005906312199948728e+07
2.280000000000000000e+02 1.150000000000000133e+00 4.000000000000000000e+09 5.000000000000000000e+07 9.100000000000000311e-01 1.500000000000000000e+00 2.999348217203007099e-17 2.524451803579238458e+03 6.147545373925968448e+00 2.975105934685653076e+11
2.290000000000000000e+02 4.299999999999999933e-01 5.088000000000000000e+08 5.000000000000000000e+07 6.118928294465026951e-01 0.000000000000000000e+00 8.868822715130421878e-19 7.293616017001666023e+02 1.087027106662655750e-02 1.063345867448305525e+07
2.300000000000000000e+02 5.200000000000000178e-01 5.088000000000000000e+08 5.000000000000000000e+07 9.524560062662843496e-01 2.000000000000000111e-01 3.361824966055746292e-19 1.214179366311381727e+03 6.908249437746353909e-03 8.182372166922423244e+07
2.310000000000000000e+02 4.600000000000000200e-01 5.088000000000000000e+08 1.000000000000000000e+07 8.654560229254073533e-01 7.000000000000000666e-01 3.851028929111504843e-18 1.499746277463042361e+03 1.105947804694293879e-01 2.154895573597176373e+08
2.320000000000000000e+02 1.199999999999999956e+00 5.088000000000000000e+08 2.511900000000000000e+07 7.345771296661833816e-01 3.000000000000000444e-01 7.128965424908248250e-19 5.928391343297050753e+02 2.172169499985270313e-01 2.762599483067477942e+08
2.330000000000000000e+02 5.799999999999999600e-01 5.088000000000000000e+08 1.000000000000000000e+07 1.000000000000000000e+00 5.500000000000000444e-01 1.098084118369086492e-17 1.003043167494069962e+03 0.000000000000000000e+00 1.713796166371848285e+08
2.340000000000000000e+02 2.450000000000000178e+00 5.088000000000000000e+08 1.000000000000000000e+07 9.926219917125062020e-01 0.000000000000000000e+00 1.953077440019939962e-19 1.517210546147906598e+03 8.117311293849349685e-01 3.291851722987969208e+10
2.350000000000000000e+02 4.100000000000000311e-01 5.088000000000000000e+08 1.000000000000000000e+07 8.010703869145960887e-01 5.000000000000000278e-02 1.498744589207408908e-18 9.864437204739813296e+02 3.159901038302617704e-02 3.866206583321530372e+07
2.360000000000000000e+02 2.560000000000000053e+00 2.000000000000000000e+09 2.511900000000000000e+07 9.968174326144358943e-01 2.000000000000000111e-01 6.193103097541631807e-20 7.136855472307067885e+02 1.977331094308578952e-01 1.125775434894669189e+11
2.370000000000000000e+02 9.899999999999999911e-01 1.700000000000000000e+09 2.511900000000000000e+07 8.781743261443593074e-01 0.000000000000000000e+00 2.054422954200776523e-18 3.228526179737489201e+03 3.510573353884522407e-01 3.911706194481397152e+09
2.380000000000000000e+02 2.939999999999999947e+00 5.088000000000000000e+08 1.000000000000000000e+07 1.000000000000000000e+00 0.000000000000000000e+00 5.602783872241405730e-18 7.137121126352413967e+02 0.000000000000000000e+00 1.247337313105359268e+10
2.390000000000000000e+02 2.709999999999999964e+00 5.088000000000000000e+08 5.000000000000000000e+07 9.909453928203675321e-01 4.000000000000000222e-01 8.741101966004731882e-20 9.463484723396445588e+02 2.555397647244445625e-01 1.647783755284444427e+10
2.400000000000000000e+02 6.300000000000000044e-01 1.139100030000000000e+09 5.000000000000000000e+07 9.187989160644089992e-01 1.500000000000000000e+00 2.618463951526111517e-18 9.880289598175386345e+02 9.196341926212811546e-02 1.184328954974307060e+09
2.410000000000000000e+02 7.900000000000000355e-01 5.088000000000000000e+08 5.000000000000000000e+07 9.768868878517409371e-01 3.500000000000000333e-01 1.398731237724751087e-19 9.719236684610999646e+02 9.406407537220724813e-03 2.345341883523342013e+08
2.420000000000000000e+02 5.200000000000000178e-01 5.088000000000000000e+08 2.511900000000000000e+07 9.003521803856815442e-01 6.000000000000000888e-01 1.030710483429261886e-18 1.022989246352895975e+03 2.768168717309695687e-02 1.133629143876025826e+08
2.430000000000000000e+02 2.800000000000000266e-01 5.088000000000000000e+08 1.000000000000000000e+07 1.000000000000000888e-02 0.000000000000000000e+00 -2.761112286603704519e-16 9.415379917581830025e+08 -2.168371082199525457e+00 -2.828417710116034374e+07
2.440000000000000000e+02 2.800000000000000266e-01 5.088000000000000000e+08 1.000000000000000000e+07 1.000000000000000888e-02 0.000000000000000000e+00 -1.562702038763228713e-16 7.210627941213312149e+08 -1.227229304432403412e+00 -1.600794775177043490e+07
2.450000000000000000e+02 2.490000000000000213e+00 5.088000000000000000e+08 5.000000000000000000e+07 7.809132347232226046e-01 8.000000000000000444e-01 1.770912381617512889e-18 1.281783230833624884e+03 3.964423561344533109e+00 8.517609984021954536e+09
2.460000000000000000e+02 2.500000000000000000e-01 5.088000000000000000e+08 1.000000000000000000e+07 1.000000000000000888e-02 0.000000000000000000e+00 -1.052685764875606719e-16 2.135584919971765578e+08 -6.228913234938402432e-01 -8.124978539468824863e+06
2.470000000000000000e+02 3.800000000000000044e-01 4.000000000000000000e+09 1.000000000000000000e+07 1.000000000000000000e+00 0.000000000000000000e+00 5.186567989369467623e-18 9.999056410618370592e+02 0.000000000000000000e+00 2.188469713025837541e+08
2.480000000000000000e+02 3.099999999999999978e-01 5.088000000000000000e+08 1.000000000000000000e+07 1.000000000000000888e-02 0.000000000000000000e+00 -6.341597228225698684e-17 1.708568132179912329e+08 -6.447292574047339686e-01 -8.409831992519218475e+06
2.490000000000000000e+02 1.989999999999999991e+00 5.088000000000000000e+08 5.000000000000000000e+07 7.345771296661833816e-01 1.000000000000000000e+00 1.025015636750976791e-17 2.058214896119478453e+03 1.135971459821528384e+01 1.907733773227777481e+10
2.500000000000000000e+02 3.439999999999999947e+00 1.139100030000000000e+09 5.000000000000000000e+07 9.891070386914596613e-01 1.100000000000000089e+00 5.494891133070881019e-19 1.276866470935953203e+03 3.417106300935452978e+00 3.519458578579419556e+11
2.510000000000000000e+02 1.949999999999999956e+00 5.088000000000000000e+08 5.000000000000000000e+07 5.313699076773616969e-01 1.000000000000000000e+00 9.770997950359792841e-18 1.981977412432315987e+03 1.016348652792425433e+01 7.292930300355138779e+09
2.520000000000000000e+02 7.199999999999999734e-01 5.088000000000000000e+08 1.000000000000000000e+07 1.000000000000000000e+00 0.000000000000000000e+00 2.095211262839484038e-18 6.365434550924699124e+02 0.000000000000000000e+00 6.342016069512195140e+07
2.530000000000000000e+02 4.600000000000000200e-01 5.088000000000000000e+08 1.000000000000000000e+07 9.003521803856815442e-01 6.500000000000000222e-01 2.267253159157140851e-18 1.260070392150995303e+03 6.511152474345485719e-02 1.779388496919539571e+08
2.540000000000000000e+02 2.459999999999999964e+00 2.000000000000000000e+09 1.000000000000000000e+07 9.941510680753888884e-01 1.000000000000000000e+00 3.141318740914215743e-19 1.421285999271073024e+03 1.322428249000183298e+00 2.733370878955892944e+11
2.550000000000000000e+02 6.099999999999999867e-01 5.088000000000000000e+08 1.000000000000000000e+07 9.469042655519807061e-01 6.000000000000000888e-01 3.533934079033661526e-19 8.054165842336915375e+02 2.213687115337887104e-02 1.191917578414977789e+08
2.560000000000000000e+02 2.520000000000000018e+00 5.088000000000000000e+08 5.000000000000000000e+07 9.187989160644089992e-01 1.150000000000000133e+00 1.119532906329336817e-18 6.597008643645046959e+02 2.602547321609947506e+00 1.746744937501161194e+10
2.570000000000000000e+02 6.800000000000000488e-01 5.088000000000000000e+08 1.000000000000000000e+07 8.010703869145960887e-01 4.500000000000000111e-01 8.699256339588204909e-19 1.041688905653602433e+03 7.416801078786031121e-02 9.074614935849976540e+07
2.580000000000000000e+02 2.390000000000000124e+00 1.139100030000000000e+09 1.000000000000000000e+07 9.100000000000000311e-01 1.500000000000000000e+00 3.920034609437354552e-18 1.208577790175889731e+03 1.506984104292262394e+01 8.857429588243304443e+10
2.590000000000000000e+02 5.100000000000000089e-01 5.088000000000000000e+08 1.000000000000000000e+07 1.000000000000000888e-02 1.200000000000000178e+00 8.133118220749253715e-17 1.797613122811518451e+03 3.095182190932089572e+00 4.037347756910602748e+07
2.600000000000000000e+02 4.400000000000000022e-01 5.088000000000000000e+08 1.000000000000000000e+07 9.891070386914596613e-01 2.500000000000000000e-01 1.273664885348096430e-19 1.557049995134418623e+03 3.244130379630863221e-03 8.880358919217517972e+07
2.610000000000000000e+02 2.300000000000000266e+00 2.000000000000000000e+09 1.000000000000000000e+07 9.469042655519807061e-01 1.450000000000000178e+00 7.487075698733961921e-18 4.051485427624601016e+03 2.551197691678861901e+01 5.535035243174803467e+11
2.620000000000000000e+02 4.509999999999999787e+00 1.139100030000000000e+09 5.000000000000000000e+07 1.000000000000000888e-02 0.000000000000000000e+00 -4.245771126177301532e-19 4.776909590879010409e+07 -6.199777839112079469e+00 -3.809875413207212090e+08
2.630000000000000000e+02 3.400000000000000244e-01 5.088000000000000000e+08 1.000000000000000000e+07 1.000000000000000888e-02 0.000000000000000000e+00 -9.383145838103344430e-17 2.344790944824153185e+08 -1.209882733970745416e+00 -1.578167952901881374e+07
2.640000000000000000e+02 3.300000000000000155e-01 5.088000000000000000e+08 1.000000000000000000e+07 1.000000000000000888e-02 0.000000000000000000e+00 -1.968312956190115340e-16 1.112978967685989380e+09 -2.349516320324668062e+00 -3.064703096792849526e+07
2.650000000000000000e+02 3.300000000000000155e-01 5.088000000000000000e+08 1.000000000000000000e+07 1.000000000000000888e-02 0.000000000000000000e+00 -2.305750640450388034e-16 1.056954107126010537e+09 -2.752305594138448885e+00 -3.590100398413404822e+07
2.660000000000000000e+02 2.629999999999999893e+00 5.088000000000000000e+08 2.511900000000000000e+07 9.824577129666183239e-01 7.000000000000000666e-01 4.757377487819588585e-19 1.122321581294341286e+03 1.653748519729259625e+00 4.176294349532880402e+10
2.670000000000000000e+02 3.400000000000000244e-01 5.088000000000000000e+08 1.000000000000000000e+07 1.000000000000000888e-02 0.000000000000000000e+00 -2.714702814311276409e-17 1.506425667995174229e+07 -3.500395410630117721e-01 -4.565906847361330874e+06
2.680000000000000000e+02 2.330000000000000071e+00 5.088000000000000000e+08 1.000000000000000000e+07 5.734841677598339071e-01 1.100000000000000089e+00 1.566553258772284798e-14 2.739402219706825912e+07 5.559763846740623558e+04 2.308377865271069141e+13
2.690000000000000000e+02 2.339999999999999858e+00 5.088000000000000000e+08 1.000000000000000000e+07 6.469219452298986539e-01 1.200000000000000178e+00 1.354954947171038805e-14 2.727569958436338231e+07 4.808792479323505540e+04 2.703264443518832812e+13
2.700000000000000000e+02 3.359999999999999876e+00 2.000000000000000000e+09 5.000000000000000000e+07 1.000000000000000888e-02 1.100000000000000089e+00 1.592248860375419875e-18 1.225855704696915609e+03 9.189719347297154783e+00 6.800045532099317312e+08
2.710000000000000000e+02 3.729999999999999982e+00 1.700000000000000000e+09 5.000000000000000000e+07 1.000000000000000888e-02 6.000000000000000888e-01 3.220856808609483647e-19 6.803498290148825163e+02 2.589632899633174112e+00 1.822085258938242495e+08
2.720000000000000000e+02 1.090000000000000080e+00 2.000000000000000000e+09 2.511900000000000000e+07 9.891070386914596613e-01 5.500000000000000444e-01 1.119959069479963841e-18 2.119544812347985498e+03 2.552727404505896192e-01 4.213888666358212280e+10
2.730000000000000000e+02 3.379999999999999893e+00 5.088000000000000000e+08 5.000000000000000000e+07 8.010703869145960887e-01 1.500000000000000000e+00 1.912706506251600323e-18 1.172443856427252740e+03 1.124895511218194422e+01 2.723153525674362946e+10
2.740000000000000000e+02 4.299999999999999933e-01 5.088000000000000000e+08 1.000000000000000000e+07 1.000000000000000000e+00 4.000000000000000222e-01 9.161302327159586761e-18 1.099084663496462781e+03 0.000000000000000000e+00 6.610835471011436731e+07
2.750000000000000000e+02 7.000000000000000666e-01 1.700000000000000000e+09 1.000000000000000000e+07 9.979773556538258372e-01 2.000000000000000111e-01 1.221444898489225328e-20 1.657934955062966083e+03 1.131482991689013520e-03 5.760209336073229313e+08
2.760000000000000000e+02 6.199999999999999956e-01 5.088000000000000000e+08 5.000000000000000000e+07 2.514224249708160164e-01 1.500000000000000000e+00 3.418659961542456131e-17 1.603740990596054189e+03 1.147580580033921382e+00 2.843002549350656867e+08
2.770000000000000000e+02 4.240000000000000213e+00 1.139100030000000000e+09 5.000000000000000000e+07 1.000000000000000888e-02 5.500000000000000444e-01 1.482806724571400699e-19 5.662050507241284549e+02 1.791686958187037604e+00 1.101023983004274070e+08
2.780000000000000000e+02 4.709999999999999964e+00 1.139100030000000000e+09 1.000000000000000000e+07 1.000000000000000000e+00 3.000000000000000444e-01 2.041014811654950829e-15 1.170713643907240339e+03 0.000000000000000000e+00 3.906909888853314062e+13
2.790000000000000000e+02 2.839999999999999858e+00 5.088000000000000000e+08 5.000000000000000000e+07 9.941510680753888884e-01 0.000000000000000000e+00 5.105983817173038291e-20 8.239020640374606046e+02 1.730731408424471818e-01 1.732794926295167542e+10
2.800000000000000000e+02 5.000000000000000000e-01 5.088000000000000000e+08 1.000000000000000000e+07 1.000000000000000000e+00 0.000000000000000000e+00 3.874908366281411090e-18 7.333581303096887041e+02 0.000000000000000000e+00 4.208822290582770854e+07
2.810000000000000000e+02 4.990000000000000213e+00 1.139100030000000000e+09 1.000000000000000000e+07 1.000000000000000000e+00 5.500000000000000444e-01 9.773824123708028040e-16 8.231475039415790889e+02 0.000000000000000000e+00 2.248651857841446094e+13
2.820000000000000000e+02 2.270000000000000018e+00 5.088000000000000000e+08 5.000000000000000000e+07 9.575192539750227994e-01 2.500000000000000000e-01 5.780927003207746008e-19 1.354677050703035320e+03 9.675586428300078090e-01 1.288815283935122871e+10
2.830000000000000000e+02 1.320000000000000062e+00 5.088000000000000000e+08 5.000000000000000000e+07 5.313699076773616969e-01 8.500000000000000888e-01 3.802210455688364804e-18 8.512412017936885604e+02 1.184584925640511877e+00 8.500129629543608427e+08
2.840000000000000000e+02 4.600000000000000200e-01 5.088000000000000000e+08 2.511900000000000000e+07 8.781743261443593074e-01 3.500000000000000333e-01 1.252625993770922604e-18 1.043614133645953871e+03 2.406543364649756794e-02 7.874881448731346428e+07
2.850000000000000000e+02 4.199999999999999845e-01 5.088000000000000000e+08 1.000000000000000000e+07 1.000000000000000000e+00 5.500000000000000444e-01 1.418116163597414155e-17 1.488416984212706893e+03 0.000000000000000000e+00 9.608444631267872453e+07
2.860000000000000000e+02 3.800000000000000044e-01 5.088000000000000000e+08 1.000000000000000000e+07 8.897735565382587364e-01 1.000000000000000056e-01 1.001500569745234090e-18 1.124683497188325191e+03 1.726661937084653792e-02 4.217536728615283966e+07
2.870000000000000000e+02 3.439999999999999947e+00 5.088000000000000000e+08 5.000000000000000000e+07 9.870913234723223129e-01 1.500000000000000000e+00 5.065615573889507539e-18 4.103476973355244809e+03 3.150152837692500896e+01 1.419757094683584229e+12
2.880000000000000000e+02 1.050000000000000044e+00 2.000000000000000000e+09 5.000000000000000000e+07 9.870913234723223129e-01 5.000000000000000000e-01 1.231857921610816989e-18 1.622196503908747900e+03 1.920251340253739947e-01 3.489244144228185272e+10
2.890000000000000000e+02 2.220000000000000195e+00 2.000000000000000000e+09 1.000000000000000000e+07 1.000000000000000888e-02 1.300000000000000044e+00 1.379849435332040639e-17 2.416888182590843826e+03 4.207332658152877514e+01 9.375080013050937653e+08
2.900000000000000000e+02 1.370000000000000107e+00 5.088000000000000000e+08 1.000000000000000000e+07 1.000000000000000000e+00 1.500000000000000000e+00 2.621296914227055033e-16 2.602582606373028739e+03 0.000000000000000000e+00 5.386795975440226746e+10
2.910000000000000000e+02 4.429999999999999716e+00 5.088000000000000000e+08 5.000000000000000000e+07 9.955456022925407433e-01 5.000000000000000000e-01 1.210922178217820729e-19 9.904128006785223306e+02 1.670101726242691376e+00 2.198390418848689575e+11
2.920000000000000000e+02 1.209999999999999964e+00 1.139100030000000000e+09 5.000000000000000000e+07 8.781743261443593074e-01 1.500000000000000000e+00 1.594143792675465987e-17 1.685484619402598810e+03 3.811183567122919058e+00 3.133717996645107269e+10
2.930000000000000000e+02 1.860000000000000098e+00 5.088000000000000000e+08 1.000000000000000000e+07 1.000000000000000888e-02 1.000000000000000000e+00 3.059001486014377934e-18 1.074607618742827299e+03 5.364792987834483107e+00 6.997822292716372013e+07
2.940000000000000000e+02 1.189999999999999947e+00 1.139100030000000000e+09 5.000000000000000000e+07 8.897735565382587364e-01 1.500000000000000000e+00 2.168307884349357484e-17 2.060395760998166224e+03 4.804134738368728286e+00 4.420631584887915802e+10
2.950000000000000000e+02 1.409999999999999920e+00 5.088000000000000000e+08 2.511900000000000000e+07 9.469042655519807061e-01 1.500000000000000000e+00 1.021412597007872758e-17 1.828901781352151602e+03 5.089177560956653856e+00 4.101206536025586700e+10
2.960000000000000000e+02 2.660000000000000142e+00 5.088000000000000000e+08 5.000000000000000000e+07 9.768868878517409371e-01 0.000000000000000000e+00 2.567915502883777016e-19 1.423036452229481256e+03 7.078729488509352130e-01 1.764971450135371399e+10
2.970000000000000000e+02 2.510000000000000231e+00 5.088000000000000000e+08 1.000000000000000000e+07 9.621369907677361777e-01 0.000000000000000000e+00 5.006693858947910678e-19 4.065799348215681675e+03 2.245550690668209448e+00 1.721819480939381790e+10
2.980000000000000000e+02 2.450000000000000178e+00 1.700000000000000000e+09 5.000000000000000000e+07 9.968174326144358943e-01 1.000000000000000000e+00 2.155252633834696205e-19 6.139034183249290209e+02 4.585032238781324709e-01 2.894968717111279907e+11
2.990000000000000000e+02 4.600000000000000200e-01 5.088000000000000000e+08 1.000000000000000000e+07 1.000000000000000000e+00 6.500000000000000222e-01 1.126873078651486676e-17 1.046649331830168649e+03 0.000000000000000000e+00 9.752345029096977413e+07
3.000000000000000000e+02 5.000000000000000000e-01 5.088000000000000000e+08 1.000000000000000000e+07 1.000000000000000000e+00 2.500000000000000000e-01 7.803330398110913887e-18 1.127027653343446218e+03 0.000000000000000000e+00 8.475769699779827893e+07
3.010000000000000000e+02 6.300000000000000044e-01 5.088000000000000000e+08 2.511900000000000000e+07 5.313699076773616969e-01 1.500000000000000000e+00 4.907322629787508832e-16 1.169959267981722769e+04 2.252558471886688096e+01 1.207129742808475494e+10
3.020000000000000000e+02 1.610000000000000098e+00 4.000000000000000000e+09 5.000000000000000000e+07 8.515106807538886935e-01 3.000000000000000444e-01 5.834298655887379621e-14 1.013222202255582809e+08 3.346375489932792698e+04 9.192077518016372500e+14
3.030000000000000000e+02 4.410000000000000142e+00 5.088000000000000000e+08 5.000000000000000000e+07 9.701892829446502331e-01 0.000000000000000000e+00 2.180966179951316649e-20 6.047520774947961399e+02 2.986381604537287626e-01 5.737014013465320587e+09
3.040000000000000000e+02 1.520000000000000018e+00 5.088000000000000000e+08 5.000000000000000000e+07 9.701892829446502331e-01 1.300000000000000044e+00 7.445201657731973316e-18 2.311054617040525500e+03 3.575637952797909858e+00 6.869009978869874573e+10
3.050000000000000000e+02 2.180000000000000160e+00 5.088000000000000000e+08 1.000000000000000000e+07 2.514224249708160164e-01 9.500000000000000666e-01 8.534283694807362898e-18 1.449692249119984353e+03 2.457995494037457362e+01 2.733651227261631966e+09
3.060000000000000000e+02 5.999999999999999778e-01 5.088000000000000000e+08 5.000000000000000000e+07 5.313699076773616969e-01 1.500000000000000000e+00 1.805040491480744084e-16 3.397484080502302277e+03 5.524502565704479728e+00 3.964172338411561966e+09
3.070000000000000000e+02 4.169999999999999929e+00 1.700000000000000000e+09 5.000000000000000000e+07 1.000000000000000888e-02 1.350000000000000089e+00 7.819461691075739885e-19 6.808415262948227564e+02 8.961044824700067579e+00 6.305058791183754206e+08
3.080000000000000000e+02 3.350000000000000089e+00 2.000000000000000000e+09 5.000000000000000000e+07 9.870913234723223129e-01 1.050000000000000044e+00 1.785166787729099729e-18 8.994796282156646612e+02 1.020624264585550911e+01 1.854552664023532715e+12
3.090000000000000000e+02 3.089999999999999858e+00 2.000000000000000000e+09 2.511900000000000000e+07 9.736921945229898290e-01 0.000000000000000000e+00 1.544067330954137182e-19 1.351110784834118203e+04 8.932226183800988650e-01 6.011378847928943634e+10
3.100000000000000000e+02 7.900000000000000355e-01 4.000000000000000000e+09 1.000000000000000000e+07 8.897735565382587364e-01 0.000000000000000000e+00 2.903681976321323933e-19 7.413807726513583702e+02 3.814934573408876317e-02 7.540582895720825195e+08
3.110000000000000000e+02 1.130000000000000115e+00 4.000000000000000000e+09 1.000000000000000000e+07 9.341422424970816651e-01 5.000000000000000278e-02 2.345257256849927806e-19 4.697939013558608394e+02 8.906665931398677349e-02 3.092791716719999313e+09
3.120000000000000000e+02 2.859999999999999876e+00 5.088000000000000000e+08 5.000000000000000000e+07 9.768868878517409371e-01 1.500000000000000000e+00 9.536396299534272850e-19 7.553543873919165890e+02 3.304949726604743176e+00 8.240379747606970215e+10
3.130000000000000000e+02 2.550000000000000266e+00 5.088000000000000000e+08 1.000000000000000000e+07 9.798004827959798657e-01 0.000000000000000000e+00 2.198913081446351316e-19 8.034817357080650027e+02 1.036594622736402460e+00 1.516277952989438248e+10
3.140000000000000000e+02 8.800000000000000044e-01 5.088000000000000000e+08 1.000000000000000000e+07 1.782362288973291520e-01 9.500000000000000666e-01 3.705421453670020157e-18 5.396575690802320651e+02 6.676535616999140776e-01 5.031569424494813383e+07
3.150000000000000000e+02 3.250000000000000000e+00 5.088000000000000000e+08 1.000000000000000000e+07 9.003521803856815442e-01 2.000000000000000111e-01 3.890555096582277046e-19 6.690822616586465301e+02 3.947575665899837549e+00 1.078806057498715782e+10
3.160000000000000000e+02 5.600000000000000533e-01 4.000000000000000000e+09 1.000000000000000000e+07 9.736921945229898290e-01 1.500000000000000000e+00 3.086658469404964012e-18 1.615349728416415928e+03 1.521606724520601084e-01 1.378452414286939430e+10
3.170000000000000000e+02 2.310000000000000053e+00 5.088000000000000000e+08 2.511900000000000000e+07 9.891070386914596613e-01 5.500000000000000444e-01 2.841104049808263882e-19 7.648637788465121048e+02 6.565248814140981493e-01 2.687057279427096939e+10
3.180000000000000000e+02 1.189999999999999947e+00 5.088000000000000000e+08 5.000000000000000000e+07 6.118928294465026951e-01 1.500000000000000000e+00 1.514608619351699452e-17 1.584501827049981557e+03 3.355789062881914475e+00 3.282682106244016171e+09
3.190000000000000000e+02 8.000000000000000444e-01 5.088000000000000000e+08 1.000000000000000000e+07 1.000000000000000000e+00 5.000000000000000278e-02 3.347893017518920972e-18 5.045382144206874386e+02 0.000000000000000000e+00 1.374971821822924614e+08
3.200000000000000000e+02 3.959999999999999964e+00 1.700000000000000000e+09 5.000000000000000000e+07 1.000000000000000888e-02 3.000000000000000444e-01 1.539440782149042727e-19 4.607245747567591820e+02 1.496906824377239653e+00 1.053234942716467232e+08
3.210000000000000000e+02 4.700000000000000289e-01 4.000000000000000000e+09 5.000000000000000000e+07 8.362199171250624952e-01 0.000000000000000000e+00 3.950780149456867037e-19 4.889257116400277710e+02 6.156401685999191194e-03 1.506009913499876261e+08
3.220000000000000000e+02 4.030000000000000249e+00 1.700000000000000000e+09 2.511900000000000000e+07 1.000000000000000888e-02 1.100000000000000089e+00 3.942662579437466482e-19 5.293771346691657982e+02 5.297546494041147191e+00 2.155979032746244073e+08
3.230000000000000000e+02 6.300000000000000044e-01 5.088000000000000000e+08 5.000000000000000000e+07 9.408169029081063783e-01 5.000000000000000278e-02 3.208190172483611926e-19 8.169498945036449413e+02 1.126752719787471081e-02 1.060168211293679476e+08
3.240000000000000000e+02 2.819999999999999840e+00 5.088000000000000000e+08 1.000000000000000000e+07 9.941510680753888884e-01 0.000000000000000000e+00 9.136014182138637498e-19 1.326970937897986369e+04 5.916417160979019485e+00 3.031067365118141479e+11
3.250000000000000000e+02 2.569999999999999840e+00 5.088000000000000000e+08 1.000000000000000000e+07 9.891070386914596613e-01 8.000000000000000444e-01 1.407482594160874569e-19 3.116495758803100102e+02 6.800411366435653582e-01 1.861518701943988800e+10
3.260000000000000000e+02 2.680000000000000160e+00 5.088000000000000000e+08 2.511900000000000000e+07 9.736921945229898290e-01 8.500000000000000888e-01 1.673960033171961780e-18 1.991910132453882852e+03 6.175118510435384067e+00 1.031093311024015656e+11
3.270000000000000000e+02 2.200000000000000178e+00 1.139100030000000000e+09 1.000000000000000000e+07 1.000000000000000000e+00 0.000000000000000000e+00 1.202415487786626813e-17 1.727590053382843962e+03 0.000000000000000000e+00 2.068064202213522339e+10
3.280000000000000000e+02 4.080000000000000071e+00 5.088000000000000000e+08 1.000000000000000000e+07 9.268236228897329676e-01 0.000000000000000000e+00 1.256631105809209005e-19 3.917965062845973080e+03 2.624850613434179358e+00 1.004484733139474869e+10
3.290000000000000000e+02 2.629999999999999893e+00 2.000000000000000000e+09 1.000000000000000000e+07 9.955456022925407433e-01 2.500000000000000000e-01 1.176252804928880138e-19 9.269251142354095236e+02 6.112066982430146567e-01 1.661138598448950500e+11
3.300000000000000000e+02 4.600000000000000200e-01 5.088000000000000000e+08 1.000000000000000000e+07 9.100000000000000311e-01 0.000000000000000000e+00 4.741939467860318698e-19 8.821420973487105357e+02 1.361801648600781053e-02 4.163052797379038483e+07
3.310000000000000000e+02 2.390000000000000124e+00 1.139100030000000000e+09 1.000000000000000000e+07 9.870913234723223129e-01 0.000000000000000000e+00 7.143031681771551804e-20 7.398083175905327380e+02 2.746005143671622628e-01 1.218808423465303993e+10
3.320000000000000000e+02 2.660000000000000142e+00 1.700000000000000000e+09 1.000000000000000000e+07 9.768868878517409371e-01 0.000000000000000000e+00 1.038786411907614191e-19 7.195747087804681996e+02 5.594346675697308147e-01 2.440143414743363571e+10
3.330000000000000000e+02 5.500000000000000444e-01 5.088000000000000000e+08 1.000000000000000000e+07 8.515106807538886935e-01 0.000000000000000000e+00 7.813132318147889103e-19 1.296562024578490991e+03 3.663304120963502275e-02 6.367221221339675039e+07
3.340000000000000000e+02 2.629999999999999893e+00 2.000000000000000000e+09 5.000000000000000000e+07 9.268236228897329676e-01 1.500000000000000000e+00 2.856215837535732988e-18 7.331757654865275526e+02 7.596786609426152914e+00 2.289577521762744141e+11
3.350000000000000000e+02 2.720000000000000195e+00 5.088000000000000000e+08 1.000000000000000000e+07 9.701892829446502331e-01 0.000000000000000000e+00 2.028987115122303911e-19 1.051133639096361094e+03 1.172380552232211270e+00 1.150989738280081940e+10
3.360000000000000000e+02 7.199999999999999734e-01 5.088000000000000000e+08 2.511900000000000000e+07 9.824577129666183239e-01 0.000000000000000000e+00 4.187554454713940959e-20 7.247262952108616219e+02 2.813832255112262096e-03 7.105912179127794504e+07
3.370000000000000000e+02 4.810000000000000497e+00 1.139100030000000000e+09 5.000000000000000000e+07 9.990352180385682068e-01 1.500000000000000222e-01 1.598743339028796558e-19 9.260176275690665761e+02 2.886094749257755776e+00 3.388362437517189941e+12
3.380000000000000000e+02 1.520000000000000018e+00 5.088000000000000000e+08 5.000000000000000000e+07 9.524560062662843496e-01 1.500000000000000000e+00 9.346244323973996156e-18 1.751223743519786467e+03 4.488634083701072974e+00 5.316495144673942566e+10
3.390000000000000000e+02 2.459999999999999964e+00 1.700000000000000000e+09 2.511900000000000000e+07 9.990352180385682068e-01 0.000000000000000000e+00 4.476574895067749840e-20 1.685768780497567604e+03 1.260725071964320099e-01 2.013469080677405396e+11
3.400000000000000000e+02 2.800000000000000266e-01 5.088000000000000000e+08 1.000000000000000000e+07 1.000000000000000000e+00 0.000000000000000000e+00 2.305178820913746199e-17 4.736967762412989032e+03 0.000000000000000000e+00 5.455447283770609647e+07
3.410000000000000000e+02 5.100000000000000089e-01 5.088000000000000000e+08 1.000000000000000000e+07 1.782362288973291520e-01 1.000000000000000000e+00 2.803085474834058581e-17 1.237202252421561980e+03 1.066756932074636177e+00 8.039291439003971219e+07
3.420000000000000000e+02 2.700000000000000178e+00 5.088000000000000000e+08 1.000000000000000000e+07 9.621369907677361777e-01 1.000000000000000056e-01 1.675752304626917745e-19 7.978077650142447510e+02 9.459844466707280075e-01 7.253518950661647797e+09
3.430000000000000000e+02 2.300000000000000100e-01 5.088000000000000000e+08 1.000000000000000000e+07 1.000000000000000000e+00 8.000000000000000444e-01 6.335908637520186449e-17 4.529567507076219044e+03 0.000000000000000000e+00 9.200022338762950897e+07
3.440000000000000000e+02 4.400000000000000022e-01 5.088000000000000000e+08 1.000000000000000000e+07 8.194539282036752414e-01 0.000000000000000000e+00 7.836764493160263147e-19 8.931469124095912093e+02 1.996089086127655898e-02 2.750149322945098206e+07
3.450000000000000000e+02 4.810000000000000497e+00 1.139100030000000000e+09 1.000000000000000000e+07 1.000000000000000000e+00 2.500000000000000000e-01 1.026793746946532410e-15 9.432527383316413534e+02 0.000000000000000000e+00 2.101474894767971094e+13
3.460000000000000000e+02 2.580000000000000071e+00 5.088000000000000000e+08 1.000000000000000000e+07 9.663484167759833765e-01 5.000000000000000278e-02 3.314618281264892783e-19 1.081769491811081252e+03 1.621216540620710855e+00 1.404581796150848770e+10
3.470000000000000000e+02 1.919999999999999929e+00 5.088000000000000000e+08 5.000000000000000000e+07 8.010703869145960887e-01 9.500000000000000666e-01 7.642773482804800292e-18 1.657907678512930261e+03 7.574392896886089410e+00 1.833613390426034164e+10
3.480000000000000000e+02 2.229999999999999982e+00 2.000000000000000000e+09 1.000000000000000000e+07 9.341422424970816651e-01 9.500000000000000666e-01 6.817023540425360839e-17 1.079409571839616838e+05 2.108108697862395502e+02 3.638148421557309570e+12
3.490000000000000000e+02 2.240000000000000213e+00 5.088000000000000000e+08 2.511900000000000000e+07 8.654560229254073533e-01 1.500000000000000000e+00 4.487364684784992366e-16 2.330134709251533495e+05 9.414572786839133869e+02 2.751640783489565918e+12
3.500000000000000000e+02 2.879999999999999893e+00 5.088000000000000000e+08 1.000000000000000000e+07 9.990352180385682068e-01 0.000000000000000000e+00 7.796020208575662742e-21 7.659872858681418393e+02 5.395936780049685744e-02 1.683870147889856911e+10
3.510000000000000000e+02 4.870000000000000107e+00 1.139100030000000000e+09 1.000000000000000000e+07 1.000000000000000000e+00 5.000000000000000278e-02 1.122144486501433349e-15 2.126149653520000811e+03 0.000000000000000000e+00 2.389106690326289453e+13
3.520000000000000000e+02 2.339999999999999858e+00 5.088000000000000000e+08 5.000000000000000000e+07 5.313699076773616969e-01 9.500000000000000666e-01 1.223615077929074919e-17 3.245922780353379039e+03 2.222836257847264818e+01 1.595022520376499557e+10
3.530000000000000000e+02 3.300000000000000155e-01 5.088000000000000000e+08 1.000000000000000000e+07 1.000000000000000000e+00 3.500000000000000333e-01 4.924228157326691804e-17 2.698088670010769874e+03 0.000000000000000000e+00 1.771326771407608688e+08
3.540000000000000000e+02 5.799999999999999600e-01 5.088000000000000000e+08 1.000000000000000000e+07 1.000000000000000000e+00 9.000000000000000222e-01 3.591507536832199077e-18 4.788483863832931888e+02 0.000000000000000000e+00 5.605319069053119421e+07
3.550000000000000000e+02 2.709999999999999964e+00 1.139100030000000000e+09 1.000000000000000000e+07 9.824577129666183239e-01 5.000000000000000278e-02 1.906840348803952736e-19 7.262866007045691958e+02 1.089068422298532957e+00 3.540601526043988800e+10
3.560000000000000000e+02 2.689999999999999947e+00 5.088000000000000000e+08 1.000000000000000000e+07 9.736921945229898290e-01 1.050000000000000044e+00 6.239608323191229618e-19 1.161959110170387930e+03 3.481340712128210946e+00 3.886413474201523590e+10
3.570000000000000000e+02 7.800000000000000266e-01 5.088000000000000000e+08 1.000000000000000000e+07 1.000000000000000000e+00 1.000000000000000056e-01 4.839221538906296220e-18 1.717558947457587465e+03 0.000000000000000000e+00 1.846301566975114048e+08
3.580000000000000000e+02 4.759999999999999787e+00 5.088000000000000000e+08 1.000000000000000000e+07 9.848811356849042076e-01 1.500000000000000222e-01 1.529908924152398672e-19 1.206078557814047826e+03 5.184256662176276897e+00 1.018236174280991516e+11
3.590000000000000000e+02 2.620000000000000107e+00 2.000000000000000000e+09 1.000000000000000000e+07 9.848811356849042076e-01 6.000000000000000888e-01 6.838599999303556341e-19 7.810513747205629898e+02 3.511055876897111183e+00 2.781549738854278564e+11
3.600000000000000000e+02 2.540000000000000036e+00 5.088000000000000000e+08 2.511900000000000000e+07 9.663484167759833765e-01 5.000000000000000000e-01 2.435840804825916511e-19 7.476244679029234703e+02 7.587312945283317678e-01 9.833780899061723709e+09
3.610000000000000000e+02 4.199999999999999845e-01 5.088000000000000000e+08 1.000000000000000000e+07 9.187989160644089992e-01 2.500000000000000000e-01 2.605700132790043488e-18 2.889127616283417410e+03 5.858541564057724582e-02 2.003531392505064607e+08
3.620000000000000000e+02 4.980000000000000426e+00 5.088000000000000000e+08 5.000000000000000000e+07 9.663484167759833765e-01 5.500000000000000444e-01 2.736520045801965869e-19 9.472740363410937334e+02 5.517878891654895313e+00 9.356375491086654663e+10
3.630000000000000000e+02 2.999999999999999889e-01 5.088000000000000000e+08 1.000000000000000000e+07 1.000000000000000888e-02 0.000000000000000000e+00 -2.872152385796445807e-16 4.430803010967861414e+08 -2.685852167030112536e+00 -3.503418717554396391e+07
3.640000000000000000e+02 2.430000000000000160e+00 1.139100030000000000e+09 2.511900000000000000e+07 9.979773556538258372e-01 0.000000000000000000e+00 2.010666896771750912e-20 6.584701937720816431e+02 5.448113442044820454e-02 2.331948715478393173e+10
3.650000000000000000e+02 1.260000000000000009e+00 1.139100030000000000e+09 5.000000000000000000e+07 9.736921945229898290e-01 1.150000000000000133e+00 3.206729922866900581e-18 1.269029649197137815e+03 8.669944576609726061e-01 3.642333693225386047e+10
3.660000000000000000e+02 1.260000000000000009e+00 2.000000000000000000e+09 5.000000000000000000e+07 9.926219917125062020e-01 6.500000000000000222e-01 7.523583651625865802e-19 1.229145135756590435e+03 2.034129934421380625e-01 6.502337772334378052e+10
3.670000000000000000e+02 2.129999999999999893e+00 1.139100030000000000e+09 1.000000000000000000e+07 9.824577129666183239e-01 9.500000000000000666e-01 5.019015934371029679e-19 6.397931156707286391e+02 1.324517742639596207e+00 4.306055932614850616e+10
3.680000000000000000e+02 1.060000000000000053e+00 1.700000000000000000e+09 1.000000000000000000e+07 1.000000000000000000e+00 6.500000000000000222e-01 1.966603855340358123e-16 2.190155249688189997e+03 0.000000000000000000e+00 6.357484697483496857e+10
3.690000000000000000e+02 1.130000000000000115e+00 2.000000000000000000e+09 5.000000000000000000e+07 9.926219917125062020e-01 6.500000000000000222e-01 2.300742983687919002e-18 3.339987554610109783e+03 4.472437214731820876e-01 1.429667640381931763e+11
3.700000000000000000e+02 3.120000000000000107e+00 5.088000000000000000e+08 5.000000000000000000e+07 9.891070386914596613e-01 0.000000000000000000e+00 3.702146367931903324e-20 4.165233982070342336e+02 1.689540115381436280e-01 9.040585860932685852e+09
3.710000000000000000e+02 2.550000000000000266e+00 1.700000000000000000e+09 1.000000000000000000e+07 9.909453928203675321e-01 0.000000000000000000e+00 8.480361225821598097e-20 1.374108923685122818e+03 3.997746395581406320e-01 4.514548804601050568e+10
3.720000000000000000e+02 2.010000000000000231e+00 2.000000000000000000e+09 1.000000000000000000e+07 1.000000000000000888e-02 9.000000000000000222e-01 1.339211265844718313e-17 2.066794618939277825e+03 2.991595546539473816e+01 6.666087493972365856e+08
3.730000000000000000e+02 3.300000000000000155e-01 5.088000000000000000e+08 1.000000000000000000e+07 1.000000000000000888e-02 0.000000000000000000e+00 -1.299365753241386295e-16 4.228292363622155786e+08 -1.551014046679231928e+00 -2.023138767289006338e+07
