1.000000000000000000e+07
1.047100000000000000e+07
1.096500000000000000e+07
1.148200000000000000e+07
1.202300000000000000e+07
1.258900000000000000e+07
1.318200000000000000e+07
1.380400000000000000e+07
1.445400000000000000e+07
1.513600000000000000e+07
1.584900000000000000e+07
1.659600000000000000e+07
1.737800000000000000e+07
1.819700000000000000e+07
1.905500000000000000e+07
1.995300000000000000e+07
2.089300000000000000e+07
2.187800000000000000e+07
2.290900000000000000e+07
2.398800000000000000e+07
2.511900000000000000e+07
2.630300000000000000e+07
2.754200000000000000e+07
2.900000000000000000e+07
3.000000000000000000e+07
3.100000000000000000e+07
3.200000000000000000e+07
3.300000000000000000e+07
3.400000000000000000e+07
3.500000000000000000e+07
3.600000000000000000e+07
3.700000000000000000e+07
3.800000000000000000e+07
3.900000000000000000e+07
4.000000000000000000e+07
4.250000000000000000e+07
4.500000000000000000e+07
4.750000000000000000e+07
5.000000000000000000e+07
5.250000000000000000e+07
5.500000000000000000e+07
5.708800000000000000e+07
6.405400000000000000e+07
7.187000000000000000e+07
8.063900000000000000e+07
9.047800000000000000e+07
1.015200000000000000e+08
1.139100000000000000e+08
1.278000000000000000e+08
1.434000000000000000e+08
1.609000000000000000e+08
1.805300000000000000e+08
2.025600000000000000e+08
2.272700000000000000e+08
2.550000000000000000e+08
2.861200000000000000e+08
3.210300160000000000e+08
3.602000000000000000e+08
4.041500160000000000e+08
4.534700160000000000e+08
5.088000000000000000e+08
5.708800000000000000e+08
6.405400320000000000e+08
7.187000320000000000e+08
8.064000000000000000e+08
9.047900160000000000e+08
1.015200000000000000e+09
1.139100030000000000e+09
1.278099970000000000e+09
1.434000000000000000e+09
1.608999940000000000e+09
1.680000000000000000e+09
1.700000000000000000e+09
1.800000000000000000e+09
1.900000000000000000e+09
2.000000000000000000e+09
2.100000000000000000e+09
2.200000000000000000e+09
2.300000000000000000e+09
2.400000000000000000e+09
2.500000000000000000e+09
2.600000000000000000e+09
2.750000130000000000e+09
3.000000000000000000e+09
3.249999870000000000e+09
3.500000000000000000e+09
3.750000130000000000e+09
4.000000000000000000e+09
4.249999870000000000e+09
4.499999740000000000e+09
4.750000130000000000e+09
5.000000000000000000e+09
5.249999870000000000e+09
5.500000260000000000e+09
5.750000130000000000e+09
6.000000000000000000e+09
6.249999870000000000e+09
6.499999740000000000e+09
6.750000130000000000e+09
7.000000000000000000e+09
7.249999870000000000e+09
7.500000260000000000e+09
7.750000130000000000e+09
8.000000000000000000e+09
8.249999870000000000e+09
8.499999740000000000e+09
8.750000130000000000e+09
8.999999490000000000e+09
9.249999870000000000e+09
9.500000260000000000e+09
9.749999620000000000e+09
1.000000000000000000e+10
1.025000040000000000e+10
1.049999970000000000e+10
1.075000010000000000e+10
1.100000050000000000e+10
1.124999990000000000e+10
1.150000030000000000e+10
1.174999960000000000e+10
1.200000000000000000e+10
1.225000040000000000e+10
1.249999970000000000e+10
1.275000010000000000e+10
1.299999950000000000e+10
1.324999990000000000e+10
1.350000030000000000e+10
1.374999960000000000e+10
1.400000000000000000e+10
