# D_a D_b
2.725204175226036973e-03 3.685045575597789558e-03
2.819570184444564198e-03 3.812584313462874519e-03
2.916230371357686479e-03 3.943219275034937077e-03
3.015217097429245818e-03 4.076993874445156152e-03
3.116562842393699739e-03 4.213951671740767679e-03
3.220300202642079057e-03 4.354136370290029312e-03
3.326461889587517540e-03 4.497591814187629211e-03
3.435080728033446107e-03 4.644361985623457478e-03
3.546189654537790226e-03 4.794491002272360802e-03
3.659821715770505968e-03 4.948023114636046493e-03
3.776010066860568948e-03 5.105002703381877893e-03
3.894787969751734025e-03 5.265474276686554767e-03
4.016188791536756675e-03 5.429482467534607615e-03
4.140246002788394719e-03 5.597072031012562121e-03
4.266993175892075385e-03 5.768287841599550880e-03
4.396463983364906625e-03 5.943174890422175949e-03
4.528692196160588601e-03 6.121778282502599033e-03
4.663711681983206958e-03 6.304143233986758688e-03
4.801556403579376742e-03 6.490315069356711319e-03
4.942260417025168273e-03 6.680339218614106400e-03
5.085857870008259063e-03 6.874261214467991543e-03
5.232383000099427584e-03 7.072126689471658345e-03
5.381870133005950407e-03 7.273981373177917931e-03
5.534353680836767708e-03 7.479871089236977966e-03
5.689868140336451496e-03 7.689841752493431493e-03
5.848448091120506120e-03 7.903939366069923089e-03
6.010128193897457116e-03 8.122210018414288690e-03
6.174943188682502360e-03 8.344699880327932640e-03
6.342927893000172013e-03 8.571455201984323757e-03
6.514117200069224900e-03 8.802522309921623211e-03
6.688546076993429068e-03 9.037947603991791645e-03
6.866249562922588368e-03 9.277777554327348852e-03
7.047262767213791079e-03 9.522058698245627895e-03
7.231620867575783151e-03 9.770837637163576339e-03
7.419359108206347031e-03 1.002416103346448484e-02
7.610512797908697280e-03 1.028207560735450166e-02
7.805117308209541527e-03 1.054462813369205776e-02
8.003208071453937755e-03 1.081186543879619766e-02
8.204820578887495053e-03 1.108383439722160357e-02
8.409990378734133465e-03 1.136058192852562598e-02
8.618753074256413349e-03 1.164215499399701148e-02
8.831144321799322405e-03 1.192860059336364742e-02
9.047199828825180923e-03 1.221996576148198788e-02
9.266955351938110930e-03 1.251629756499228474e-02
9.490446694887855195e-03 1.281764309894972698e-02
9.717709706565158534e-03 1.312404948344414457e-02
9.948780278983493375e-03 1.343556386016930837e-02
1.018369434524024619e-02 1.375223338899911329e-02
1.042248787747679373e-02 1.407410524450491973e-02
1.066519688481259998e-02 1.440122661246423519e-02
1.091185741127098652e-02 1.473364468635018909e-02
1.116250553368802745e-02 1.507140666378081750e-02
1.141717735961012004e-02 1.541455974294447806e-02
1.167590902517456897e-02 1.576315111900850052e-02
1.193873669297296214e-02 1.611722798049886052e-02
1.220569654990988351e-02 1.647683750563522231e-02
1.247682480503575775e-02 1.684202685867164373e-02
1.275215768736925881e-02 1.721284318618088172e-02
1.303173144370639580e-02 1.758933361333370193e-02
1.331558233641016997e-02 1.797154524013966359e-02
1.360374664119101684e-02 1.835952513766370142e-02
1.389626064486726431e-02 1.875332034421794969e-02
1.419316064311326731e-02 1.915297786152669879e-02
1.449448293818744737e-02 1.955854465086059868e-02
1.480026383665189460e-02 1.997006762915154443e-02
1.511053964707376185e-02 2.038759366507647552e-02
1.542534667770700807e-02 2.081116957511175425e-02
1.574472123416303937e-02 2.124084211956744905e-02
1.606869961706780536e-02 2.167665799859053166e-02
1.639731811969780129e-02 2.211866384813976349e-02
1.673061302560174823e-02 2.256690623594348466e-02
1.706862060621250343e-02 2.302143165741488140e-02
1.741137711843088187e-02 2.348228653156403389e-02
1.775891880220981101e-02 2.394951719685733948e-02
1.811128187810784329e-02 2.442316990706561164e-02
1.846850254483911602e-02 2.490329082709030750e-02
1.883061697679300206e-02 2.538992602875322913e-02
1.919766132155953375e-02 2.588312148655902423e-02
1.956967169741119505e-02 2.638292307344525245e-02
1.994668419079959065e-02 2.688937655649825675e-02
2.032873485380470857e-02 2.740252759263317461e-02
2.071585970160050305e-02 2.792242172427250591e-02
2.110809470987495828e-02 2.844910437497383260e-02
2.150547581225248361e-02 2.898262084505420777e-02
2.190803889770454038e-02 2.952301630717402148e-02
2.231581980792030073e-02 3.007033580190265898e-02
2.272885433469151728e-02 3.062462423326040017e-02
2.314717821725997826e-02 3.118592636423145326e-02
2.357082713965774623e-02 3.175428681225500593e-02
2.399983672803418511e-02 3.232975004469684777e-02
2.443424254796255912e-02 3.291236037428857397e-02
2.487408010173186579e-02 3.350216195454835955e-02
2.531938482562667847e-02 3.409919877518008402e-02
2.577019208718811516e-02 3.470351465744347941e-02
2.622653718245693266e-02 3.531515324950351697e-02
2.668845533321273500e-02 3.593415802176469498e-02
2.715598168418520419e-02 3.656057226216713474e-02
2.762915130025833665e-02 3.719443907148178852e-02
2.810799916364992157e-02 3.783580135856268178e-02
2.859256017109501613e-02 3.848470183558805324e-02
2.908286913098967474e-02 3.914118301328339822e-02
2.957896076053900813e-02 3.980528719611897692e-02
3.008086968288881113e-02 4.047705647748445212e-02
3.058863042422499401e-02 4.115653273484998209e-02
3.110227741088877895e-02 4.184375762489689343e-02
3.162184496644337983e-02 4.253877257864968620e-02
3.214736730875722426e-02 4.324161879655841201e-02
3.267887854705053829e-02 4.395233724358671434e-02
3.321641267894026583e-02 4.467096864427999581e-02
3.376000358746666929e-02 4.539755347779572681e-02
3.430968503811160364e-02 4.613213197293852819e-02
3.486549067578814665e-02 4.687474410317082896e-02
3.542745402184210857e-02 4.762542958159488027e-02
3.599560847100979899e-02 4.838422785593932129e-02
3.656998728839189194e-02 4.915117810350910776e-02
3.715062360638987649e-02 4.992631922614543249e-02
3.773755042165072293e-02 5.070968984513679612e-02
3.833080059197868650e-02 5.150132829614184615e-02
3.893040683325121876e-02 5.230127262409778321e-02
3.953640171631189748e-02 5.310956057809279596e-02
4.014881766386124706e-02 5.392622960624815498e-02
4.076768694731947029e-02 5.475131685058476361e-02
4.139304168369972725e-02 5.558485914185951060e-02
4.202491383244366663e-02 5.642689299441328021e-02
4.266333519227349935e-02 5.727745460099686881e-02
4.330833739800610260e-02 5.813657982758035914e-02
4.395995191737489538e-02 5.900430420816415999e-02
4.461821004783839140e-02 5.988066293957983177e-02
4.528314291336288377e-02 6.076569087626859655e-02
4.595478146122133900e-02 6.165942252506617649e-02
4.663315645875065751e-02 6.256189203998052673e-02
4.731829849013236000e-02 6.347313321694270094e-02
4.801023795313152931e-02 6.439317948857936624e-02
4.870900505585085138e-02 6.532206391896011599e-02
4.941462981346178562e-02 6.625981919833978662e-02
5.012714204493662340e-02 6.720647763790699170e-02
5.084657136975545555e-02 6.816207116452521753e-02
5.157294720462879400e-02 6.912663131546092909e-02
5.230629876018555446e-02 7.010018923312155703e-02
5.304665503767813650e-02 7.108277565978227130e-02
5.379404482565575130e-02 7.207442093232396818e-02
5.454849669665595702e-02 7.307515497695082907e-02
5.531003900386222139e-02 7.408500730392486577e-02
5.607869987777680532e-02 7.510400700229824533e-02
5.685450722287355152e-02 7.613218273464228414e-02
5.763748871425555809e-02 7.716956273177366654e-02
5.842767179428942637e-02 7.821617478750486629e-02
5.922508366925893775e-02 7.927204625337103128e-02
6.002975130598475761e-02 8.033720403337962779e-02
6.084170142846601070e-02 8.141167457876441471e-02
6.166096051449720949e-02 8.249548388273186816e-02
6.248755479228917942e-02 8.358865747522847833e-02
6.332151023709131632e-02 8.469122041771381948e-02
6.416285256779341584e-02 8.580319729792940109e-02
6.501160724354559939e-02 8.692461222469205495e-02
6.586779946035392630e-02 8.805548882269365052e-02
6.673145414769288131e-02 8.919585022729747958e-02
6.760259596509810009e-02 9.034571907936961299e-02
6.848124929876908684e-02 9.150511752010570543e-02
6.936743825816438225e-02 9.267406718587078984e-02
7.026118667260228268e-02 9.385258920306216446e-02
7.116251808784590516e-02 9.504070418298760092e-02
7.207145576270856946e-02 9.623843221674532877e-02
7.298802266563608754e-02 9.744579287013532820e-02
7.391224147131236766e-02 9.866280517857983767e-02
7.484413455724359121e-02 9.988948764207095099e-02
7.578372400036326173e-02 1.011258582201233214e-01
7.673103157362082261e-02 1.023719343267585069e-01
7.768607874258559587e-02 1.036277328255104102e-01
7.864888666204428169e-02 1.048932700244467053e-01
7.961947617260989318e-02 1.061685616712094715e-01
8.059786779732003303e-02 1.074536229480986815e-01
8.158408173825504317e-02 1.087484684671564672e-01
8.257813787314161047e-02 1.100531122652905758e-01
8.358005575198168557e-02 1.113675677994280244e-01
8.458985459366530346e-02 1.126918479416816332e-01
8.560755328260161168e-02 1.140259649745570814e-01
8.663317036535511662e-02 1.153699305861904945e-01
8.766672404727693380e-02 1.167237558656027963e-01
8.870823218915746544e-02 1.180874512979992463e-01
8.975771230387241673e-02 1.194610267601007303e-01
9.081518155304757478e-02 1.208444915154934796e-01
9.188065674372059011e-02 1.222378542100340804e-01
9.295415432501852315e-02 1.236411228672756879e-01
9.403569038484149711e-02 1.250543048839299898e-01
9.512528064655878524e-02 1.264774070253756877e-01
9.622294046570289971e-02 1.279104354212005079e-01
9.732868482669332355e-02 1.293533955607784058e-01
9.844252833954880710e-02 1.308062922888937329e-01
9.956448523663075090e-02 1.322691298014011529e-01
1.006945693693795940e-01 1.337419116409355180e-01
1.018327942050827328e-01 1.352246406926532751e-01
1.029791728236348902e-01 1.367173191800283849e-01
1.041337179143277947e-01 1.382199486606920935e-01
1.052964417726409696e-01 1.397325300223150046e-01
1.064673562970607223e-01 1.412550634785346704e-01
1.076464729858939151e-01 1.427875485649442444e-01
1.088338029341189284e-01 1.443299841351146640e-01
1.100293568302308511e-01 1.458823683566753404e-01
1.112331449531214211e-01 1.474446987074524706e-01
1.124451771689604085e-01 1.490169719716440966e-01
1.136654629281033113e-01 1.505991842360621114e-01
1.148940112620155940e-01 1.521913308864273340e-01
1.161308307802075834e-01 1.537934066037118797e-01
1.173759296672003405e-01 1.554054053605452568e-01
1.186293156794980819e-01 1.570273204176828585e-01
1.198909961425889126e-01 1.586591443205173091e-01
1.211609779479599913e-01 1.603008688956684136e-01
1.224392675501432270e-01 1.619524852476216248e-01
1.237258709637644172e-01 1.636139837554297927e-01
1.250207937606356845e-01 1.652853540694818602e-01
1.263240410668505787e-01 1.669665851083375063e-01
1.276356175599189235e-01 1.686576650556166346e-01
1.289555274659086592e-01 1.703585813569651330e-01
1.302837745566297611e-01 1.720693207170814754e-01
1.316203621468230445e-01 1.737898690968192605e-01
1.329652930913943765e-01 1.755202117103458193e-01
1.343185697826537739e-01 1.772603330223823104e-01
1.356801941475994644e-01 1.790102167455138726e-01
1.370501676452138273e-01 1.807698458375662787e-01
1.384284912638008569e-01 1.825392024990564188e-01
1.398151655183341724e-01 1.843182681707258297e-01
1.412101904478517689e-01 1.861070235311372834e-01
1.426135656128633133e-01 1.879054484943546433e-01
1.440252900928024049e-01 1.897135222077035444e-01
1.454453624834931569e-01 1.915312230495967993e-01
1.468737808946595225e-01 1.933585286274527304e-01
1.483105429474639303e-01 1.951954157756901065e-01
1.497556457720686796e-01 1.970418605537970214e-01
1.512090860052444086e-01 1.988978382444891446e-01
1.526708597879948837e-01 2.007633233519542371e-01
1.541409627632330803e-01 2.026382896001653888e-01
1.556193900734706981e-01 2.045227099313000618e-01
1.571061363585671833e-01 2.064165565042288542e-01
1.586011957534864125e-01 2.083198006930939705e-01
1.601045618861161035e-01 2.102324130859815066e-01
1.616162278750969961e-01 2.121543634836813297e-01
1.631361863277156488e-01 2.140856208985272291e-01
1.646644293378083379e-01 2.160261535533379851e-01
1.662009484837282391e-01 2.179759288804458128e-01
1.677457348263272641e-01 2.199349135208185091e-01
1.692987789069977378e-01 2.219030733232688624e-01
1.708600707457379464e-01 2.238803733437646493e-01
1.724295998392675333e-01 2.258667778448333330e-01
1.740073551591783119e-01 2.278622502950575779e-01
1.755933251501328174e-01 2.298667533686676867e-01
1.771874977280940566e-01 2.318802489452381765e-01
1.787898602786111013e-01 2.339026981094732838e-01
1.804003996551325484e-01 2.359340611510953867e-01
1.820191021773807094e-01 2.379742975648377890e-01
1.836459536297521122e-01 2.400233660505264321e-01
1.852809392597760674e-01 2.420812245132721863e-01
1.869240437766128693e-01 2.441478300637656140e-01
1.885752513495956295e-01 2.462231390186642166e-01
1.902345456068280649e-01 2.483071069010923670e-01
1.919019096338121511e-01 2.503996884412456048e-01
1.935773259721389472e-01 2.525008375770886326e-01
1.952607766182197224e-01 2.546105074551738845e-01
1.969522430220681519e-01 2.567286504315554607e-01
1.986517060861278106e-01 2.588552180728084240e-01
2.003591461641544003e-01 2.609901611571650015e-01
2.020745430601376125e-01 2.631334296757512625e-01
2.037978760272918244e-01 2.652849728339327084e-01
2.055291237670738846e-01 2.674447390527697754e-01
2.072682644282760611e-01 2.696126759705841369e-01
2.090152756061519623e-01 2.717887304446346963e-01
2.107701343416078510e-01 2.739728485529007163e-01
2.125328171204331484e-01 2.761649755959787456e-01
2.143032998726042138e-01 2.783650560990944545e-01
2.160815579716217627e-01 2.805730338142199409e-01
2.178675662339164543e-01 2.827888517223046128e-01
2.196612989182968878e-01 2.850124520356257518e-01
2.214627297254700977e-01 2.872437762002426620e-01
2.232718317976005729e-01 2.894827648985697222e-01
2.250885777179374436e-01 2.917293580520677887e-01
2.269129395104864111e-01 2.939834948240375168e-01
2.287448886397538406e-01 2.962451136225390247e-01
2.305843960105368184e-01 2.985141521034225809e-01
2.324314319677733831e-01 3.007905471734731995e-01
2.342859662964588141e-01 3.030742349936695890e-01
2.361479682216054421e-01 3.053651509825668908e-01
2.380174064082778429e-01 3.076632298197820026e-01
2.398942489616757712e-01 3.099684054496099073e-01
2.417784634272874822e-01 3.122806110847453631e-01
2.436700167910922366e-01 3.145997792101230539e-01
2.455688754798345252e-01 3.169258415868787537e-01
2.474750053613455902e-01 3.192587292564260659e-01
2.493883717449481008e-01 3.215983725446441843e-01
2.513089393818964679e-01 3.239447010661895554e-01
2.532366724659037560e-01 3.262976437289206721e-01
2.551715346337144474e-01 3.286571287384422169e-01
2.571134889657460398e-01 3.310230836027630019e-01
2.590624979867964806e-01 3.333954351370711500e-01
2.610185236668105535e-01 3.357741094686319538e-01
2.629815274217163212e-01 3.381590320417933171e-01
2.649514701143168560e-01 3.405501276231130969e-01
2.669283120552540245e-01 3.429473203066044640e-01
2.689120130040351109e-01 3.453505335190919512e-01
2.709025321701270528e-01 3.477596900256870738e-01
2.728998282141074094e-01 3.501747119353836313e-01
2.749038592488917132e-01 3.525955207067588137e-01
2.769145828410201071e-01 3.550220371537979869e-01
2.789319560120124830e-01 3.574541814518343852e-01
2.809559352397944521e-01 3.598918731435953866e-01
2.829864764601763838e-01 3.623350311453750194e-01
2.850235350684156010e-01 3.647835737533086098e-01
2.870670659208349740e-01 3.672374186497731063e-01
2.891170233365171205e-01 3.696964829098879912e-01
2.911733610990555610e-01 3.721606830081406470e-01
2.932360324583821454e-01 3.746299348251133088e-01
2.953049901326593174e-01 3.771041536543352501e-01
2.973801863102425447e-01 3.795832542092285600e-01
2.994615726517060317e-01 3.820671506301798193e-01
3.015491002919423735e-01 3.845557564917151394e-01
3.036427198423257146e-01 3.870489848097852237e-01
3.057423813929507350e-01 3.895467480491577872e-01
3.078480345149291475e-01 3.920489581309269944e-01
3.099596282627657962e-01 3.945555264401138240e-01
3.120771111767971506e-01 3.970663638333884471e-01
3.142004312857045178e-01 3.995813806468910823e-01
3.163295361090865399e-01 4.021004867041606534e-01
3.184643726601099623e-01 4.046235913241644777e-01
3.206048874482266831e-01 4.071506033294395310e-01
3.227510264819603014e-01 4.096814310543218651e-01
3.249027352717582806e-01 4.122159823532929313e-01
3.270599588329170526e-01 4.147541646094188295e-01
3.292226416885755125e-01 4.172958847428911433e-01
3.313907278727764583e-01 4.198410492196640309e-01
3.335641609336025271e-01 4.223895640601946777e-01
3.357428839363683082e-01 4.249413348482772301e-01
3.379268394668956121e-01 4.274962667399703209e-01
3.401159696348482475e-01 4.300542644726244035e-01
3.423102160771457347e-01 4.326152323739972383e-01
3.445095199614298664e-01 4.351790743714678555e-01
3.467138219896153117e-01 4.377456940013344511e-01
3.489230624014999504e-01 4.403149944182124242e-01
3.511371809784477049e-01 4.428868784045085771e-01
3.533561170471364310e-01 4.454612483799925693e-01
3.555798094833768630e-01 4.480380064114515282e-01
3.578081967159952859e-01 4.506170542224294806e-01
3.600412167307924793e-01 4.531982932030492739e-01
3.622788070745570632e-01 4.557816244199225375e-01
3.645209048591575574e-01 4.583669486261302550e-01
3.667674467656961701e-01 4.609541662712918209e-01
3.690183690487324197e-01 4.635431775117085929e-01
3.712736075405684844e-01 4.661338822205843835e-01
3.735330976556036076e-01 4.687261799983204469e-01
3.757967743947575601e-01 4.713199701828876265e-01
3.780645723499568289e-01 4.739151518602621183e-01
3.803364257086829792e-01 4.765116238749406152e-01
3.826122682585912926e-01 4.791092848405216209e-01
3.848920333921931336e-01 4.817080331503512669e-01
3.871756541116004868e-01 4.843077669882370762e-01
3.894630630333395516e-01 4.869083843392250088e-01
3.917541923932178483e-01 4.895097830004419004e-01
3.940489740512664874e-01 4.921118605919916345e-01
3.963473394967371721e-01 4.947145145679153755e-01
3.986492198531683684e-01 4.973176422272090891e-01
4.009545458835044318e-01 4.999211407248937977e-01
4.032632479952851234e-01 5.025249070831393494e-01
4.055752562458903032e-01 5.051288382024445855e-01
4.078905003478497937e-01 5.077328308728590311e-01
4.102089096742097540e-01 5.103367817852588750e-01
4.125304132639597832e-01 5.129405875426701344e-01
4.148549398275204192e-01 5.155441446716297893e-01
4.171824177522895916e-01 5.181473496335911033e-01
4.195127751082425860e-01 5.207500988363782390e-01
4.218459396535952921e-01 5.233522886456625223e-01
4.241818388405207418e-01 5.259538153964904428e-01
4.265203998209257108e-01 5.285545754048384115e-01
4.288615494522772797e-01 5.311544649791996031e-01
4.312052143034885709e-01 5.337533804322036612e-01
4.335513206608593295e-01 5.363512180922670458e-01
4.358997945340710167e-01 5.389478743152609219e-01
4.382505616622297540e-01 5.415432454962125775e-01
4.406035475199673312e-01 5.441372280810228279e-01
4.429586773235919539e-01 5.467297185782080682e-01
4.453158760372918357e-01 5.493206135706538706e-01
4.476750683793888630e-01 5.519098097273897885e-01
4.500361788286363351e-01 5.544972038153769267e-01
4.523991316305762123e-01 5.570826927113035065e-01
4.547638508039348881e-01 5.596661734133908661e-01
4.571302601470750293e-01 5.622475430532105634e-01
4.594982832444857168e-01 5.648266989074999245e-01
4.618678434733257676e-01 5.674035384099832546e-01
4.642388640100064690e-01 5.699779591631961573e-01
4.666112678368243838e-01 5.725498589503004165e-01
4.689849777486330140e-01 5.751191357469013221e-01
4.713599163595584285e-01 5.776856877328582218e-01
4.737360061097589670e-01 5.802494133040811963e-01
4.761131692722249120e-01 5.828102110843209616e-01
4.784913279596140212e-01 5.853679799369480019e-01
4.808704041311342436e-01 5.879226189767083888e-01
4.832503195994578560e-01 5.904740275814689410e-01
4.856309960376780088e-01 5.930221054039397366e-01
4.880123549862981358e-01 5.955667523833724220e-01
4.903943178602571118e-01 5.981078687572372043e-01
4.927768059559941571e-01 6.006453550728718671e-01
4.951597404585421636e-01 6.031791121990988103e-01
4.975430424486543268e-01 6.057090413378133364e-01
4.999266329099646411e-01 6.082350440355384080e-01
5.023104327361784804e-01 6.107570221949413236e-01
5.046943627382920461e-01 6.132748780863116478e-01
5.070783436518430110e-01 6.157885143589999499e-01
5.094622961441859221e-01 6.182978340528140215e-01
5.118461408217951369e-01 6.208027406093661327e-01
5.142297982375954035e-01 6.233031378833766567e-01
5.166131888983165332e-01 6.257989301539225169e-01
5.189962332718692783e-01 6.282900221356411130e-01
5.213788517947466339e-01 6.307763189898707434e-01
5.237609648794451234e-01 6.332577263357421771e-01
5.261424929219075119e-01 6.357341502612037232e-01
5.285233563089846154e-01 6.382054973339883475e-01
5.309034754259123190e-01 6.406716746125216133e-01
5.332827706638115783e-01 6.431325896567534617e-01
5.356611624272025196e-01 6.455881505389289288e-01
5.380385711415256456e-01 6.480382658542891416e-01
5.404149172606906859e-01 6.504828447316934881e-01
5.427901212746258919e-01 6.529217968441727304e-01
5.451641037168473147e-01 6.553550324194029608e-01
5.475367851720300827e-01 6.577824622500976215e-01
5.499080862835971084e-01 6.602039977043230312e-01
5.522779277613107940e-01 6.626195507357266479e-01
5.546462303888750611e-01 6.650290338936795109e-01
5.570129150315356048e-01 6.674323603333316424e-01
5.593779026436952462e-01 6.698294438255785188e-01
5.617411142765236232e-01 6.722201987669325085e-01
5.641024710855742086e-01 6.746045401893023818e-01
5.664618943384007732e-01 6.769823837696742341e-01
5.688193054221711842e-01 6.793536458396969291e-01
5.711746258512826468e-01 6.817182433951636256e-01
5.735277772749731717e-01 6.840760941053940503e-01
5.758786814849297109e-01 6.864271163225076355e-01
5.782272604228890778e-01 6.887712290905967372e-01
5.805734361882337602e-01 6.911083521547848330e-01
5.829171310455807387e-01 6.934384059701802494e-01
5.852582674323612011e-01 6.957613117107102063e-01
5.875967679663878229e-01 6.980769912778483910e-01
5.899325554534128324e-01 7.003853673092230725e-01
5.922655528946738634e-01 7.026863631871052007e-01
5.945956834944270408e-01 7.049799030467787109e-01
5.969228706674569729e-01 7.072659117847921451e-01
5.992470380465821922e-01 7.095443150670808219e-01
6.015681094901352832e-01 7.118150393369696571e-01
6.038860090894262456e-01 7.140780118230460882e-01
6.062006611761840968e-01 7.163331605469039909e-01
6.085119903299809341e-01 7.185804143307611414e-01
6.108199213856291276e-01 7.208197028049414534e-01
6.131243794405598635e-01 7.230509564152249879e-01
6.154252898621683787e-01 7.252741064300624041e-01
6.177225782951420996e-01 7.274890849476554067e-01
6.200161706687542518e-01 7.296958249028964172e-01
6.223059932041332676e-01 7.318942600741702442e-01
6.245919724214996638e-01 7.340843250900137562e-01
6.268740351473709449e-01 7.362659554356357772e-01
6.291521085217358644e-01 7.384390874592905440e-01
6.314261200051938250e-01 7.406036583785078342e-01
6.336959973860613049e-01 7.427596062861751003e-01
6.359616687874376506e-01 7.449068701564752759e-01
6.382230626742378954e-01 7.470453898506718149e-01
6.404801078601833897e-01 7.491751061227480690e-01
6.427327335147570153e-01 7.512959606248892364e-01
6.449808691701108820e-01 7.534078959128196473e-01
6.472244447279376089e-01 7.555108554509818442e-01
6.494633904662943102e-01 7.576047836175612282e-01
6.516976370463860579e-01 7.596896257093563865e-01
6.539271155192957208e-01 7.617653279464943195e-01
6.561517573326758335e-01 7.638318374769850205e-01
6.583714943373861761e-01 7.658891023811209564e-01
6.605862587940842801e-01 7.679370716757160098e-01
6.627959833797634204e-01 7.699756953181826624e-01
6.650006011942413142e-01 7.720049242104526366e-01
6.672000457665938633e-01 7.740247102027323356e-01
6.693942510615373820e-01 7.760350060970979680e-01
6.715831514857513174e-01 7.780357656509255815e-01
6.737666818941483449e-01 7.800269435801620022e-01
6.759447775960863991e-01 7.820084955624271306e-01
6.781173743615205307e-01 7.839803782399535903e-01
6.802844084270980307e-01 7.859425492223612864e-01
6.824458165021887179e-01 7.878949670892667623e-01
6.846015357748568286e-01 7.898375913927260239e-01
6.867515039177685132e-01 7.917703826595103855e-01
6.888956590940371605e-01 7.936933023932166709e-01
6.910339399630003321e-01 7.956063130762106583e-01
6.931662856859335253e-01 7.975093781714017727e-01
6.952926359316959903e-01 7.994024621238533523e-01
6.974129308823093787e-01 8.012855303622202774e-01
6.995271112384651158e-01 8.031585493000248377e-01
7.016351182249640495e-01 8.050214863367616269e-01
7.037368935960828242e-01 8.068743098588337936e-01
7.058323796408731976e-01 8.087169892403233140e-01
7.079215191883795333e-01 8.105494948435938429e-01
7.100042556127919013e-01 8.123717980197242561e-01
7.120805328385186872e-01 8.141838711087761027e-01
7.141502953451857039e-01 8.159856874398937476e-01
7.162134881725563673e-01 8.177772213312353156e-01
7.182700569253780420e-01 8.195584480897406543e-01
7.203199477781471183e-01 8.213293440107297672e-01
7.223631074797971507e-01 8.230898863773362661e-01
7.243994833583032866e-01 8.248400534597739586e-01
7.264290233252106432e-01 8.265798245144411194e-01
7.284516758800774205e-01 8.283091797828567859e-01
7.304673901148377446e-01 8.300281004904342952e-01
7.324761157180799120e-01 8.317365688450905070e-01
7.344778029792413676e-01 8.334345680356934905e-01
7.364724027927187500e-01 8.351220822303456748e-01
7.384598666618924501e-01 8.367990965745071286e-01
7.404401467030663486e-01 8.384655971889555248e-01
7.424131956493179585e-01 8.401215711675894537e-01
7.443789668542639681e-01 8.417670065750687547e-01
7.463374142957359680e-01 8.434018924442994170e-01
7.482884925793682473e-01 8.450262187737570541e-01
7.502321569420953296e-01 8.466399765246584996e-01
7.521683632555604682e-01 8.482431576179743082e-01
7.540970680294331041e-01 8.498357549312871573e-01
7.560182284146361731e-01 8.514177622954970381e-01
7.579318022064782667e-01 8.529891744913744578e-01
7.598377478476995295e-01 8.545499872459612067e-01
7.617360244314191897e-01 8.561001972288222461e-01
7.636265917039938289e-01 8.576398020481470486e-01
7.655094100677787283e-01 8.591688002467039453e-01
7.673844405837980664e-01 8.606871912976490346e-01
7.692516449743194151e-01 8.621949756001880960e-01
7.711109856253336448e-01 8.636921544750962854e-01
7.729624255889375739e-01 8.651787301600941671e-01
7.748059285856238043e-01 8.666547058050844132e-01
7.766414590064729673e-01 8.681200854672481704e-01
7.784689819152500467e-01 8.695748741060020937e-01
7.802884630504038910e-01 8.710190775778220429e-01
7.820998688269696908e-01 8.724527026309290001e-01
7.839031663383739801e-01 8.738757568998439806e-01
7.856983233581432691e-01 8.752882488998094956e-01
7.874853083415140897e-01 8.766901880210812292e-01
7.892640904269452307e-01 8.780815845230939276e-01
7.910346394375317169e-01 8.794624495284968368e-01
7.927969258823215348e-01 8.808327950170682374e-01
7.945509209575332132e-01 8.821926338195027473e-01
7.962965965476744845e-01 8.835419796110819401e-01
7.980339252265638006e-01 8.848808469052227288e-01
7.997628802582511520e-01 8.862092510469083972e-01
8.014834355978436298e-01 8.875272082060046142e-01
8.031955658922265151e-01 8.888347353704624254e-01
8.048992464806922209e-01 8.901318503394081150e-01
8.065944533954656492e-01 8.914185717161244860e-01
8.082811633621332925e-01 8.926949189009233399e-01
8.099593537999718595e-01 8.939609120839125955e-01
8.116290028221802011e-01 8.952165722376606016e-01
8.132900892360115375e-01 8.964619211097568652e-01
8.149425925428084305e-01 8.976969812152751915e-01
8.165864929379365034e-01 8.989217758291373483e-01
8.182217713106244572e-01 9.001363289783834709e-01
8.198484092437026138e-01 9.013406654343477653e-01
8.214663890132460899e-01 9.025348107047431734e-01
8.230756935881184955e-01 9.037187910256578860e-01
8.246763066294200417e-01 9.048926333534648148e-01
8.262682124898373948e-01 9.060563653566465758e-01
8.278513962128974946e-01 9.072100154075379841e-01
8.294258435321252287e-01 9.083536125739882783e-01
8.309915408701046280e-01 9.094871866109469627e-01
8.325484753374440272e-01 9.106107679519721554e-01
8.340966347316457474e-01 9.117243877006677710e-01
8.356360075358828521e-01 9.128280776220468740e-01
8.371665829176774265e-01 9.139218701338300832e-01
8.386883507274894844e-01 9.150057982976744775e-01
8.402013014972073979e-01 9.160798958103403278e-01
8.417054264385499529e-01 9.171441969947945472e-01
8.432007174413700401e-01 9.181987367912567422e-01
8.446871670718719693e-01 9.192435507481864221e-01
8.461647685707329725e-01 9.202786750132164739e-01
8.476335158511355550e-01 9.213041463240347895e-01
8.490934034967076993e-01 9.223200019992132681e-01
8.505444267593744723e-01 9.233262799289934097e-01
8.519865815571200374e-01 9.243230185660229470e-01
8.534198644716612936e-01 9.253102569160513990e-01
8.548442727460303647e-01 9.262880345285841033e-01
8.562598042820743771e-01 9.272563914874994984e-01
8.576664576378643101e-01 9.282153684016293260e-01
8.590642320250211350e-01 9.291650063953053040e-01
8.604531273059534691e-01 9.301053470988758232e-01
8.618331439910129621e-01 9.310364326391928902e-01
8.632042832355640849e-01 9.319583056300729806e-01
8.645665468369722051e-01 9.328710091627345768e-01
8.659199372315087295e-01 9.337745867962120583e-01
8.672644574911744231e-01 9.346690825477531606e-01
8.686001113204422364e-01 9.355545408831964505e-01
8.699269030529201974e-01 9.364310067073365884e-01
8.712448376479358103e-01 9.372985253542749362e-01
8.725539206870414066e-01 9.381571425777622819e-01
8.738541583704430016e-01 9.390069045415327942e-01
8.751455575133516573e-01 9.398478578096315372e-01
8.764281255422616823e-01 9.406800493367407645e-01
8.777018704911505598e-01 9.415035264585036590e-01
8.789668009976091545e-01 9.423183368818501826e-01
8.802229262988970904e-01 9.431245286753268120e-01
8.814702562279267406e-01 9.439221502594308255e-01
8.827088012091767188e-01 9.447112503969535835e-01
8.839385722545356483e-01 9.454918781833340224e-01
8.851595809590775410e-01 9.462640830370240286e-01
8.863718394967696756e-01 9.470279146898687994e-01
8.875753606161117526e-01 9.477834231775034146e-01
8.887701576357132094e-01 9.485306588297689467e-01
8.899562444398024796e-01 9.492696722611488891e-01
8.911336354736751897e-01 9.500005143612284542e-01
8.923023457390789615e-01 9.507232362851801843e-01
8.934623907895367090e-01 9.514378894442752088e-01
8.946137867256106491e-01 9.521445254964248095e-01
8.957565501901065819e-01 9.528431963367524071e-01
8.968906983632208840e-01 9.535339540881991871e-01
8.980162489576299922e-01 9.542168510921651414e-01
8.991332202135242646e-01 9.548919398991866370e-01
9.002416308935888845e-01 9.555592732596530636e-01
9.013415002779293639e-01 9.562189041145647828e-01
9.024328481589458661e-01 9.568708855863341523e-01
9.035156948361571239e-01 9.575152709696299613e-01
9.045900611109732870e-01 9.581521137222699380e-01
9.056559682814216972e-01 9.587814674561595529e-01
9.067134381368240348e-01 9.594033859282834475e-01
9.077624929524277242e-01 9.600179230317460455e-01
9.088031554839928194e-01 9.606251327868677858e-01
9.098354489623347030e-01 9.612250693323347583e-01
9.108593970878238189e-01 9.618177869164062921e-01
9.118750240248459926e-01 9.624033398881810530e-01
9.128823543962194531e-01 9.629817826889225385e-01
9.138814132775776589e-01 9.635531698434468550e-01
9.148722261917093812e-01 9.641175559515728910e-01
9.158548191028665908e-01 9.646749956796386583e-01
9.168292184110352627e-01 9.652255437520820269e-01
9.177954509461736521e-01 9.657692549430905160e-01
9.187535439624164857e-01 9.663061840683194736e-01
9.197035251322486227e-01 9.668363859766809787e-01
9.206454225406500713e-01 9.673599155422041296e-01
9.215792646792094756e-01 9.678768276559694961e-01
9.225050804402132876e-01 9.683871772181166238e-01
9.234228991107057416e-01 9.688910191299283658e-01
9.243327503665262901e-01 9.693884082859918205e-01
9.252346642663220599e-01 9.698793995664373169e-01
9.261286712455384373e-01 9.703640478292565597e-01
9.270148021103881142e-01 9.708424079027017095e-01
9.278930880318012608e-01 9.713145345777657313e-01
9.287635605393554927e-01 9.717804826007454544e-01
9.296262515151902939e-01 9.722403066658874549e-01
9.304811931879041209e-01 9.726940614081206471e-01
9.313284181264370742e-01 9.731418013958721414e-01
9.321679592339412457e-01 9.735835811239710313e-01
9.329998497416358560e-01 9.740194550066398893e-01
9.338241232026546212e-01 9.744494773705730806e-01
9.346408134858819050e-01 9.748737024481057833e-01
9.354499547697793238e-01 9.752921843704726035e-01
9.362515815362079108e-01 9.757049771611562283e-01
9.370457285642407319e-01 9.761121347293282291e-01
9.378324309239737255e-01 9.765137108633820118e-01
9.386117239703313242e-01 9.769097592245582495e-01
9.393836433368697447e-01 9.773003333406639070e-01
9.401482249295808336e-01 9.776854865998856337e-01
9.409055049206929144e-01 9.780652722446974145e-01
9.416555197424760770e-01 9.784397433658632570e-01
9.423983060810482426e-01 9.788089528965363550e-01
9.431339008701848936e-01 9.791729536064531780e-01
9.438623412851347982e-01 9.795317980962253701e-01
9.445836647364402872e-01 9.798855387917274617e-01
9.452979088637656346e-01 9.802342279385829471e-01
9.460051115297343216e-01 9.805779175967469508e-01
9.467053108137737372e-01 9.809166596351879264e-01
9.473985450059739799e-01 9.812505057266667219e-01
9.480848526009542088e-01 9.815795073426151207e-01
9.487642722917459803e-01 9.819037157481111944e-01
9.494368429636881324e-01 9.822231819969562405e-01
9.501026036883365444e-01 9.825379569268477553e-01
9.507615937173932164e-01 9.828480911546542131e-01
9.514138524766486693e-01 9.831536350717869910e-01
9.520594195599452192e-01 9.834546388396725458e-01
9.526983347231595678e-01 9.837511523853235129e-01
9.533306378782048229e-01 9.840432253970093912e-01
9.539563690870557222e-01 9.843309073200260384e-01
9.545755685557938408e-01 9.846142473525644201e-01
9.551882766286799997e-01 9.848932944416785018e-01
9.557945337822479903e-01 9.851680972793519508e-01
9.563943806194253883e-01 9.854387042986637590e-01
9.569878578636822342e-01 9.857051636700518982e-01
9.575750063532034728e-01 9.859675232976763404e-01
9.581558670350946993e-01 9.862258308158788900e-01
9.587304809596137734e-01 9.864801335857422693e-01
9.592988892744338525e-01 9.867304786917454607e-01
9.598611332189391776e-01 9.869769129385170814e-01
9.604172541185503897e-01 9.872194828476855699e-01
9.609672933790855964e-01 9.874582346548256284e-01
9.615112924811535233e-01 9.876932143065006997e-01
9.620492929745821931e-01 9.879244674574020335e-01
9.625813364728841304e-01 9.881520394675815666e-01
9.631074646477560952e-01 9.883759753997808373e-01
9.636277192236183398e-01 9.885963200168532694e-01
9.641421419721901698e-01 9.888131177792813808e-01
9.646507747071058070e-01 9.890264128427855850e-01
9.651536592785693314e-01 9.892362490560275834e-01
9.656508375680497025e-01 9.894426699584041307e-01
9.661423514830178583e-01 9.896457187779329479e-01
9.666282429517254471e-01 9.898454384292304509e-01
9.671085539180250823e-01 9.900418715115778534e-01
9.675833263362363379e-01 9.902350603070781965e-01
9.680526021660529334e-01 9.904250467789015300e-01
