1.000000000000000000e+07 5.000000000000000000e+00
1.047100000000000000e+07 5.000000000000000000e+00
1.096500000000000000e+07 5.000000000000000000e+00
1.148200000000000000e+07 5.000000000000000000e+00
1.202300000000000000e+07 5.000000000000000000e+00
1.258900000000000000e+07 5.000000000000000000e+00
1.318200000000000000e+07 5.000000000000000000e+00
1.380400000000000000e+07 5.000000000000000000e+00
1.445400000000000000e+07 5.000000000000000000e+00
1.513600000000000000e+07 5.000000000000000000e+00
1.584900000000000000e+07 5.000000000000000000e+00
1.659600000000000000e+07 5.000000000000000000e+00
1.737800000000000000e+07 5.000000000000000000e+00
1.819700000000000000e+07 5.000000000000000000e+00
1.905500000000000000e+07 5.000000000000000000e+00
1.995300000000000000e+07 5.000000000000000000e+00
2.089300000000000000e+07 5.000000000000000000e+00
2.187800000000000000e+07 5.000000000000000000e+00
2.290900000000000000e+07 5.000000000000000000e+00
2.398800000000000000e+07 5.000000000000000000e+00
2.511900000000000000e+07 5.000000000000000000e+00
2.630300000000000000e+07 5.000000000000000000e+00
2.754200000000000000e+07 5.000000000000000000e+00
2.900000000000000000e+07 5.000000000000000000e+00
3.000000000000000000e+07 5.000000000000000000e+00
3.100000000000000000e+07 5.000000000000000000e+00
3.200000000000000000e+07 5.000000000000000000e+00
3.300000000000000000e+07 5.000000000000000000e+00
3.400000000000000000e+07 5.000000000000000000e+00
3.500000000000000000e+07 5.000000000000000000e+00
3.600000000000000000e+07 5.000000000000000000e+00
3.700000000000000000e+07 5.000000000000000000e+00
3.800000000000000000e+07 5.000000000000000000e+00
3.900000000000000000e+07 5.000000000000000000e+00
4.000000000000000000e+07 5.000000000000000000e+00
4.250000000000000000e+07 5.000000000000000000e+00
4.500000000000000000e+07 5.000000000000000000e+00
4.750000000000000000e+07 5.000000000000000000e+00
5.000000000000000000e+07 5.000000000000000000e+00
5.250000000000000000e+07 5.000000000000000000e+00
5.500000000000000000e+07 5.000000000000000000e+00
5.708800000000000000e+07 5.000000000000000000e+00
6.405400000000000000e+07 5.000000000000000000e+00
7.187000000000000000e+07 5.000000000000000000e+00
8.063900000000000000e+07 5.000000000000000000e+00
9.047800000000000000e+07 5.000000000000000000e+00
1.015200000000000000e+08 5.000000000000000000e+00
1.139100000000000000e+08 5.000000000000000000e+00
1.278000000000000000e+08 5.000000000000000000e+00
1.434000000000000000e+08 5.000000000000000000e+00
1.609000000000000000e+08 5.000000000000000000e+00
1.805300000000000000e+08 5.000000000000000000e+00
2.025600000000000000e+08 5.000000000000000000e+00
2.272700000000000000e+08 5.000000000000000000e+00
2.550000000000000000e+08 5.000000000000000000e+00
2.861200000000000000e+08 5.000000000000000000e+00
3.210300160000000000e+08 5.000000000000000000e+00
3.602000000000000000e+08 5.000000000000000000e+00
4.041500160000000000e+08 5.000000000000000000e+00
4.534700160000000000e+08 5.000000000000000000e+00
5.088000000000000000e+08 5.000000000000000000e+00
5.708800000000000000e+08 5.000000000000000000e+00
6.405400320000000000e+08 5.000000000000000000e+00
7.187000320000000000e+08 5.000000000000000000e+00
8.064000000000000000e+08 5.000000000000000000e+00
9.047900160000000000e+08 5.000000000000000000e+00
1.015200000000000000e+09 5.000000000000000000e+00
1.139100030000000000e+09 5.000000000000000000e+00
1.278099970000000000e+09 5.000000000000000000e+00
1.434000000000000000e+09 4.959999999999999964e+00
1.608999940000000000e+09 4.440000000000000391e+00
1.680000000000000000e+09 4.270000000000000462e+00
1.700000000000000000e+09 4.219999999999999751e+00
1.800000000000000000e+09 3.990000000000000213e+00
1.900000000000000000e+09 3.790000000000000036e+00
2.000000000000000000e+09 3.609999999999999876e+00
2.100000000000000000e+09 3.439999999999999947e+00
2.200000000000000000e+09 3.290000000000000036e+00
2.300000000000000000e+09 3.149999999999999911e+00
2.400000000000000000e+09 3.020000000000000018e+00
2.500000000000000000e+09 2.899999999999999911e+00
2.600000000000000000e+09 2.780000000000000249e+00
2.750000130000000000e+09 2.629999999999999893e+00
3.000000000000000000e+09 2.410000000000000142e+00
3.249999870000000000e+09 2.209999999999999964e+00
3.500000000000000000e+09 2.040000000000000036e+00
3.750000130000000000e+09 1.890000000000000124e+00
4.000000000000000000e+09 1.760000000000000009e+00
4.249999870000000000e+09 1.640000000000000124e+00
4.499999740000000000e+09 1.530000000000000027e+00
4.750000130000000000e+09 1.429999999999999938e+00
5.000000000000000000e+09 1.340000000000000080e+00
5.249999870000000000e+09 1.260000000000000009e+00
5.500000260000000000e+09 1.179999999999999938e+00
5.750000130000000000e+09 1.110000000000000098e+00
6.000000000000000000e+09 1.040000000000000036e+00
6.249999870000000000e+09 9.799999999999999822e-01
6.499999740000000000e+09 9.200000000000000400e-01
6.750000130000000000e+09 8.699999999999999956e-01
7.000000000000000000e+09 8.200000000000000622e-01
7.249999870000000000e+09 7.700000000000000178e-01
7.500000260000000000e+09 7.199999999999999734e-01
7.750000130000000000e+09 6.800000000000000488e-01
8.000000000000000000e+09 6.400000000000000133e-01
8.249999870000000000e+09 5.999999999999999778e-01
8.499999740000000000e+09 5.600000000000000533e-01
8.750000130000000000e+09 5.200000000000000178e-01
8.999999490000000000e+09 4.899999999999999911e-01
9.249999870000000000e+09 4.600000000000000200e-01
9.500000260000000000e+09 4.199999999999999845e-01
9.749999620000000000e+09 3.900000000000000133e-01
1.000000000000000000e+10 3.599999999999999867e-01
1.025000040000000000e+10 3.400000000000000244e-01
1.049999970000000000e+10 3.099999999999999978e-01
1.075000010000000000e+10 2.800000000000000266e-01
1.100000050000000000e+10 2.600000000000000089e-01
1.124999990000000000e+10 2.300000000000000100e-01
1.150000030000000000e+10 2.099999999999999922e-01
1.174999960000000000e+10 1.900000000000000022e-01
1.200000000000000000e+10 1.600000000000000033e-01
1.225000040000000000e+10 1.400000000000000133e-01
1.249999970000000000e+10 1.199999999999999956e-01
1.275000010000000000e+10 1.000000000000000056e-01
1.299999950000000000e+10 8.000000000000000167e-02
1.324999990000000000e+10 5.999999999999999778e-02
1.350000030000000000e+10 4.000000000000000083e-02
1.374999960000000000e+10 2.000000000000000042e-02
