# obj_no phot_z age_old age_new f_old_V  EBV norm chi
1.000000000000000000e+00 2.899999999999999800e-01 8.064000000000000000e+08 1.000000000000000000e+07 9.229036410043919281e-01 5.000000000000000278e-02 1.363095113833778429e-18 1.990425348421782473e+03
2.000000000000000000e+00 1.409999999999999920e+00 8.064000000000000000e+08 5.000000000000000000e+07 9.768868878517409371e-01 6.000000000000000888e-01 8.319859731573479143e-19 1.274982324996591387e+03
3.000000000000000000e+00 2.999999999999999889e-02 8.064000000000000000e+08 1.000000000000000000e+07 9.768868878517409371e-01 1.500000000000000222e-01 4.142759936838879991e-19 1.537211595312521467e+03
4.000000000000000000e+00 1.689999999999999947e+00 8.064000000000000000e+08 1.000000000000000000e+07 9.550459126142375466e-01 4.000000000000000222e-01 2.218519247705259404e-19 7.960725193365207133e+02
5.000000000000000000e+00 5.500000000000000444e-01 8.064000000000000000e+08 5.000000000000000000e+07 9.768868878517409371e-01 1.250000000000000000e-01 1.201514477795858983e-19 9.198875781006017860e+02
6.000000000000000000e+00 3.500000000000000333e-01 8.064000000000000000e+08 1.000000000000000000e+07 9.187989160644089992e-01 0.000000000000000000e+00 4.155299518133232284e-19 9.268210319721300721e+02
7.000000000000000000e+00 2.470000000000000195e+00 8.064000000000000000e+08 5.000000000000000000e+07 9.768868878517409371e-01 3.000000000000000444e-01 1.786794234207430129e-19 6.207932532849006293e+02
8.000000000000000000e+00 4.199999999999999845e-01 8.064000000000000000e+08 1.000000000000000000e+07 9.100000000000000311e-01 0.000000000000000000e+00 3.156732684931358107e-19 9.680864113346895010e+02
9.000000000000000000e+00 1.090000000000000080e+00 8.064000000000000000e+08 2.511900000000000000e+07 9.100000000000000311e-01 1.500000000000000000e+00 3.484405264155429188e-17 7.915809073641071336e+03
1.000000000000000000e+01 8.699999999999999956e-01 8.064000000000000000e+08 5.000000000000000000e+07 9.768868878517409371e-01 1.375000000000000000e+00 2.163604615793222136e-18 6.475002421162917017e+03
1.100000000000000000e+01 1.459999999999999964e+00 8.064000000000000000e+08 5.000000000000000000e+07 9.100000000000000311e-01 1.425000000000000044e+00 2.714083307761934990e-17 1.817147381833000736e+03
1.200000000000000000e+01 5.000000000000000000e+00 8.064000000000000000e+08 1.000000000000000000e+07 9.768868878517409371e-01 1.000000000000000056e-01 1.153097044061408342e-19 6.012996053604709914e+02
1.300000000000000000e+01 2.430000000000000160e+00 8.064000000000000000e+08 5.000000000000000000e+07 9.100000000000000311e-01 4.750000000000000333e-01 1.278383066792528991e-18 1.130949386516451341e+03
1.400000000000000000e+01 1.110000000000000098e+00 8.064000000000000000e+08 1.000000000000000000e+07 9.100000000000000311e-01 1.125000000000000000e+00 6.821375920938159829e-18 2.395276890236097643e+03
1.500000000000000000e+01 8.200000000000000622e-01 8.064000000000000000e+08 5.000000000000000000e+07 9.768868878517409371e-01 5.750000000000000666e-01 1.306333067640073380e-19 8.850304927427841903e+02
1.600000000000000000e+01 4.199999999999999845e-01 8.064000000000000000e+08 5.000000000000000000e+07 9.768868878517409371e-01 1.250000000000000000e-01 2.822390670127179772e-19 1.417729684499231553e+03
1.700000000000000000e+01 1.040000000000000036e+00 8.064000000000000000e+08 5.000000000000000000e+07 9.768868878517409371e-01 8.750000000000000000e-01 6.630372627518238390e-18 4.923877983620432133e+03
1.800000000000000000e+01 3.200000000000000067e-01 8.064000000000000000e+08 1.000000000000000000e+07 9.100000000000000311e-01 0.000000000000000000e+00 2.314344524837509321e-18 3.170114994890986509e+03
1.900000000000000000e+01 3.800000000000000044e-01 8.064000000000000000e+08 1.000000000000000000e+07 9.341422424970816651e-01 0.000000000000000000e+00 6.946669918877924834e-19 2.066685183533285908e+03
2.000000000000000000e+01 2.689999999999999947e+00 8.064000000000000000e+08 1.000000000000000000e+07 9.663484167759833765e-01 0.000000000000000000e+00 7.737167879509214610e-20 5.233115947125703542e+02
2.100000000000000000e+01 1.530000000000000027e+00 8.064000000000000000e+08 5.000000000000000000e+07 9.753263149547468647e-01 1.500000000000000000e+00 1.996881097117083520e-17 6.981637713687940050e+03
2.200000000000000000e+01 7.500000000000000000e-01 8.064000000000000000e+08 5.000000000000000000e+07 9.768868878517409371e-01 7.000000000000000666e-01 2.823096753425621424e-19 1.162280606959859369e+03
2.300000000000000000e+01 5.000000000000000000e-01 8.064000000000000000e+08 5.000000000000000000e+07 9.768868878517409371e-01 4.250000000000000444e-01 3.236157143391650287e-19 1.112355492517087669e+03
2.400000000000000000e+01 1.260000000000000009e+00 8.064000000000000000e+08 5.000000000000000000e+07 9.768868878517409371e-01 8.750000000000000000e-01 2.429675455412847745e-18 1.814189478972817142e+03
2.500000000000000000e+01 4.000000000000000222e-01 8.064000000000000000e+08 5.000000000000000000e+07 9.768868878517409371e-01 0.000000000000000000e+00 1.149670480875071572e-19 8.853843833452993977e+02
2.600000000000000000e+01 3.479999999999999982e+00 8.064000000000000000e+08 5.000000000000000000e+07 9.100000000000000311e-01 6.750000000000000444e-01 4.645868540284752368e-19 7.480175044416532728e+02
2.700000000000000000e+01 6.400000000000000133e-01 8.064000000000000000e+08 5.000000000000000000e+07 9.768868878517409371e-01 2.500000000000000139e-02 3.780177230138167839e-19 3.011794513394495425e+03
2.800000000000000000e+01 1.040000000000000036e+00 8.064000000000000000e+08 1.000000000000000000e+07 9.100000000000000311e-01 1.100000000000000089e+00 3.075980381908427607e-18 1.363568375110200122e+03
2.900000000000000000e+01 9.300000000000000488e-01 8.064000000000000000e+08 5.000000000000000000e+07 9.768868878517409371e-01 1.500000000000000000e+00 8.028422575650598095e-19 4.792573261728639045e+04
3.000000000000000000e+01 3.900000000000000133e-01 8.064000000000000000e+08 5.000000000000000000e+07 9.768868878517409371e-01 1.750000000000000167e-01 1.226680499674895972e-19 9.743848248342468423e+02
3.100000000000000000e+01 4.080000000000000071e+00 8.064000000000000000e+08 5.000000000000000000e+07 9.497440413925641867e-01 1.500000000000000000e+00 1.178178422627816098e-18 1.246752022222014602e+03
3.200000000000000000e+01 1.520000000000000018e+00 8.064000000000000000e+08 5.000000000000000000e+07 9.524560062662843496e-01 1.500000000000000000e+00 1.194891444930422474e-17 2.052054850725829510e+03
3.300000000000000000e+01 3.699999999999999956e-01 8.064000000000000000e+08 5.000000000000000000e+07 9.768868878517409371e-01 3.500000000000000333e-01 1.716130710615568705e-19 1.112247969342051192e+03
3.400000000000000000e+01 9.799999999999999822e-01 8.064000000000000000e+08 5.000000000000000000e+07 9.768868878517409371e-01 1.500000000000000000e+00 -2.416000981367185304e-20 5.962477742044455908e+02
3.500000000000000000e+01 1.060000000000000053e+00 8.064000000000000000e+08 5.000000000000000000e+07 9.768868878517409371e-01 8.500000000000000888e-01 5.748138332401961600e-18 5.842414745228948959e+03
3.600000000000000000e+01 6.500000000000000222e-01 8.064000000000000000e+08 5.000000000000000000e+07 9.768868878517409371e-01 5.000000000000000278e-02 6.317664125125924653e-20 8.086357646031395916e+02
3.700000000000000000e+01 5.899999999999999689e-01 8.064000000000000000e+08 5.000000000000000000e+07 9.768868878517409371e-01 1.500000000000000000e+00 4.121824931895640499e-18 3.568838681287668805e+03
3.800000000000000000e+01 5.000000000000000278e-02 8.064000000000000000e+08 1.000000000000000000e+07 9.268236228897329676e-01 0.000000000000000000e+00 1.316150786521060502e-18 1.173443041621654856e+03
3.900000000000000000e+01 4.500000000000000111e-01 8.064000000000000000e+08 1.000000000000000000e+07 9.100000000000000311e-01 0.000000000000000000e+00 7.051543438050079367e-19 1.564261039838424949e+03
4.000000000000000000e+01 2.000000000000000111e-01 8.064000000000000000e+08 5.000000000000000000e+07 9.768868878517409371e-01 3.250000000000000111e-01 3.678858260361582828e-19 1.509426364814328508e+03
4.100000000000000000e+01 3.099999999999999978e-01 8.064000000000000000e+08 1.000000000000000000e+07 9.100000000000000311e-01 0.000000000000000000e+00 2.863704458625662758e-18 2.877957337875423036e+03
4.200000000000000000e+01 5.000000000000000000e+00 8.064000000000000000e+08 1.000000000000000000e+07 9.100000000000000311e-01 1.275000000000000133e+00 5.091680579516203684e-19 1.149709143379445777e+03
4.300000000000000000e+01 5.000000000000000000e+00 8.064000000000000000e+08 5.000000000000000000e+07 9.768868878517409371e-01 7.000000000000000666e-01 4.362111157361161501e-19 1.512246403878968295e+03
4.400000000000000000e+01 5.300000000000000266e-01 8.064000000000000000e+08 1.000000000000000000e+07 9.100000000000000311e-01 6.500000000000000222e-01 2.802135355809645157e-18 1.858028868333147102e+03
4.500000000000000000e+01 3.300000000000000155e-01 8.064000000000000000e+08 1.000000000000000000e+07 9.768868878517409371e-01 0.000000000000000000e+00 1.582767506808985874e-19 9.600447588915192227e+02
4.600000000000000000e+01 3.149999999999999911e+00 8.064000000000000000e+08 1.000000000000000000e+07 9.100000000000000311e-01 1.375000000000000000e+00 4.705740709866713067e-18 1.897922121580113981e+03
4.700000000000000000e+01 3.400000000000000244e-01 8.064000000000000000e+08 5.000000000000000000e+07 9.768868878517409371e-01 0.000000000000000000e+00 2.219386667170609160e-19 1.139275504706952688e+03
4.800000000000000000e+01 4.879999999999999893e+00 8.064000000000000000e+08 1.000000000000000000e+07 9.100000000000000311e-01 1.225000000000000089e+00 9.371113733322845284e-19 1.079705522396679271e+03
4.900000000000000000e+01 2.999999999999999889e-02 8.064000000000000000e+08 1.000000000000000000e+07 9.768868878517409371e-01 2.250000000000000056e-01 7.419399667624959218e-19 2.829273379456421026e+03
5.000000000000000000e+01 2.419999999999999929e+00 8.064000000000000000e+08 1.000000000000000000e+07 9.753263149547468647e-01 5.000000000000000278e-02 7.163757993319832119e-19 2.082805241283940632e+03
5.100000000000000000e+01 1.620000000000000107e+00 8.064000000000000000e+08 5.000000000000000000e+07 9.469042655519807061e-01 1.500000000000000000e+00 7.754531534650415454e-18 1.465628051317477230e+03
5.200000000000000000e+01 5.400000000000000355e-01 8.064000000000000000e+08 5.000000000000000000e+07 9.768868878517409371e-01 0.000000000000000000e+00 7.173425643844544178e-20 8.887901153809660855e+02
5.300000000000000000e+01 3.099999999999999978e-01 8.064000000000000000e+08 5.000000000000000000e+07 9.768868878517409371e-01 2.250000000000000056e-01 2.015657842472686535e-19 1.031073126543059743e+03
5.400000000000000000e+01 2.490000000000000213e+00 8.064000000000000000e+08 5.000000000000000000e+07 9.768868878517409371e-01 5.000000000000000278e-02 1.307063768003044701e-19 8.615235550568702365e+02
5.500000000000000000e+01 2.540000000000000036e+00 8.064000000000000000e+08 1.000000000000000000e+07 9.145007413978564204e-01 1.475000000000000089e+00 2.341191315033534202e-17 1.138977606016218851e+04
5.600000000000000000e+01 1.409999999999999920e+00 8.064000000000000000e+08 5.000000000000000000e+07 9.768868878517409371e-01 1.500000000000000000e+00 1.524140821047035246e-18 9.334440573209462855e+02
5.700000000000000000e+01 2.270000000000000018e+00 8.064000000000000000e+08 1.000000000000000000e+07 9.100000000000000311e-01 5.000000000000000000e-01 3.717724378932085760e-18 1.906109590370337628e+03
5.800000000000000000e+01 4.049999999999999822e+00 8.064000000000000000e+08 5.000000000000000000e+07 9.100000000000000311e-01 5.500000000000000444e-01 3.941595052648702211e-19 2.559643662004635644e+03
5.900000000000000000e+01 2.450000000000000178e+00 8.064000000000000000e+08 5.000000000000000000e+07 9.768868878517409371e-01 1.000000000000000056e-01 6.587863431500912004e-19 2.363624920214392205e+03
6.000000000000000000e+01 1.360000000000000098e+00 8.064000000000000000e+08 1.000000000000000000e+07 9.100000000000000311e-01 1.125000000000000000e+00 2.222286317388803943e-17 7.073839912736713814e+03
6.100000000000000000e+01 1.890000000000000124e+00 8.064000000000000000e+08 5.000000000000000000e+07 9.439306551992403538e-01 2.500000000000000139e-02 2.538385058725634315e-19 4.925414298127116695e+02
6.200000000000000000e+01 3.099999999999999978e-01 8.064000000000000000e+08 1.000000000000000000e+07 9.100000000000000311e-01 3.250000000000000111e-01 8.822245705619507021e-19 6.273234509676123025e+02
6.300000000000000000e+01 1.660000000000000142e+00 8.064000000000000000e+08 1.000000000000000000e+07 9.736921945229898290e-01 1.225000000000000089e+00 2.588722552940457407e-18 1.158917819916807275e+03
6.400000000000000000e+01 1.370000000000000107e+00 8.064000000000000000e+08 1.000000000000000000e+07 9.642911810385125237e-01 1.500000000000000000e+00 2.576451789699357055e-18 2.169467982063333693e+03
6.500000000000000000e+01 4.660000000000000142e+00 8.064000000000000000e+08 1.000000000000000000e+07 9.768868878517409371e-01 6.000000000000000888e-01 3.512847267928177890e-19 1.312082047829255771e+03
6.600000000000000000e+01 3.699999999999999956e-01 8.064000000000000000e+08 1.000000000000000000e+07 9.469042655519807061e-01 0.000000000000000000e+00 8.706214736127380300e-19 2.020822015681215362e+03
6.700000000000000000e+01 4.520000000000000462e+00 8.064000000000000000e+08 5.000000000000000000e+07 9.768868878517409371e-01 0.000000000000000000e+00 6.609024486308405637e-20 7.888220369698788090e+02
6.800000000000000000e+01 1.060000000000000053e+00 8.064000000000000000e+08 2.511900000000000000e+07 9.187989160644089992e-01 1.500000000000000000e+00 2.053933971594393797e-17 2.819668284159559335e+03
6.900000000000000000e+01 2.350000000000000089e+00 8.064000000000000000e+08 1.000000000000000000e+07 9.100000000000000311e-01 7.500000000000000000e-01 9.753319587285901737e-15 2.924455234788374230e+07
7.000000000000000000e+01 1.000000000000000021e-02 8.064000000000000000e+08 1.000000000000000000e+07 9.768868878517409371e-01 7.500000000000001110e-02 4.717264774462167638e-15 2.679030820391545817e+07
7.100000000000000000e+01 5.799999999999999600e-01 8.064000000000000000e+08 5.000000000000000000e+07 9.100000000000000311e-01 0.000000000000000000e+00 3.909162057383007323e-19 9.537608875045225432e+02
7.200000000000000000e+01 4.450000000000000178e+00 8.064000000000000000e+08 1.000000000000000000e+07 9.768868878517409371e-01 3.500000000000000333e-01 1.269102164782082043e-19 1.103292700431558160e+03
7.300000000000000000e+01 3.689999999999999947e+00 8.064000000000000000e+08 5.000000000000000000e+07 9.768868878517409371e-01 0.000000000000000000e+00 6.978988342564046338e-20 3.963345065771599820e+03
7.400000000000000000e+01 4.870000000000000107e+00 8.064000000000000000e+08 1.000000000000000000e+07 9.100000000000000311e-01 1.500000000000000000e+00 1.805320578344447178e-19 4.753403841614533007e+02
7.500000000000000000e+01 4.750000000000000000e+00 8.064000000000000000e+08 1.000000000000000000e+07 9.768868878517409371e-01 1.025000000000000133e+00 3.422195649999080372e-19 1.512358993618765453e+03
7.600000000000000000e+01 6.400000000000000133e-01 8.064000000000000000e+08 5.000000000000000000e+07 9.719810603679438499e-01 0.000000000000000000e+00 1.755272351155266294e-19 1.116973621394389511e+03
7.700000000000000000e+01 1.939999999999999947e+00 8.064000000000000000e+08 1.000000000000000000e+07 9.768868878517409371e-01 9.250000000000000444e-01 2.267770910620995057e-18 1.173521041847176093e+04
7.800000000000000000e+01 4.160000000000000142e+00 8.064000000000000000e+08 2.511900000000000000e+07 9.100000000000000311e-01 0.000000000000000000e+00 1.892228842803109715e-19 2.898291911337732472e+03
7.900000000000000000e+01 4.799999999999999822e-01 8.064000000000000000e+08 1.000000000000000000e+07 9.100000000000000311e-01 0.000000000000000000e+00 3.282236555231469820e-19 9.325129118998129343e+02
8.000000000000000000e+01 2.999999999999999889e-02 8.064000000000000000e+08 1.000000000000000000e+07 9.768868878517409371e-01 0.000000000000000000e+00 5.579233452727339575e-19 1.396688218599511629e+03
8.100000000000000000e+01 1.090000000000000080e+00 8.064000000000000000e+08 2.511900000000000000e+07 9.100000000000000311e-01 3.000000000000000444e-01 1.253535633902540537e-18 6.629428501460228063e+02
8.200000000000000000e+01 1.600000000000000033e-01 8.064000000000000000e+08 1.000000000000000000e+07 9.768868878517409371e-01 2.500000000000000000e-01 4.057056885030828179e-19 1.196980399843458599e+03
8.300000000000000000e+01 8.100000000000000533e-01 8.064000000000000000e+08 5.000000000000000000e+07 9.768868878517409371e-01 7.250000000000000888e-01 1.842872787497450607e-19 8.607640775660163399e+02
8.400000000000000000e+01 5.200000000000000178e-01 8.064000000000000000e+08 5.000000000000000000e+07 9.268236228897329676e-01 0.000000000000000000e+00 6.327755861976714494e-19 1.094360721895067627e+03
8.500000000000000000e+01 2.169999999999999929e+00 8.064000000000000000e+08 5.000000000000000000e+07 9.719810603679438499e-01 0.000000000000000000e+00 5.095595888100112656e-19 1.014119889187937360e+03
8.600000000000000000e+01 1.679999999999999938e+00 8.064000000000000000e+08 5.000000000000000000e+07 9.268236228897329676e-01 7.000000000000000666e-01 1.101063289473132996e-18 1.237787647082312787e+03
8.700000000000000000e+01 1.929999999999999938e+00 8.064000000000000000e+08 1.000000000000000000e+07 9.100000000000000311e-01 6.500000000000000222e-01 4.573288058918005568e-19 5.719984730484582087e+02
8.800000000000000000e+01 2.640000000000000124e+00 8.064000000000000000e+08 5.000000000000000000e+07 9.768868878517409371e-01 1.475000000000000089e+00 5.005342721722748315e-19 8.396864798600591939e+02
8.900000000000000000e+01 3.810000000000000053e+00 8.064000000000000000e+08 5.000000000000000000e+07 9.100000000000000311e-01 8.000000000000000444e-01 2.066231188999119043e-19 5.992755638966245897e+02
9.000000000000000000e+01 2.470000000000000195e+00 8.064000000000000000e+08 1.000000000000000000e+07 9.100000000000000311e-01 5.250000000000000222e-01 4.988014459301627252e-18 5.079664203015477142e+03
9.100000000000000000e+01 2.419999999999999929e+00 8.064000000000000000e+08 1.000000000000000000e+07 9.768868878517409371e-01 3.250000000000000111e-01 4.142650943880298036e-19 1.085393600661042910e+03
9.200000000000000000e+01 1.090000000000000080e+00 8.064000000000000000e+08 5.000000000000000000e+07 9.768868878517409371e-01 1.150000000000000133e+00 6.771564959651849507e-19 5.300748488368352810e+03
9.300000000000000000e+01 1.110000000000000098e+00 8.064000000000000000e+08 2.511900000000000000e+07 9.100000000000000311e-01 5.500000000000000444e-01 7.993425624039548921e-18 3.339474866740134075e+03
9.400000000000000000e+01 8.300000000000000711e-01 8.064000000000000000e+08 5.000000000000000000e+07 9.768868878517409371e-01 7.750000000000000222e-01 1.457295625753221434e-19 2.993061015608919206e+03
9.500000000000000000e+01 1.030000000000000027e+00 8.064000000000000000e+08 2.511900000000000000e+07 9.100000000000000311e-01 7.750000000000000222e-01 1.228249549243120684e-17 4.212309210271185293e+03
9.600000000000000000e+01 1.700000000000000122e-01 8.064000000000000000e+08 1.000000000000000000e+07 9.768868878517409371e-01 4.750000000000000333e-01 5.542819643236216313e-19 1.411917057627261329e+03
9.700000000000000000e+01 4.650000000000000355e+00 8.064000000000000000e+08 5.000000000000000000e+07 9.100000000000000311e-01 1.250000000000000000e+00 7.187916922426943494e-19 7.376296032238301450e+02
9.800000000000000000e+01 1.989999999999999991e+00 8.064000000000000000e+08 2.511900000000000000e+07 9.100000000000000311e-01 7.750000000000000222e-01 1.398998801097654187e-18 8.064927016196486420e+02
9.900000000000000000e+01 1.000000000000000021e-02 8.064000000000000000e+08 1.000000000000000000e+07 9.768868878517409371e-01 7.500000000000001110e-02 9.490984235245944293e-19 4.195609730322757059e+03
1.000000000000000000e+02 5.700000000000000622e-01 8.064000000000000000e+08 1.000000000000000000e+07 9.768868878517409371e-01 0.000000000000000000e+00 1.280343855480553060e-19 9.645000493575072369e+02
1.010000000000000000e+02 3.400000000000000244e-01 8.064000000000000000e+08 1.000000000000000000e+07 9.100000000000000311e-01 0.000000000000000000e+00 1.275865666845218500e-18 1.568798736986422227e+03
1.020000000000000000e+02 1.090000000000000080e+00 8.064000000000000000e+08 2.511900000000000000e+07 9.100000000000000311e-01 1.375000000000000000e+00 1.142029777686699847e-17 2.326162347174557908e+03
1.030000000000000000e+02 2.350000000000000089e+00 8.064000000000000000e+08 1.000000000000000000e+07 9.100000000000000311e-01 1.475000000000000089e+00 5.419657478526507130e-17 8.387172946203150786e+03
1.040000000000000000e+02 5.700000000000000622e-01 8.064000000000000000e+08 1.000000000000000000e+07 9.100000000000000311e-01 0.000000000000000000e+00 2.542463599319120964e-19 7.200359517496757462e+02
1.050000000000000000e+02 5.200000000000000178e-01 8.064000000000000000e+08 1.000000000000000000e+07 9.100000000000000311e-01 2.000000000000000111e-01 7.292968319065129625e-19 9.715980431542959650e+02
1.060000000000000000e+02 4.799999999999999822e-01 8.064000000000000000e+08 5.000000000000000000e+07 9.768868878517409371e-01 2.500000000000000139e-02 2.342761786813668882e-19 1.453035267238478127e+03
1.070000000000000000e+02 4.650000000000000355e+00 8.064000000000000000e+08 5.000000000000000000e+07 9.100000000000000311e-01 7.750000000000000222e-01 1.607905073122883201e-19 7.185921779000177594e+02
1.080000000000000000e+02 3.750000000000000000e+00 8.064000000000000000e+08 2.511900000000000000e+07 9.100000000000000311e-01 7.750000000000000222e-01 1.674017281716123579e-19 5.792415949003749347e+02
1.090000000000000000e+02 2.899999999999999800e-01 8.064000000000000000e+08 5.000000000000000000e+07 9.768868878517409371e-01 3.000000000000000444e-01 2.687001294271940002e-19 1.186166236428737420e+03
1.100000000000000000e+02 2.439999999999999947e+00 8.064000000000000000e+08 5.000000000000000000e+07 9.768868878517409371e-01 1.500000000000000222e-01 5.526659350653815196e-19 1.262171179782425497e+03
1.110000000000000000e+02 4.600000000000000200e-01 8.064000000000000000e+08 1.000000000000000000e+07 9.100000000000000311e-01 0.000000000000000000e+00 7.743098801349776722e-19 1.346880294049940176e+03
1.120000000000000000e+02 1.300000000000000044e-01 8.064000000000000000e+08 1.000000000000000000e+07 9.768868878517409371e-01 0.000000000000000000e+00 3.120950155495867091e-19 1.183384637720836281e+03
1.130000000000000000e+02 4.600000000000000200e-01 8.064000000000000000e+08 5.000000000000000000e+07 9.719810603679438499e-01 0.000000000000000000e+00 1.958952283248518896e-19 6.738778457471678394e+02
1.140000000000000000e+02 2.260000000000000231e+00 8.064000000000000000e+08 1.000000000000000000e+07 9.100000000000000311e-01 1.000000000000000000e+00 4.009488423658897589e-18 1.543159035526237176e+03
1.150000000000000000e+02 4.299999999999999933e-01 8.064000000000000000e+08 5.000000000000000000e+07 9.768868878517409371e-01 2.500000000000000000e-01 1.359273740655619328e-19 8.417832108845746006e+02
1.160000000000000000e+02 4.299999999999999933e-01 8.064000000000000000e+08 5.000000000000000000e+07 9.768868878517409371e-01 3.250000000000000111e-01 5.066977370328277080e-19 1.476110287611086733e+03
1.170000000000000000e+02 1.360000000000000098e+00 8.064000000000000000e+08 1.000000000000000000e+07 9.768868878517409371e-01 5.750000000000000666e-01 5.037857865633149711e-19 2.049029200077043242e+03
1.180000000000000000e+02 2.999999999999999889e-02 8.064000000000000000e+08 1.000000000000000000e+07 9.768868878517409371e-01 3.000000000000000444e-01 5.199634648044049051e-19 1.397942502461678032e+03
1.190000000000000000e+02 5.799999999999999600e-01 8.064000000000000000e+08 1.000000000000000000e+07 9.598812766372727401e-01 0.000000000000000000e+00 1.534642575415552155e-19 9.031905059018694146e+02
1.200000000000000000e+02 3.400000000000000244e-01 8.064000000000000000e+08 5.000000000000000000e+07 9.768868878517409371e-01 2.500000000000000139e-02 1.128037622293121749e-19 1.071096851128229900e+03
1.210000000000000000e+02 4.350000000000000533e+00 8.064000000000000000e+08 2.511900000000000000e+07 9.768868878517409371e-01 5.250000000000000222e-01 8.429114920270331249e-19 2.734334250766706646e+03
1.220000000000000000e+02 2.520000000000000018e+00 8.064000000000000000e+08 5.000000000000000000e+07 9.768868878517409371e-01 1.275000000000000133e+00 6.815668618854627536e-19 7.404937250369770254e+02
1.230000000000000000e+02 3.310000000000000053e+00 8.064000000000000000e+08 2.511900000000000000e+07 9.408169029081063783e-01 2.750000000000000222e-01 2.622222175402900593e-19 2.086358040691197857e+03
1.240000000000000000e+02 2.280000000000000249e+00 8.064000000000000000e+08 1.000000000000000000e+07 9.100000000000000311e-01 6.500000000000000222e-01 1.831089460851876194e-18 2.675753366916605501e+03
1.250000000000000000e+02 7.600000000000000089e-01 8.064000000000000000e+08 5.000000000000000000e+07 9.768868878517409371e-01 3.000000000000000444e-01 1.802210966806667900e-19 2.394569895940839160e+03
1.260000000000000000e+02 4.830000000000000071e+00 8.064000000000000000e+08 1.000000000000000000e+07 9.100000000000000311e-01 5.250000000000000222e-01 2.508542891746951798e-19 9.588893433499282537e+02
1.270000000000000000e+02 1.000000000000000021e-02 8.064000000000000000e+08 1.000000000000000000e+07 9.768868878517409371e-01 1.000000000000000056e-01 7.634215097911900985e-19 1.953875071205580298e+03
1.280000000000000000e+02 1.110000000000000098e+00 8.064000000000000000e+08 5.000000000000000000e+07 9.768868878517409371e-01 6.500000000000000222e-01 1.514731513842429218e-18 2.199184779829584841e+03
1.290000000000000000e+02 8.599999999999999867e-01 8.064000000000000000e+08 1.000000000000000000e+07 9.575192539750227994e-01 5.500000000000000444e-01 1.934951929061472827e-19 6.055102683089839957e+02
1.300000000000000000e+02 3.200000000000000178e+00 8.064000000000000000e+08 5.000000000000000000e+07 9.100000000000000311e-01 5.250000000000000222e-01 1.037803590081765885e-18 1.264336040559906223e+03
1.310000000000000000e+02 1.520000000000000018e+00 8.064000000000000000e+08 1.000000000000000000e+07 9.100000000000000311e-01 1.425000000000000044e+00 1.518963081209506719e-17 1.618184841314772029e+03
1.320000000000000000e+02 6.800000000000000488e-01 8.064000000000000000e+08 5.000000000000000000e+07 9.768868878517409371e-01 4.500000000000000111e-01 5.589418437847920249e-19 3.350704141073913888e+03
1.330000000000000000e+02 2.999999999999999889e-02 8.064000000000000000e+08 1.000000000000000000e+07 9.768868878517409371e-01 2.500000000000000000e-01 1.505988476346405233e-15 1.841474149153164029e+07
1.340000000000000000e+02 2.999999999999999889e-01 8.064000000000000000e+08 1.000000000000000000e+07 9.768868878517409371e-01 7.750000000000000222e-01 9.988669060263291035e-16 1.198862915771610290e+07
1.350000000000000000e+02 8.000000000000000444e-01 8.064000000000000000e+08 5.000000000000000000e+07 9.341422424970816651e-01 0.000000000000000000e+00 1.445418316047266504e-19 9.777726541303621843e+02
1.360000000000000000e+02 2.470000000000000195e+00 8.064000000000000000e+08 2.511900000000000000e+07 9.768868878517409371e-01 0.000000000000000000e+00 1.364997708275178806e-19 8.743358491870576472e+02
1.370000000000000000e+02 2.339999999999999858e+00 8.064000000000000000e+08 1.000000000000000000e+07 9.100000000000000311e-01 5.750000000000000666e-01 2.474268073766569506e-18 4.931750374730753720e+03
1.380000000000000000e+02 4.850000000000000533e+00 8.064000000000000000e+08 5.000000000000000000e+07 9.100000000000000311e-01 8.750000000000000000e-01 1.693051406964157697e-18 6.950300108343070315e+04
1.390000000000000000e+02 2.419999999999999929e+00 8.064000000000000000e+08 1.000000000000000000e+07 9.100000000000000311e-01 7.500000000000001110e-02 1.411793587238531458e-18 2.970496910656535874e+03
1.400000000000000000e+02 1.239999999999999991e+00 8.064000000000000000e+08 2.511900000000000000e+07 9.100000000000000311e-01 0.000000000000000000e+00 3.717910537586889783e-19 1.154853715536973368e+03
1.410000000000000000e+02 2.660000000000000142e+00 8.064000000000000000e+08 5.000000000000000000e+07 9.768868878517409371e-01 1.175000000000000044e+00 9.608731034690103839e-19 1.094092441568962158e+03
1.420000000000000000e+02 4.270000000000000462e+00 8.064000000000000000e+08 5.000000000000000000e+07 9.701892829446502331e-01 1.000000000000000000e+00 4.086093532131348293e-19 2.458269438463499228e+03
1.430000000000000000e+02 1.530000000000000027e+00 8.064000000000000000e+08 1.000000000000000000e+07 9.100000000000000311e-01 5.000000000000000278e-02 3.340764264288766128e-19 7.240052718878574751e+02
1.440000000000000000e+02 5.799999999999999600e-01 8.064000000000000000e+08 5.000000000000000000e+07 9.768868878517409371e-01 2.250000000000000056e-01 8.888169288104329194e-20 7.097783576169675825e+02
1.450000000000000000e+02 2.200000000000000178e+00 8.064000000000000000e+08 1.000000000000000000e+07 9.100000000000000311e-01 9.750000000000000888e-01 1.885621566905712056e-17 1.477103269250338053e+04
1.460000000000000000e+02 3.599999999999999867e-01 8.064000000000000000e+08 1.000000000000000000e+07 9.100000000000000311e-01 0.000000000000000000e+00 6.304677503906202753e-19 1.335157931767658283e+03
1.470000000000000000e+02 4.290000000000000036e+00 8.064000000000000000e+08 5.000000000000000000e+07 9.100000000000000311e-01 1.500000000000000000e+00 8.225808760074600728e-19 1.055352226004332351e+03
1.480000000000000000e+02 4.299999999999999933e-01 8.064000000000000000e+08 1.000000000000000000e+07 9.100000000000000311e-01 1.074999999999999956e+00 2.270014114328889116e-18 1.414548450998850058e+03
1.490000000000000000e+02 1.890000000000000124e+00 8.064000000000000000e+08 1.000000000000000000e+07 9.100000000000000311e-01 1.250000000000000000e+00 6.908544893735910374e-18 1.528004167909068201e+03
1.500000000000000000e+02 3.459999999999999964e+00 8.064000000000000000e+08 1.000000000000000000e+07 9.100000000000000311e-01 9.500000000000000666e-01 2.503661626729877660e-19 7.067950195027898417e+02
1.510000000000000000e+02 5.799999999999999600e-01 8.064000000000000000e+08 2.511900000000000000e+07 9.305671765275718155e-01 5.000000000000000000e-01 2.371480117610328071e-19 6.519231835617060824e+02
1.520000000000000000e+02 3.300000000000000155e-01 8.064000000000000000e+08 1.000000000000000000e+07 9.100000000000000311e-01 0.000000000000000000e+00 2.391686805982157852e-18 2.437233652045706094e+03
1.530000000000000000e+02 2.609999999999999876e+00 8.064000000000000000e+08 1.000000000000000000e+07 9.663484167759833765e-01 3.000000000000000444e-01 2.142126073252765673e-19 6.240505837044278223e+02
1.540000000000000000e+02 3.400000000000000244e-01 8.064000000000000000e+08 1.000000000000000000e+07 9.100000000000000311e-01 0.000000000000000000e+00 6.543405904184207708e-19 1.080140521487413935e+03
1.550000000000000000e+02 2.490000000000000213e+00 8.064000000000000000e+08 2.511900000000000000e+07 9.100000000000000311e-01 5.000000000000000278e-02 5.591426161965712055e-19 1.019349308584743198e+03
1.560000000000000000e+02 4.400000000000000022e-01 8.064000000000000000e+08 5.000000000000000000e+07 9.768868878517409371e-01 1.750000000000000167e-01 3.867008670993385385e-20 6.372810767559208216e+02
1.570000000000000000e+02 5.799999999999999600e-01 8.064000000000000000e+08 5.000000000000000000e+07 9.100000000000000311e-01 2.000000000000000111e-01 8.967730296456243194e-19 1.246681940631255429e+03
1.580000000000000000e+02 2.470000000000000195e+00 8.064000000000000000e+08 5.000000000000000000e+07 9.768868878517409371e-01 1.225000000000000089e+00 6.275820839743520424e-19 8.716908241612946995e+02
1.590000000000000000e+02 2.620000000000000107e+00 8.064000000000000000e+08 5.000000000000000000e+07 9.768868878517409371e-01 1.500000000000000222e-01 2.323089611459651156e-19 8.934568903201819694e+02
1.600000000000000000e+02 3.680000000000000160e+00 8.064000000000000000e+08 2.511900000000000000e+07 9.701892829446502331e-01 1.500000000000000000e+00 5.426588785897247978e-19 9.120755167637496470e+02
1.610000000000000000e+02 1.000000000000000000e+00 8.064000000000000000e+08 5.000000000000000000e+07 9.768868878517409371e-01 4.750000000000000333e-01 2.781627412736273352e-19 1.211876201192963435e+03
1.620000000000000000e+02 2.879999999999999893e+00 8.064000000000000000e+08 1.000000000000000000e+07 9.100000000000000311e-01 5.250000000000000222e-01 1.562842081349591410e-18 1.666193880819806509e+03
1.630000000000000000e+02 2.899999999999999800e-01 8.064000000000000000e+08 5.000000000000000000e+07 9.768868878517409371e-01 1.500000000000000222e-01 1.840786679500932326e-19 1.113608021255387257e+03
1.640000000000000000e+02 4.360000000000000320e+00 8.064000000000000000e+08 5.000000000000000000e+07 9.100000000000000311e-01 2.250000000000000056e-01 7.916188407392564905e-19 6.182123866691841613e+03
1.650000000000000000e+02 3.470000000000000195e+00 8.064000000000000000e+08 5.000000000000000000e+07 9.663484167759833765e-01 8.000000000000000444e-01 1.699514934516551280e-19 5.481053496446292002e+02
1.660000000000000000e+02 1.600000000000000033e-01 8.064000000000000000e+08 1.000000000000000000e+07 9.642911810385125237e-01 1.500000000000000000e+00 3.787863801974572268e-18 2.161714557353010605e+03
1.670000000000000000e+02 7.199999999999999734e-01 8.064000000000000000e+08 5.000000000000000000e+07 9.768868878517409371e-01 9.500000000000000666e-01 2.067931021435645611e-18 8.157961512721819417e+03
1.680000000000000000e+02 2.379999999999999893e+00 8.064000000000000000e+08 1.000000000000000000e+07 9.100000000000000311e-01 4.250000000000000444e-01 1.192112693207505008e-18 7.268275277812387003e+02
1.690000000000000000e+02 6.600000000000000311e-01 8.064000000000000000e+08 1.000000000000000000e+07 9.719810603679438499e-01 0.000000000000000000e+00 1.030632229470815685e-19 9.709092126175177100e+02
1.700000000000000000e+02 1.100000000000000006e-01 8.064000000000000000e+08 2.511900000000000000e+07 9.100000000000000311e-01 6.000000000000000888e-01 5.004310931987315170e-18 5.997281256324830792e+03
1.710000000000000000e+02 3.339999999999999858e+00 8.064000000000000000e+08 5.000000000000000000e+07 9.768868878517409371e-01 0.000000000000000000e+00 8.698530437258436909e-20 1.674779918739273398e+03
1.720000000000000000e+02 3.629999999999999893e+00 8.064000000000000000e+08 5.000000000000000000e+07 9.736921945229898290e-01 4.000000000000000222e-01 2.125944890845604881e-19 6.123141498230154411e+02
1.730000000000000000e+02 5.100000000000000089e-01 8.064000000000000000e+08 1.000000000000000000e+07 9.100000000000000311e-01 3.750000000000000000e-01 3.757340165056314403e-18 4.140545470717646822e+03
1.740000000000000000e+02 7.600000000000000089e-01 8.064000000000000000e+08 1.000000000000000000e+07 9.100000000000000311e-01 0.000000000000000000e+00 2.475022563137957154e-18 5.679770230804457242e+03
1.750000000000000000e+02 1.489999999999999991e+00 8.064000000000000000e+08 5.000000000000000000e+07 9.524560062662843496e-01 1.025000000000000133e+00 1.716169118391330880e-18 1.777957193544033316e+03
1.760000000000000000e+02 5.300000000000000266e-01 8.064000000000000000e+08 1.000000000000000000e+07 9.100000000000000311e-01 0.000000000000000000e+00 7.672872450988631595e-19 1.486467102746604724e+03
1.770000000000000000e+02 2.479999999999999982e+00 8.064000000000000000e+08 5.000000000000000000e+07 9.100000000000000311e-01 1.000000000000000056e-01 1.318262255482759596e-18 1.626535995011710156e+03
1.780000000000000000e+02 5.000000000000000278e-02 8.064000000000000000e+08 5.000000000000000000e+07 9.100000000000000311e-01 0.000000000000000000e+00 1.154049814215884972e-18 1.366617461470412309e+03
1.790000000000000000e+02 5.899999999999999689e-01 8.064000000000000000e+08 1.000000000000000000e+07 9.100000000000000311e-01 0.000000000000000000e+00 5.264377981342164857e-19 1.339480184534413183e+03
1.800000000000000000e+02 3.390000000000000124e+00 8.064000000000000000e+08 5.000000000000000000e+07 9.341422424970816651e-01 9.000000000000000222e-01 1.391667076281255450e-18 1.090248151904371070e+03
1.810000000000000000e+02 3.900000000000000133e-01 8.064000000000000000e+08 5.000000000000000000e+07 9.768868878517409371e-01 1.750000000000000167e-01 1.059167996781795126e-19 2.275193459242080280e+03
1.820000000000000000e+02 4.070000000000000284e+00 8.064000000000000000e+08 1.000000000000000000e+07 9.100000000000000311e-01 0.000000000000000000e+00 4.654626796509643438e-20 6.122965156233157131e+02
1.830000000000000000e+02 2.589999999999999858e+00 8.064000000000000000e+08 5.000000000000000000e+07 9.768868878517409371e-01 5.250000000000000222e-01 1.762539033483823620e-19 7.053911689609814175e+02
1.840000000000000000e+02 3.500000000000000333e-01 8.064000000000000000e+08 1.000000000000000000e+07 9.100000000000000311e-01 0.000000000000000000e+00 1.857877951065937598e-18 3.286084015705035654e+03
1.850000000000000000e+02 1.020000000000000018e+00 8.064000000000000000e+08 5.000000000000000000e+07 9.768868878517409371e-01 9.000000000000000222e-01 1.112958608178859443e-18 1.262101921304288408e+04
1.860000000000000000e+02 5.999999999999999778e-01 8.064000000000000000e+08 1.000000000000000000e+07 9.683130616529664891e-01 0.000000000000000000e+00 4.071044151157154064e-20 5.998836539625605155e+02
1.870000000000000000e+02 2.290000000000000036e+00 8.064000000000000000e+08 1.000000000000000000e+07 9.100000000000000311e-01 1.500000000000000222e-01 2.327604224125175193e-18 1.984499543809926536e+03
1.880000000000000000e+02 2.049999999999999822e+00 8.064000000000000000e+08 1.000000000000000000e+07 9.100000000000000311e-01 3.750000000000000000e-01 2.363475095218533867e-18 1.583143011844836792e+03
1.890000000000000000e+02 2.649999999999999911e+00 8.064000000000000000e+08 2.511900000000000000e+07 9.768868878517409371e-01 4.750000000000000333e-01 3.586776127409803045e-19 1.912486361523504684e+03
1.900000000000000000e+02 4.810000000000000497e+00 8.064000000000000000e+08 5.000000000000000000e+07 9.100000000000000311e-01 1.025000000000000133e+00 1.598177152745527200e-19 1.199832926020154673e+03
1.910000000000000000e+02 2.510000000000000231e+00 8.064000000000000000e+08 2.511900000000000000e+07 9.100000000000000311e-01 5.500000000000000444e-01 1.690185734485973793e-18 1.409918867509448546e+03
1.920000000000000000e+02 5.999999999999999778e-02 8.064000000000000000e+08 1.000000000000000000e+07 9.768868878517409371e-01 1.750000000000000167e-01 6.750917764798844377e-19 2.188883210448740101e+03
1.930000000000000000e+02 2.410000000000000142e+00 8.064000000000000000e+08 1.000000000000000000e+07 9.100000000000000311e-01 4.250000000000000444e-01 2.115628147366195451e-18 1.802827806716491295e+03
1.940000000000000000e+02 4.270000000000000462e+00 8.064000000000000000e+08 5.000000000000000000e+07 9.100000000000000311e-01 7.250000000000000888e-01 2.656310770081504575e-19 2.362384574154277288e+03
1.950000000000000000e+02 4.820000000000000284e+00 8.064000000000000000e+08 2.511900000000000000e+07 9.100000000000000311e-01 2.500000000000000000e-01 1.731660004732966895e-19 3.397553374559553959e+03
1.960000000000000000e+02 5.000000000000000278e-02 8.064000000000000000e+08 1.000000000000000000e+07 9.768868878517409371e-01 6.750000000000000444e-01 1.948410756742066864e-18 1.732344876509724827e+03
1.970000000000000000e+02 4.860000000000000320e+00 8.064000000000000000e+08 1.000000000000000000e+07 9.768868878517409371e-01 1.000000000000000056e-01 1.600586380916259610e-19 1.267602190015023780e+03
1.980000000000000000e+02 4.940000000000000391e+00 8.064000000000000000e+08 5.000000000000000000e+07 9.100000000000000311e-01 5.750000000000000666e-01 6.853810730552787649e-20 6.423969876934509102e+02
1.990000000000000000e+02 3.580000000000000071e+00 8.064000000000000000e+08 5.000000000000000000e+07 9.768868878517409371e-01 7.000000000000000666e-01 3.589131903797906482e-19 1.417927472005870186e+03
2.000000000000000000e+02 1.360000000000000098e+00 8.064000000000000000e+08 2.511900000000000000e+07 9.100000000000000311e-01 1.500000000000000000e+00 1.563809407505740945e-17 2.154155943890100843e+03
2.010000000000000000e+02 4.500000000000000111e-01 8.064000000000000000e+08 2.511900000000000000e+07 9.621369907677361777e-01 2.500000000000000000e-01 2.549541329570033967e-19 9.727440227553075829e+02
2.020000000000000000e+02 2.560000000000000053e+00 8.064000000000000000e+08 1.000000000000000000e+07 9.100000000000000311e-01 5.750000000000000666e-01 2.082262545179927473e-18 2.021369316325346745e+03
2.030000000000000000e+02 5.999999999999999778e-01 8.064000000000000000e+08 5.000000000000000000e+07 9.305671765275718155e-01 0.000000000000000000e+00 8.525430673301116970e-19 1.828615245541399872e+03
2.040000000000000000e+02 2.669999999999999929e+00 8.064000000000000000e+08 1.000000000000000000e+07 9.100000000000000311e-01 7.250000000000000888e-01 8.487468370406153773e-19 1.097766781609399231e+03
2.050000000000000000e+02 1.820000000000000062e+00 8.064000000000000000e+08 1.000000000000000000e+07 9.229036410043919281e-01 5.000000000000000000e-01 4.162033270692799363e-18 3.470168082307914119e+03
2.060000000000000000e+02 1.499999999999999944e-01 8.064000000000000000e+08 1.000000000000000000e+07 9.768868878517409371e-01 0.000000000000000000e+00 2.251971526839950165e-19 1.330647824500031447e+03
2.070000000000000000e+02 2.600000000000000089e+00 8.064000000000000000e+08 5.000000000000000000e+07 9.100000000000000311e-01 2.000000000000000111e-01 5.269809202612031286e-19 9.876118685666770034e+02
2.080000000000000000e+02 2.459999999999999964e+00 8.064000000000000000e+08 1.000000000000000000e+07 9.497440413925641867e-01 0.000000000000000000e+00 2.198765492970049569e-19 1.027154810658767246e+03
2.090000000000000000e+02 2.870000000000000107e+00 8.064000000000000000e+08 5.000000000000000000e+07 9.768868878517409371e-01 1.500000000000000000e+00 3.139233720517640148e-18 2.134440248261000761e+03
2.100000000000000000e+02 1.630000000000000115e+00 8.064000000000000000e+08 1.000000000000000000e+07 9.100000000000000311e-01 0.000000000000000000e+00 2.159499176719026517e-14 2.266284514404362440e+08
2.110000000000000000e+02 1.000000000000000021e-02 8.064000000000000000e+08 1.000000000000000000e+07 9.100000000000000311e-01 0.000000000000000000e+00 6.007091456181275907e-15 3.515927346741280705e+07
2.120000000000000000e+02 4.600000000000000200e-01 8.064000000000000000e+08 1.000000000000000000e+07 9.100000000000000311e-01 0.000000000000000000e+00 8.668623029922835915e-19 1.283516868921720061e+03
2.130000000000000000e+02 6.300000000000000044e-01 8.064000000000000000e+08 5.000000000000000000e+07 9.621369907677361777e-01 0.000000000000000000e+00 3.838052764115761453e-19 1.554723791651665124e+04
2.140000000000000000e+02 4.899999999999999911e-01 8.064000000000000000e+08 2.511900000000000000e+07 9.100000000000000311e-01 0.000000000000000000e+00 6.565329238619489104e-19 1.245898202727747957e+03
2.150000000000000000e+02 7.000000000000000666e-02 8.064000000000000000e+08 1.000000000000000000e+07 9.768868878517409371e-01 2.000000000000000111e-01 2.301075501490538168e-17 3.098553468730562236e+04
2.160000000000000000e+02 2.000000000000000042e-02 8.064000000000000000e+08 1.000000000000000000e+07 9.768868878517409371e-01 2.000000000000000111e-01 2.226006288034075908e-19 8.845377514758879443e+02
2.170000000000000000e+02 3.099999999999999978e-01 8.064000000000000000e+08 1.000000000000000000e+07 9.100000000000000311e-01 1.500000000000000000e+00 1.339096210873976795e-17 4.100243198272387417e+03
2.180000000000000000e+02 2.530000000000000249e+00 8.064000000000000000e+08 1.000000000000000000e+07 9.100000000000000311e-01 3.750000000000000000e-01 3.393692162230306684e-18 2.451211594387917103e+03
2.190000000000000000e+02 2.250000000000000000e+00 8.064000000000000000e+08 5.000000000000000000e+07 9.497440413925641867e-01 1.250000000000000000e-01 1.351752598730346200e-18 3.437753570443538138e+03
2.200000000000000000e+02 1.530000000000000027e+00 8.064000000000000000e+08 5.000000000000000000e+07 9.145007413978564204e-01 1.500000000000000000e+00 1.603062699536993418e-17 2.036405932168686377e+03
2.210000000000000000e+02 3.370000000000000107e+00 8.064000000000000000e+08 2.511900000000000000e+07 9.100000000000000311e-01 0.000000000000000000e+00 3.704766890014953125e-20 5.893845947233810421e+02
2.220000000000000000e+02 2.319999999999999840e+00 8.064000000000000000e+08 1.000000000000000000e+07 9.100000000000000311e-01 4.000000000000000222e-01 1.849529600317164391e-18 1.487779599928525158e+03
2.230000000000000000e+02 4.199999999999999845e-01 8.064000000000000000e+08 5.000000000000000000e+07 9.768868878517409371e-01 2.500000000000000000e-01 2.788390167682426624e-19 1.356785591179734638e+03
2.240000000000000000e+02 4.899999999999999911e-01 8.064000000000000000e+08 5.000000000000000000e+07 9.768868878517409371e-01 3.250000000000000111e-01 1.296193506717681376e-18 4.827816630368593906e+03
2.250000000000000000e+02 5.999999999999999778e-01 8.064000000000000000e+08 1.000000000000000000e+07 9.100000000000000311e-01 1.000000000000000056e-01 5.127182258192362635e-18 7.908653969517019505e+03
2.260000000000000000e+02 1.169999999999999929e+00 8.064000000000000000e+08 1.000000000000000000e+07 9.145007413978564204e-01 2.750000000000000222e-01 3.028807761343295662e-18 4.335084609242457191e+03
2.270000000000000000e+02 4.899999999999999911e-01 8.064000000000000000e+08 1.000000000000000000e+07 9.100000000000000311e-01 0.000000000000000000e+00 6.328730280300045432e-19 6.705060588460775080e+02
2.280000000000000000e+02 1.150000000000000133e+00 8.064000000000000000e+08 1.000000000000000000e+07 9.100000000000000311e-01 1.425000000000000044e+00 1.975579478219398047e-17 3.088618983198344722e+03
2.290000000000000000e+02 3.450000000000000178e+00 8.064000000000000000e+08 1.000000000000000000e+07 9.100000000000000311e-01 5.750000000000000666e-01 2.096214295088035523e-19 7.353210734908416271e+02
2.300000000000000000e+02 4.400000000000000022e-01 8.064000000000000000e+08 5.000000000000000000e+07 9.768868878517409371e-01 1.250000000000000000e-01 1.564469271523388188e-19 1.215730973516385347e+03
2.310000000000000000e+02 4.600000000000000200e-01 8.064000000000000000e+08 5.000000000000000000e+07 9.100000000000000311e-01 2.500000000000000000e-01 1.517952913482532597e-18 1.508749621666052235e+03
2.320000000000000000e+02 1.530000000000000027e+00 8.064000000000000000e+08 1.000000000000000000e+07 9.100000000000000311e-01 2.250000000000000056e-01 3.694834022972028457e-19 5.967674457179103911e+02
2.330000000000000000e+02 5.799999999999999600e-01 8.064000000000000000e+08 5.000000000000000000e+07 9.768868878517409371e-01 2.500000000000000000e-01 1.858981281097136030e-19 1.007852483150229887e+03
2.340000000000000000e+02 4.700000000000000289e-01 8.064000000000000000e+08 1.000000000000000000e+07 9.100000000000000311e-01 0.000000000000000000e+00 1.085252655265058209e-18 1.541572990186939023e+03
2.350000000000000000e+02 4.469999999999999751e+00 8.064000000000000000e+08 1.000000000000000000e+07 9.100000000000000311e-01 6.000000000000000888e-01 4.072362706316531433e-19 9.877328551680201372e+02
2.360000000000000000e+02 9.500000000000000666e-01 8.064000000000000000e+08 1.000000000000000000e+07 9.100000000000000311e-01 0.000000000000000000e+00 1.150231973685209200e-19 7.153897009762316657e+02
2.370000000000000000e+02 3.770000000000000018e+00 8.064000000000000000e+08 2.511900000000000000e+07 9.768868878517409371e-01 1.500000000000000000e+00 3.475254032736640214e-18 3.301401723743241746e+03
2.380000000000000000e+02 7.000000000000000666e-01 8.064000000000000000e+08 5.000000000000000000e+07 9.768868878517409371e-01 5.250000000000000222e-01 8.967350199232953479e-20 7.180451808831487597e+02
2.390000000000000000e+02 4.700000000000000289e-01 8.064000000000000000e+08 5.000000000000000000e+07 9.768868878517409371e-01 6.250000000000000000e-01 1.360327942882811677e-19 9.516366667458129314e+02
2.400000000000000000e+02 6.300000000000000044e-01 8.064000000000000000e+08 5.000000000000000000e+07 9.768868878517409371e-01 1.500000000000000000e+00 7.296177353476951908e-19 1.004091480490369122e+03
2.410000000000000000e+02 7.900000000000000355e-01 8.064000000000000000e+08 5.000000000000000000e+07 9.768868878517409371e-01 1.000000000000000056e-01 1.158845703352137248e-19 9.777313422448310121e+02
2.420000000000000000e+02 4.700000000000000289e-01 8.064000000000000000e+08 5.000000000000000000e+07 9.768868878517409371e-01 2.500000000000000000e-01 1.651365650022249561e-19 1.018128710414172474e+03
2.430000000000000000e+02 2.939999999999999947e+00 8.064000000000000000e+08 1.000000000000000000e+07 9.100000000000000311e-01 0.000000000000000000e+00 -1.177655207635501155e-17 9.419546572884064913e+08
2.440000000000000000e+02 2.939999999999999947e+00 8.064000000000000000e+08 1.000000000000000000e+07 9.100000000000000311e-01 0.000000000000000000e+00 -6.720421446361429309e-18 7.216166708894741535e+08
2.450000000000000000e+02 2.430000000000000160e+00 8.064000000000000000e+08 1.000000000000000000e+07 9.187989160644089992e-01 7.750000000000000222e-01 1.349141049331956184e-18 1.285028004973447423e+03
2.460000000000000000e+02 3.810000000000000053e+00 8.064000000000000000e+08 1.000000000000000000e+07 9.100000000000000311e-01 0.000000000000000000e+00 -2.712757002247244509e-18 2.136572107669525146e+08
2.470000000000000000e+02 4.950000000000000178e+00 8.064000000000000000e+08 1.000000000000000000e+07 9.768868878517409371e-01 1.450000000000000178e+00 7.206966625267246061e-19 1.010863814754020837e+03
2.480000000000000000e+02 4.060000000000000497e+00 8.064000000000000000e+08 1.000000000000000000e+07 9.100000000000000311e-01 0.000000000000000000e+00 -1.658137893831172401e-18 1.709176426929079592e+08
2.490000000000000000e+02 5.999999999999999778e-02 8.064000000000000000e+08 5.000000000000000000e+07 9.100000000000000311e-01 3.750000000000000000e-01 4.251830995058941469e-18 2.120889158407453579e+03
2.500000000000000000e+02 3.439999999999999947e+00 8.064000000000000000e+08 5.000000000000000000e+07 9.753263149547468647e-01 9.750000000000000888e-01 4.603859289513391273e-19 1.274523315830501588e+03
2.510000000000000000e+02 2.000000000000000042e-02 8.064000000000000000e+08 1.000000000000000000e+07 9.768868878517409371e-01 2.750000000000000222e-01 8.444196890374748139e-19 2.024238066955358136e+03
2.520000000000000000e+02 7.199999999999999734e-01 8.064000000000000000e+08 5.000000000000000000e+07 9.768868878517409371e-01 0.000000000000000000e+00 5.176288999430946684e-20 6.415032023287453740e+02
2.530000000000000000e+02 4.600000000000000200e-01 8.064000000000000000e+08 1.000000000000000000e+07 9.683130616529664891e-01 1.500000000000000222e-01 4.013945715917120129e-19 1.263876189623304526e+03
2.540000000000000000e+02 2.479999999999999982e+00 8.064000000000000000e+08 1.000000000000000000e+07 9.768868878517409371e-01 1.450000000000000178e+00 5.397208557596339140e-19 1.434974093512904346e+03
2.550000000000000000e+02 6.099999999999999867e-01 8.064000000000000000e+08 5.000000000000000000e+07 9.768868878517409371e-01 1.500000000000000222e-01 9.721085197094432492e-20 8.085189079739036515e+02
2.560000000000000000e+02 2.520000000000000018e+00 8.064000000000000000e+08 5.000000000000000000e+07 9.100000000000000311e-01 1.225000000000000089e+00 1.516903848103443301e-18 6.614548281658305768e+02
2.570000000000000000e+02 4.160000000000000142e+00 8.064000000000000000e+08 5.000000000000000000e+07 9.768868878517409371e-01 1.500000000000000000e+00 7.823154953869840080e-19 1.043965239017297108e+03
2.580000000000000000e+02 2.390000000000000124e+00 8.064000000000000000e+08 1.000000000000000000e+07 9.100000000000000311e-01 1.500000000000000000e+00 3.654003928713063144e-18 1.209565384291494638e+03
2.590000000000000000e+02 1.100000000000000006e-01 8.064000000000000000e+08 1.000000000000000000e+07 9.768868878517409371e-01 1.500000000000000222e-01 8.138070921274535268e-19 1.843734450241040804e+03
2.600000000000000000e+02 4.400000000000000022e-01 8.064000000000000000e+08 1.000000000000000000e+07 9.575192539750227994e-01 0.000000000000000000e+00 3.676663631942886635e-19 1.557250399515583695e+03
2.610000000000000000e+02 2.300000000000000266e+00 8.064000000000000000e+08 1.000000000000000000e+07 9.100000000000000311e-01 1.450000000000000178e+00 6.989851446156331135e-18 4.069351687027209664e+03
2.620000000000000000e+02 4.509999999999999787e+00 8.064000000000000000e+08 5.000000000000000000e+07 9.100000000000000311e-01 0.000000000000000000e+00 -4.238741659004817026e-19 4.776913572574058920e+07
2.630000000000000000e+02 3.120000000000000107e+00 8.064000000000000000e+08 1.000000000000000000e+07 9.100000000000000311e-01 0.000000000000000000e+00 -4.252549074498216077e-18 2.345867162850140035e+08
2.640000000000000000e+02 3.089999999999999858e+00 8.064000000000000000e+08 1.000000000000000000e+07 9.100000000000000311e-01 0.000000000000000000e+00 -8.121989644383436664e-18 1.113709627289220333e+09
2.650000000000000000e+02 3.089999999999999858e+00 8.064000000000000000e+08 1.000000000000000000e+07 9.100000000000000311e-01 0.000000000000000000e+00 -1.032328009558395565e-17 1.057800706688078403e+09
2.660000000000000000e+02 4.600000000000000200e-01 8.064000000000000000e+08 2.511900000000000000e+07 9.768868878517409371e-01 4.250000000000000444e-01 2.582900787647423220e-19 1.127848190465528887e+03
2.670000000000000000e+02 3.100000000000000089e+00 8.064000000000000000e+08 1.000000000000000000e+07 9.100000000000000311e-01 0.000000000000000000e+00 -1.221889314623371027e-18 1.506940741223545931e+07
2.680000000000000000e+02 2.350000000000000089e+00 8.064000000000000000e+08 1.000000000000000000e+07 9.100000000000000311e-01 8.500000000000000888e-01 1.016343836351107675e-14 4.313546088246336579e+07
2.690000000000000000e+02 2.339999999999999858e+00 8.064000000000000000e+08 1.000000000000000000e+07 9.100000000000000311e-01 9.750000000000000888e-01 9.336863244079868136e-15 3.994982375932890922e+07
2.700000000000000000e+02 3.359999999999999876e+00 8.064000000000000000e+08 1.000000000000000000e+07 9.100000000000000311e-01 1.025000000000000133e+00 1.036691501052027242e-18 1.230991911786641367e+03
2.710000000000000000e+02 3.729999999999999982e+00 8.064000000000000000e+08 5.000000000000000000e+07 9.100000000000000311e-01 5.000000000000000000e-01 2.780976863298615011e-19 6.813212526932377386e+02
2.720000000000000000e+02 1.090000000000000080e+00 8.064000000000000000e+08 5.000000000000000000e+07 9.768868878517409371e-01 5.750000000000000666e-01 1.876993720215793929e-18 2.728950801628864610e+03
2.730000000000000000e+02 3.379999999999999893e+00 8.064000000000000000e+08 5.000000000000000000e+07 9.100000000000000311e-01 1.500000000000000000e+00 1.958977494470596911e-18 1.173303258494269585e+03
2.740000000000000000e+02 4.299999999999999933e-01 8.064000000000000000e+08 5.000000000000000000e+07 9.768868878517409371e-01 2.500000000000000139e-02 1.340386681012811213e-19 1.103045228587543306e+03
2.750000000000000000e+02 2.780000000000000249e+00 8.064000000000000000e+08 5.000000000000000000e+07 9.768868878517409371e-01 1.500000000000000000e+00 1.366177153413655940e-18 1.665496800440708967e+03
2.760000000000000000e+02 1.799999999999999933e-01 8.064000000000000000e+08 5.000000000000000000e+07 9.768868878517409371e-01 9.750000000000000888e-01 8.743499191042342183e-19 1.613462029903225812e+03
2.770000000000000000e+02 4.240000000000000213e+00 8.064000000000000000e+08 5.000000000000000000e+07 9.100000000000000311e-01 5.250000000000000222e-01 1.430944006991134772e-19 5.663529233427749432e+02
2.780000000000000000e+02 4.709999999999999964e+00 8.064000000000000000e+08 1.000000000000000000e+07 9.100000000000000311e-01 6.000000000000000888e-01 4.460176241278641376e-19 1.180664475710251509e+03
2.790000000000000000e+02 6.700000000000000400e-01 8.064000000000000000e+08 5.000000000000000000e+07 9.497440413925641867e-01 0.000000000000000000e+00 1.929133973997157743e-19 8.277363527663510467e+02
2.800000000000000000e+02 5.000000000000000000e-01 8.064000000000000000e+08 5.000000000000000000e+07 9.100000000000000311e-01 0.000000000000000000e+00 3.515292658180760716e-19 7.416041323897811708e+02
2.810000000000000000e+02 4.700000000000000178e+00 8.064000000000000000e+08 5.000000000000000000e+07 9.768868878517409371e-01 1.000000000000000000e+00 3.871541274200528436e-19 8.261457008323815216e+02
2.820000000000000000e+02 1.900000000000000022e-01 8.064000000000000000e+08 5.000000000000000000e+07 9.768868878517409371e-01 2.500000000000000139e-02 1.939641823775976931e-19 1.362588613999036625e+03
2.830000000000000000e+02 2.450000000000000178e+00 8.064000000000000000e+08 1.000000000000000000e+07 9.100000000000000311e-01 8.000000000000000444e-01 1.011925944650317612e-18 8.546437211515039962e+02
2.840000000000000000e+02 4.600000000000000200e-01 8.064000000000000000e+08 5.000000000000000000e+07 9.100000000000000311e-01 0.000000000000000000e+00 6.147371075715764884e-19 1.045427537510249067e+03
2.850000000000000000e+02 3.900000000000000133e-01 8.064000000000000000e+08 5.000000000000000000e+07 9.768868878517409371e-01 3.000000000000000444e-01 2.432446564587254936e-19 1.493474595812738016e+03
2.860000000000000000e+02 4.500000000000000000e+00 8.064000000000000000e+08 1.000000000000000000e+07 9.100000000000000311e-01 7.000000000000000666e-01 5.006892530843842315e-19 1.133631845080234370e+03
2.870000000000000000e+02 1.419999999999999929e+00 8.064000000000000000e+08 5.000000000000000000e+07 9.683130616529664891e-01 1.500000000000000000e+00 1.240999196483099569e-17 4.206201260836668553e+03
2.880000000000000000e+02 1.050000000000000044e+00 8.064000000000000000e+08 5.000000000000000000e+07 9.768868878517409371e-01 5.250000000000000222e-01 1.761962401593231830e-18 2.123000664789064103e+03
2.890000000000000000e+02 2.350000000000000089e+00 8.064000000000000000e+08 1.000000000000000000e+07 9.268236228897329676e-01 8.750000000000000000e-01 6.097739551879157295e-18 2.422313806507736444e+03
2.900000000000000000e+02 1.370000000000000107e+00 8.064000000000000000e+08 5.000000000000000000e+07 9.701892829446502331e-01 1.500000000000000000e+00 7.649069956867059016e-18 2.797205660796419579e+03
2.910000000000000000e+02 1.770000000000000018e+00 8.064000000000000000e+08 5.000000000000000000e+07 9.768868878517409371e-01 1.050000000000000044e+00 6.055789309584104786e-19 9.911930624776377954e+02
2.920000000000000000e+02 1.290000000000000036e+00 8.064000000000000000e+08 5.000000000000000000e+07 9.145007413978564204e-01 1.500000000000000000e+00 1.194166251279088422e-17 1.674110556026054837e+03
2.930000000000000000e+02 2.419999999999999929e+00 8.064000000000000000e+08 5.000000000000000000e+07 9.439306551992403538e-01 2.000000000000000111e-01 6.938373425479624454e-19 1.078300438670137510e+03
2.940000000000000000e+02 1.189999999999999947e+00 8.064000000000000000e+08 1.000000000000000000e+07 9.100000000000000311e-01 1.425000000000000044e+00 1.454981374414374934e-17 2.106306054106486044e+03
2.950000000000000000e+02 1.409999999999999920e+00 8.064000000000000000e+08 5.000000000000000000e+07 9.100000000000000311e-01 1.500000000000000000e+00 1.681832569873469718e-17 1.839851359464732241e+03
2.960000000000000000e+02 2.379999999999999893e+00 8.064000000000000000e+08 5.000000000000000000e+07 9.469042655519807061e-01 6.250000000000000000e-01 1.237125300725632781e-18 1.431544293652245642e+03
2.970000000000000000e+02 4.910000000000000142e+00 8.064000000000000000e+08 1.000000000000000000e+07 9.100000000000000311e-01 0.000000000000000000e+00 2.604664148252903330e-19 4.077803492639066008e+03
2.980000000000000000e+02 8.000000000000000444e-01 8.064000000000000000e+08 5.000000000000000000e+07 9.768868878517409371e-01 4.750000000000000333e-01 7.837126605322202027e-20 6.203622447801373028e+02
2.990000000000000000e+02 4.600000000000000200e-01 8.064000000000000000e+08 5.000000000000000000e+07 9.768868878517409371e-01 3.000000000000000444e-01 1.718847825762440535e-19 1.052328147124835596e+03
3.000000000000000000e+02 5.100000000000000089e-01 8.064000000000000000e+08 5.000000000000000000e+07 9.719810603679438499e-01 0.000000000000000000e+00 1.653145366727979064e-19 1.129859014255018337e+03
3.010000000000000000e+02 6.300000000000000044e-01 8.064000000000000000e+08 1.000000000000000000e+07 9.100000000000000311e-01 4.000000000000000222e-01 3.076797325093948044e-17 1.513340805168550651e+04
3.020000000000000000e+02 1.610000000000000098e+00 8.064000000000000000e+08 1.000000000000000000e+07 9.100000000000000311e-01 7.500000000000001110e-02 2.741737825340080632e-14 1.298772401390223354e+08
3.030000000000000000e+02 4.410000000000000142e+00 8.064000000000000000e+08 5.000000000000000000e+07 9.768868878517409371e-01 2.750000000000000222e-01 3.299313449725348964e-20 6.051803607227906241e+02
3.040000000000000000e+02 1.520000000000000018e+00 8.064000000000000000e+08 5.000000000000000000e+07 9.439306551992403538e-01 1.275000000000000133e+00 1.357172673862552132e-17 2.325599349716508641e+03
3.050000000000000000e+02 2.280000000000000249e+00 8.064000000000000000e+08 1.000000000000000000e+07 9.100000000000000311e-01 6.000000000000000888e-01 4.379513164898320873e-18 1.491905677347389883e+03
3.060000000000000000e+02 5.999999999999999778e-01 8.064000000000000000e+08 1.000000000000000000e+07 9.100000000000000311e-01 5.500000000000000444e-01 1.294915278825733799e-17 3.684687410498464487e+03
3.070000000000000000e+02 4.169999999999999929e+00 8.064000000000000000e+08 5.000000000000000000e+07 9.100000000000000311e-01 1.325000000000000178e+00 7.536108407813366593e-19 6.815306019120819201e+02
3.080000000000000000e+02 3.350000000000000089e+00 8.064000000000000000e+08 5.000000000000000000e+07 9.100000000000000311e-01 1.000000000000000000e+00 1.676065126055141099e-18 9.003641619532592131e+02
3.090000000000000000e+02 3.089999999999999858e+00 8.064000000000000000e+08 2.511900000000000000e+07 9.100000000000000311e-01 0.000000000000000000e+00 1.513045491287701278e-19 1.351763073243950203e+04
3.100000000000000000e+02 1.600000000000000089e+00 8.064000000000000000e+08 5.000000000000000000e+07 9.768868878517409371e-01 1.500000000000000222e-01 1.488284488293778346e-19 7.440967957905573940e+02
3.110000000000000000e+02 1.130000000000000115e+00 8.064000000000000000e+08 1.000000000000000000e+07 9.229036410043919281e-01 0.000000000000000000e+00 1.855619742539642230e-19 4.730687819135814607e+02
3.120000000000000000e+02 3.699999999999999956e-01 8.064000000000000000e+08 5.000000000000000000e+07 9.768868878517409371e-01 1.500000000000000000e+00 6.320184148228516194e-19 7.558813740435635964e+02
3.130000000000000000e+02 2.430000000000000160e+00 8.064000000000000000e+08 5.000000000000000000e+07 9.598812766372727401e-01 3.000000000000000444e-01 7.633387101563032142e-19 8.150296540352796910e+02
3.140000000000000000e+02 1.000000000000000056e-01 8.064000000000000000e+08 5.000000000000000000e+07 9.768868878517409371e-01 3.000000000000000444e-01 1.203342981566224651e-19 5.403287876219609416e+02
3.150000000000000000e+02 3.250000000000000000e+00 8.064000000000000000e+08 1.000000000000000000e+07 9.100000000000000311e-01 4.000000000000000222e-01 5.447097561254986074e-19 6.707599768229906658e+02
3.160000000000000000e+02 1.360000000000000098e+00 8.064000000000000000e+08 5.000000000000000000e+07 9.768868878517409371e-01 1.200000000000000178e+00 3.916447583159011982e-18 1.660917671161174439e+03
3.170000000000000000e+02 2.310000000000000053e+00 8.064000000000000000e+08 5.000000000000000000e+07 9.768868878517409371e-01 5.000000000000000000e-01 7.356672085033462953e-19 7.702600029273104383e+02
3.180000000000000000e+02 2.189999999999999947e+00 8.064000000000000000e+08 1.000000000000000000e+07 9.768868878517409371e-01 1.500000000000000000e+00 3.235317311906381165e-18 1.608467048407994298e+03
3.190000000000000000e+02 7.399999999999999911e-01 8.064000000000000000e+08 5.000000000000000000e+07 9.768868878517409371e-01 2.750000000000000222e-01 1.034072261344334587e-19 5.061571575962761926e+02
3.200000000000000000e+02 3.959999999999999964e+00 8.064000000000000000e+08 5.000000000000000000e+07 9.100000000000000311e-01 2.500000000000000000e-01 1.429007109473888832e-19 4.615429723394796042e+02
3.210000000000000000e+02 5.200000000000000178e-01 8.064000000000000000e+08 1.000000000000000000e+07 9.100000000000000311e-01 3.000000000000000444e-01 3.049446440369519757e-19 4.893555369697579067e+02
3.220000000000000000e+02 4.030000000000000249e+00 8.064000000000000000e+08 2.511900000000000000e+07 9.100000000000000311e-01 1.050000000000000044e+00 3.675352266946584425e-19 5.297893571072619352e+02
3.230000000000000000e+02 6.300000000000000044e-01 8.064000000000000000e+08 5.000000000000000000e+07 9.100000000000000311e-01 0.000000000000000000e+00 4.815029762337803539e-19 8.222370442376698065e+02
3.240000000000000000e+02 5.899999999999999689e-01 8.064000000000000000e+08 5.000000000000000000e+07 9.598812766372727401e-01 7.500000000000001110e-02 3.113139716988512922e-18 1.381212138521465386e+04
3.250000000000000000e+02 2.569999999999999840e+00 8.064000000000000000e+08 5.000000000000000000e+07 9.768868878517409371e-01 8.250000000000000666e-01 4.150010088201103957e-19 3.125614164737087890e+02
3.260000000000000000e+02 4.820000000000000284e+00 8.064000000000000000e+08 2.511900000000000000e+07 9.768868878517409371e-01 1.375000000000000000e+00 2.433799743365652275e-18 1.993558459653202135e+03
3.270000000000000000e+02 2.209999999999999964e+00 8.064000000000000000e+08 5.000000000000000000e+07 9.768868878517409371e-01 1.074999999999999956e+00 2.856096937893048227e-19 1.735676758471061248e+03
3.280000000000000000e+02 4.080000000000000071e+00 8.064000000000000000e+08 2.511900000000000000e+07 9.768868878517409371e-01 0.000000000000000000e+00 1.519382856014545224e-19 3.918109375838199412e+03
3.290000000000000000e+02 3.250000000000000000e+00 8.064000000000000000e+08 5.000000000000000000e+07 9.768868878517409371e-01 7.250000000000000888e-01 2.422532611987166476e-19 9.279189626723564288e+02
3.300000000000000000e+02 3.699999999999999956e-01 8.064000000000000000e+08 1.000000000000000000e+07 9.719810603679438499e-01 0.000000000000000000e+00 1.558761044955851651e-19 8.900318043866058133e+02
3.310000000000000000e+02 2.359999999999999876e+00 8.064000000000000000e+08 1.000000000000000000e+07 9.753263149547468647e-01 0.000000000000000000e+00 7.071927704869445886e-20 7.405377611455429587e+02
3.320000000000000000e+02 2.660000000000000142e+00 8.064000000000000000e+08 1.000000000000000000e+07 9.408169029081063783e-01 0.000000000000000000e+00 1.002544373162373885e-19 7.199449633478994883e+02
3.330000000000000000e+02 5.200000000000000178e-01 8.064000000000000000e+08 1.000000000000000000e+07 9.100000000000000311e-01 0.000000000000000000e+00 5.023836700591594590e-19 1.317531395042390386e+03
3.340000000000000000e+02 2.629999999999999893e+00 8.064000000000000000e+08 2.511900000000000000e+07 9.100000000000000311e-01 1.400000000000000133e+00 2.030861265050511734e-18 7.350285551837123421e+02
3.350000000000000000e+02 2.680000000000000160e+00 8.064000000000000000e+08 1.000000000000000000e+07 9.100000000000000311e-01 6.250000000000000000e-01 7.460999572956077176e-19 1.059665937646510201e+03
3.360000000000000000e+02 7.000000000000000666e-01 8.064000000000000000e+08 2.511900000000000000e+07 9.719810603679438499e-01 0.000000000000000000e+00 7.169235025108990751e-20 7.232057966287371755e+02
3.370000000000000000e+02 4.810000000000000497e+00 8.064000000000000000e+08 5.000000000000000000e+07 9.768868878517409371e-01 1.500000000000000222e-01 1.943447392635951948e-19 9.275360704769776703e+02
3.380000000000000000e+02 1.520000000000000018e+00 8.064000000000000000e+08 5.000000000000000000e+07 9.229036410043919281e-01 1.500000000000000000e+00 1.481707193336672750e-17 1.764519150735403855e+03
3.390000000000000000e+02 8.000000000000000444e-01 8.064000000000000000e+08 5.000000000000000000e+07 9.768868878517409371e-01 7.500000000000001110e-02 8.312532865321219036e-20 1.716765301642571558e+03
3.400000000000000000e+02 3.720000000000000195e+00 8.064000000000000000e+08 2.511900000000000000e+07 9.100000000000000311e-01 4.750000000000000333e-01 1.610651552870074758e-18 4.872995149769098134e+03
3.410000000000000000e+02 2.180000000000000160e+00 8.064000000000000000e+08 1.000000000000000000e+07 9.100000000000000311e-01 7.500000000000000000e-01 2.644382031702532411e-18 1.253446666600094659e+03
3.420000000000000000e+02 2.300000000000000266e+00 8.064000000000000000e+08 2.511900000000000000e+07 9.100000000000000311e-01 5.750000000000000666e-01 6.407839677347587105e-19 7.988255433055131789e+02
3.430000000000000000e+02 2.300000000000000100e-01 8.064000000000000000e+08 5.000000000000000000e+07 9.768868878517409371e-01 5.000000000000000000e-01 9.420651827784384189e-19 4.564772010678617335e+03
3.440000000000000000e+02 3.300000000000000155e-01 8.064000000000000000e+08 1.000000000000000000e+07 9.100000000000000311e-01 0.000000000000000000e+00 4.205935221866380360e-19 9.023230006227365720e+02
3.450000000000000000e+02 4.810000000000000497e+00 8.064000000000000000e+08 1.000000000000000000e+07 9.768868878517409371e-01 5.000000000000000000e-01 2.081645288208336217e-19 9.514881169744323870e+02
3.460000000000000000e+02 2.450000000000000178e+00 8.064000000000000000e+08 1.000000000000000000e+07 9.100000000000000311e-01 6.000000000000000888e-01 1.155904231872620038e-18 1.091502103010336668e+03
3.470000000000000000e+02 1.969999999999999973e+00 8.064000000000000000e+08 1.000000000000000000e+07 9.100000000000000311e-01 8.500000000000000888e-01 4.980625532447745856e-18 1.677784487456117404e+03
3.480000000000000000e+02 2.229999999999999982e+00 8.064000000000000000e+08 1.000000000000000000e+07 9.187989160644089992e-01 8.750000000000000000e-01 5.589249316954066620e-17 1.091743931002201134e+05
3.490000000000000000e+02 2.240000000000000213e+00 8.064000000000000000e+08 1.000000000000000000e+07 9.100000000000000311e-01 1.500000000000000000e+00 4.224077041717619824e-16 2.355897783400005137e+05
3.500000000000000000e+02 6.800000000000000488e-01 8.064000000000000000e+08 5.000000000000000000e+07 9.768868878517409371e-01 1.750000000000000167e-01 9.062999058986988145e-20 7.699052637757504272e+02
3.510000000000000000e+02 4.870000000000000107e+00 8.064000000000000000e+08 1.000000000000000000e+07 9.768868878517409371e-01 3.000000000000000444e-01 2.268219963209545423e-19 2.133875875890269072e+03
3.520000000000000000e+02 2.330000000000000071e+00 8.064000000000000000e+08 1.000000000000000000e+07 9.100000000000000311e-01 7.750000000000000222e-01 6.869349754428572767e-18 3.341888366866350680e+03
3.530000000000000000e+02 3.300000000000000155e-01 8.064000000000000000e+08 5.000000000000000000e+07 9.768868878517409371e-01 0.000000000000000000e+00 7.153610154590378516e-19 2.694913606715294009e+03
3.540000000000000000e+02 5.799999999999999600e-01 8.064000000000000000e+08 5.000000000000000000e+07 9.768868878517409371e-01 5.750000000000000666e-01 5.889808831511001361e-20 4.800921879448638379e+02
3.550000000000000000e+02 2.709999999999999964e+00 8.064000000000000000e+08 2.511900000000000000e+07 9.642911810385125237e-01 0.000000000000000000e+00 1.982607702542920385e-19 7.271381221647800430e+02
3.560000000000000000e+02 2.490000000000000213e+00 8.064000000000000000e+08 1.000000000000000000e+07 9.768868878517409371e-01 1.125000000000000000e+00 1.000468685308896625e-18 1.165623318007974603e+03
3.570000000000000000e+02 7.299999999999999822e-01 8.064000000000000000e+08 5.000000000000000000e+07 9.768868878517409371e-01 2.500000000000000000e-01 1.390791215070317669e-19 1.722727996587270127e+03
3.580000000000000000e+02 3.599999999999999867e-01 8.064000000000000000e+08 1.000000000000000000e+07 9.100000000000000311e-01 0.000000000000000000e+00 5.100758625646280096e-19 1.213532907676965351e+03
3.590000000000000000e+02 3.379999999999999893e+00 8.064000000000000000e+08 5.000000000000000000e+07 9.187989160644089992e-01 8.750000000000000000e-01 9.131760383891049908e-19 7.841720376691982892e+02
3.600000000000000000e+02 2.540000000000000036e+00 8.064000000000000000e+08 5.000000000000000000e+07 9.768868878517409371e-01 1.750000000000000167e-01 2.183221266806079821e-19 7.479084539872894766e+02
3.610000000000000000e+02 4.199999999999999845e-01 8.064000000000000000e+08 1.000000000000000000e+07 9.100000000000000311e-01 0.000000000000000000e+00 2.125518030285761106e-18 2.918918452323240672e+03
3.620000000000000000e+02 4.980000000000000426e+00 8.064000000000000000e+08 5.000000000000000000e+07 9.768868878517409371e-01 7.000000000000000666e-01 3.355101456874938186e-19 9.482417827720809100e+02
3.630000000000000000e+02 3.000000000000000000e+00 8.064000000000000000e+08 1.000000000000000000e+07 9.100000000000000311e-01 0.000000000000000000e+00 -1.231500597170735390e-17 4.435556667730033994e+08
3.640000000000000000e+02 2.430000000000000160e+00 8.064000000000000000e+08 5.000000000000000000e+07 9.768868878517409371e-01 1.300000000000000044e+00 3.004238750925329916e-19 6.616258544719383963e+02
3.650000000000000000e+02 1.260000000000000009e+00 8.064000000000000000e+08 5.000000000000000000e+07 9.768868878517409371e-01 1.074999999999999956e+00 2.258475454493017150e-18 1.305273155165345997e+03
3.660000000000000000e+02 1.340000000000000080e+00 8.064000000000000000e+08 5.000000000000000000e+07 9.768868878517409371e-01 1.425000000000000044e+00 4.509220679274721121e-18 1.475012965954707170e+03
3.670000000000000000e+02 2.129999999999999893e+00 8.064000000000000000e+08 1.000000000000000000e+07 9.768868878517409371e-01 1.074999999999999956e+00 5.201945804305878472e-19 6.401865230791150907e+02
3.680000000000000000e+02 1.060000000000000053e+00 8.064000000000000000e+08 5.000000000000000000e+07 9.768868878517409371e-01 8.500000000000000888e-01 4.401194513517665206e-18 3.623784298582471820e+03
3.690000000000000000e+02 1.130000000000000115e+00 8.064000000000000000e+08 5.000000000000000000e+07 9.768868878517409371e-01 7.750000000000000222e-01 6.223007208941643262e-18 6.226459479946148349e+03
3.700000000000000000e+02 5.600000000000000533e-01 8.064000000000000000e+08 1.000000000000000000e+07 9.439306551992403538e-01 5.000000000000000000e-01 1.615398003742000804e-19 4.173519737169137329e+02
3.710000000000000000e+02 2.550000000000000266e+00 8.064000000000000000e+08 2.511900000000000000e+07 9.753263149547468647e-01 0.000000000000000000e+00 8.723524933480719545e-20 1.379880529220191875e+03
3.720000000000000000e+02 2.339999999999999858e+00 8.064000000000000000e+08 1.000000000000000000e+07 9.100000000000000311e-01 4.750000000000000333e-01 5.129097795300529943e-18 2.154180111447783474e+03
3.730000000000000000e+02 3.089999999999999858e+00 8.064000000000000000e+08 1.000000000000000000e+07 9.100000000000000311e-01 0.000000000000000000e+00 -5.811435121954691585e-18 4.229781196216163039e+08
