# obj_no phot_z age_old age_new f_old_V  EBV norm chi
1.000000000000000000e+00 4.299999999999999933e-01 1.700000000000000000e+09 1.000000000000000000e+07 6.469219452298986539e-01 0.000000000000000000e+00 5.265732915111644518e-18 1.971362379783540973e+03
2.000000000000000000e+00 3.370000000000000107e+00 2.000000000000000000e+09 2.511900000000000000e+07 1.000000000000000888e-02 9.750000000000000888e-01 2.994734209359954236e-15 1.283132747786249183e+03
3.000000000000000000e+00 3.900000000000000133e-01 5.088000000000000000e+08 5.000000000000000000e+07 3.181690290810633703e-01 2.500000000000000000e-01 2.042247911707535847e-17 1.533176748807855574e+03
4.000000000000000000e+00 1.199999999999999956e+00 8.064000000000000000e+08 5.000000000000000000e+07 6.788688785174088469e-01 3.250000000000000111e-01 2.912518409076585329e-18 7.963548563498969770e+02
5.000000000000000000e+00 3.910000000000000142e+00 1.700000000000000000e+09 5.000000000000000000e+07 1.000000000000000888e-02 3.750000000000000000e-01 8.722696903235759619e-18 9.104617729715836276e+02
6.000000000000000000e+00 3.500000000000000333e-01 5.088000000000000000e+08 5.000000000000000000e+07 6.788688785174088469e-01 2.000000000000000111e-01 3.682151373657568273e-18 9.296992597395826579e+02
7.000000000000000000e+00 5.999999999999999778e-01 8.064000000000000000e+08 1.000000000000000000e+07 6.788688785174088469e-01 1.250000000000000000e-01 9.795169690679153889e-19 6.214187445788170407e+02
8.000000000000000000e+00 3.649999999999999911e+00 1.700000000000000000e+09 5.000000000000000000e+07 1.000000000000000888e-02 1.750000000000000167e-01 1.024844130652421577e-18 9.627903149669336926e+02
9.000000000000000000e+00 1.090000000000000080e+00 2.500000000000000000e+09 5.000000000000000000e+07 6.469219452298986539e-01 1.000000000000000000e+00 4.572955800498456779e-15 7.328189320112753194e+03
1.000000000000000000e+01 4.860000000000000320e+00 5.088000000000000000e+08 1.000000000000000000e+07 6.788688785174088469e-01 4.500000000000000111e-01 7.152278441156465766e-17 6.038522044966807698e+03
1.100000000000000000e+01 1.459999999999999964e+00 5.088000000000000000e+08 5.000000000000000000e+07 6.788688785174088469e-01 8.750000000000000000e-01 2.221114402864939589e-15 1.881678361420270676e+03
1.200000000000000000e+01 3.510000000000000231e+00 2.000000000000000000e+09 5.000000000000000000e+07 1.000000000000000888e-02 2.250000000000000056e-01 2.183739872463546186e-18 5.926483007738365814e+02
1.300000000000000000e+01 2.300000000000000266e+00 3.000000000000000000e+09 2.511900000000000000e+07 1.000000000000000888e-02 3.250000000000000111e-01 1.051048586369164753e-17 1.126333776489947923e+03
1.400000000000000000e+01 1.110000000000000098e+00 4.000000000000000000e+09 5.000000000000000000e+07 4.345600626628430829e-01 1.000000000000000000e+00 1.761281778685658504e-15 2.236603280506922601e+03
1.500000000000000000e+01 4.990000000000000213e+00 5.088000000000000000e+08 1.000000000000000000e+07 6.788688785174088469e-01 0.000000000000000000e+00 1.006071815798510460e-19 8.684579499805475962e+02
1.600000000000000000e+01 3.580000000000000071e+00 2.000000000000000000e+09 5.000000000000000000e+07 1.000000000000000888e-02 3.750000000000000000e-01 2.033770773465162612e-17 1.409651823877212337e+03
1.700000000000000000e+01 1.040000000000000036e+00 1.434000000000000000e+09 5.000000000000000000e+07 6.469219452298986539e-01 1.000000000000000000e+00 5.213852710786621737e-15 5.043130881773145120e+03
1.800000000000000000e+01 3.200000000000000067e-01 8.064000000000000000e+08 5.000000000000000000e+07 6.788688785174088469e-01 7.500000000000001110e-02 1.107982206478586765e-17 3.219647090736507835e+03
1.900000000000000000e+01 3.189999999999999947e+00 2.000000000000000000e+09 5.000000000000000000e+07 1.000000000000000888e-02 3.500000000000000333e-01 1.676414537001641209e-17 2.059135693595796965e+03
2.000000000000000000e+01 3.050000000000000266e+00 5.088000000000000000e+08 2.511900000000000000e+07 6.788688785174088469e-01 1.250000000000000000e-01 2.634239298673066362e-19 5.237062947936279897e+02
2.100000000000000000e+01 4.299999999999999933e-01 4.000000000000000000e+09 5.000000000000000000e+07 6.788688785174088469e-01 1.000000000000000000e+00 1.016803751747893101e-15 6.355608902771451540e+03
2.200000000000000000e+01 7.500000000000000000e-01 5.088000000000000000e+08 5.000000000000000000e+07 6.788688785174088469e-01 7.000000000000000666e-01 3.893548870198240289e-17 1.170979696770454893e+03
2.300000000000000000e+01 3.879999999999999893e+00 1.700000000000000000e+09 5.000000000000000000e+07 1.000000000000000888e-02 4.250000000000000444e-01 2.681143196643212448e-17 1.110291262783976890e+03
2.400000000000000000e+01 6.400000000000000133e-01 8.064000000000000000e+08 2.511900000000000000e+07 6.788688785174088469e-01 1.000000000000000000e+00 5.196842714558883732e-16 1.815964318852199767e+03
2.500000000000000000e+01 3.500000000000000000e+00 2.000000000000000000e+09 1.000000000000000000e+07 1.000000000000000888e-02 3.500000000000000333e-01 5.629231629729387749e-18 8.871878019105209887e+02
2.600000000000000000e+01 3.479999999999999982e+00 5.088000000000000000e+08 5.000000000000000000e+07 6.788688785174088469e-01 1.500000000000000222e-01 8.328698839144186457e-19 7.406257312909341408e+02
2.700000000000000000e+01 4.360000000000000320e+00 5.088000000000000000e+08 5.000000000000000000e+07 6.788688785174088469e-01 1.500000000000000222e-01 3.541533283265531301e-18 2.302804737196818678e+03
2.800000000000000000e+01 1.040000000000000036e+00 2.000000000000000000e+09 5.000000000000000000e+07 6.788688785174088469e-01 8.000000000000000444e-01 1.925953834118072014e-16 1.357669400535083241e+03
2.900000000000000000e+01 4.540000000000000036e+00 5.088000000000000000e+08 1.000000000000000000e+07 6.788688785174088469e-01 7.500000000000000000e-01 4.354155201216786896e-16 4.777890732489121729e+04
3.000000000000000000e+01 3.609999999999999876e+00 2.000000000000000000e+09 1.000000000000000000e+07 1.000000000000000888e-02 3.750000000000000000e-01 6.121092760589553040e-18 9.723444862804238937e+02
3.100000000000000000e+01 7.299999999999999822e-01 5.088000000000000000e+08 5.000000000000000000e+07 6.788688785174088469e-01 2.750000000000000222e-01 4.392752352181157720e-18 1.248301847661044121e+03
3.200000000000000000e+01 1.040000000000000036e+00 4.000000000000000000e+09 2.511900000000000000e+07 5.734841677598339071e-01 9.250000000000000444e-01 1.195513655683867766e-15 1.793691852901671382e+03
3.300000000000000000e+01 3.290000000000000036e+00 2.000000000000000000e+09 1.000000000000000000e+07 1.000000000000000888e-02 4.750000000000000333e-01 1.741556809843307018e-17 1.110245009396589239e+03
3.400000000000000000e+01 6.140000000000000568e+00 1.139100030000000000e+09 1.000000000000000000e+07 1.000000000000000888e-02 4.000000000000000222e-01 -2.197555539999059619e-18 5.922442532366380874e+02
3.500000000000000000e+01 1.060000000000000053e+00 2.500000000000000000e+09 5.000000000000000000e+07 6.788688785174088469e-01 1.000000000000000000e+00 4.683780679130851623e-15 5.442945779867965030e+03
3.600000000000000000e+01 4.290000000000000036e+00 5.088000000000000000e+08 5.000000000000000000e+07 6.788688785174088469e-01 2.000000000000000111e-01 9.227561774094535991e-19 8.057761599948880757e+02
3.700000000000000000e+01 5.899999999999999689e-01 5.088000000000000000e+08 5.000000000000000000e+07 6.788688785174088469e-01 9.500000000000000666e-01 5.889420497625037479e-16 3.525969407655446048e+03
3.800000000000000000e+01 1.820000000000000062e+00 3.000000000000000000e+09 1.000000000000000000e+07 1.000000000000000888e-02 3.500000000000000333e-01 2.355881575333425099e-17 1.158127171287278998e+03
3.900000000000000000e+01 3.570000000000000284e+00 2.000000000000000000e+09 1.000000000000000000e+07 1.000000000000000888e-02 3.000000000000000444e-01 5.633160901544063048e-18 1.528416580863983427e+03
4.000000000000000000e+01 2.000000000000000111e-01 3.000000000000000000e+09 5.000000000000000000e+07 6.788688785174088469e-01 5.000000000000000278e-02 3.791426264030044116e-18 1.507218992630926095e+03
4.100000000000000000e+01 3.099999999999999978e-01 5.088000000000000000e+08 5.000000000000000000e+07 6.788688785174088469e-01 1.750000000000000167e-01 2.075003247827966568e-17 2.913873000032152504e+03
4.200000000000000000e+01 3.570000000000000284e+00 2.000000000000000000e+09 5.000000000000000000e+07 1.000000000000000888e-02 5.000000000000000000e-01 2.950540136144106115e-17 1.144862586530581666e+03
4.300000000000000000e+01 3.580000000000000071e+00 2.000000000000000000e+09 1.000000000000000000e+07 1.000000000000000888e-02 4.500000000000000111e-01 1.648199227612635686e-17 1.521546549254162983e+03
4.400000000000000000e+01 5.300000000000000266e-01 5.088000000000000000e+08 1.000000000000000000e+07 6.788688785174088469e-01 5.250000000000000222e-01 4.171238246926783426e-17 1.854416115977693380e+03
4.500000000000000000e+01 3.390000000000000124e+00 2.000000000000000000e+09 5.000000000000000000e+07 1.000000000000000888e-02 2.750000000000000222e-01 5.201684114331156299e-18 9.599782628214830993e+02
4.600000000000000000e+01 8.000000000000000444e-01 4.000000000000000000e+09 2.511900000000000000e+07 9.798916064409035620e-02 5.250000000000000222e-01 1.273434956589069931e-16 1.884764390030293953e+03
4.700000000000000000e+01 3.400000000000000244e-01 5.088000000000000000e+08 5.000000000000000000e+07 6.788688785174088469e-01 2.500000000000000000e-01 8.427405610770116457e-18 1.144704726610560556e+03
4.800000000000000000e+01 3.470000000000000195e+00 2.000000000000000000e+09 5.000000000000000000e+07 1.000000000000000888e-02 4.500000000000000111e-01 3.479834405937048605e-17 1.090515581506945864e+03
4.900000000000000000e+01 6.300000000000000044e-01 4.000000000000000000e+09 1.000000000000000000e+07 1.000000000000000888e-02 4.250000000000000444e-01 8.402464723711144660e-17 2.821717042889609729e+03
5.000000000000000000e+01 4.700000000000000289e-01 5.088000000000000000e+08 1.000000000000000000e+07 6.788688785174088469e-01 5.000000000000000278e-02 4.534934433074303968e-18 2.076259781235457467e+03
5.100000000000000000e+01 7.399999999999999911e-01 4.000000000000000000e+09 5.000000000000000000e+07 6.469219452298986539e-01 6.500000000000000222e-01 1.002767270478405925e-16 1.484650764359836785e+03
5.200000000000000000e+01 5.400000000000000355e-01 5.088000000000000000e+08 5.000000000000000000e+07 6.788688785174088469e-01 3.250000000000000111e-01 3.738370224605496221e-18 8.958848852745350086e+02
5.300000000000000000e+01 4.100000000000000311e-01 5.088000000000000000e+08 5.000000000000000000e+07 6.788688785174088469e-01 2.500000000000000000e-01 5.545871539487661296e-18 1.033533411737447750e+03
5.400000000000000000e+01 6.800000000000000488e-01 5.088000000000000000e+08 1.000000000000000000e+07 6.788688785174088469e-01 0.000000000000000000e+00 5.125682241679183960e-19 8.590751051685351740e+02
5.500000000000000000e+01 5.600000000000000533e-01 5.088000000000000000e+08 1.000000000000000000e+07 6.788688785174088469e-01 3.500000000000000333e-01 7.465900675512487743e-17 1.145539787222877567e+04
5.600000000000000000e+01 7.600000000000000089e-01 4.000000000000000000e+09 5.000000000000000000e+07 6.788688785174088469e-01 1.000000000000000000e+00 1.925062573345282453e-16 9.061230965580691645e+02
5.700000000000000000e+01 2.109999999999999876e+00 3.000000000000000000e+09 1.000000000000000000e+07 1.000000000000000888e-02 3.500000000000000333e-01 3.882257061900116355e-17 1.876062482310686846e+03
5.800000000000000000e+01 2.149999999999999911e+00 3.000000000000000000e+09 2.511900000000000000e+07 1.000000000000000888e-02 3.250000000000000111e-01 6.474575285716238656e-18 2.586023954323207363e+03
5.900000000000000000e+01 5.700000000000000622e-01 5.088000000000000000e+08 5.000000000000000000e+07 4.345600626628430829e-01 2.000000000000000111e-01 1.059599526386052116e-17 2.385859756160348297e+03
6.000000000000000000e+01 1.340000000000000080e+00 5.088000000000000000e+08 5.000000000000000000e+07 6.788688785174088469e-01 6.750000000000000444e-01 7.318482706848079488e-16 6.848627013032352806e+03
6.100000000000000000e+01 1.239999999999999991e+00 5.088000000000000000e+08 5.000000000000000000e+07 5.313699076773616969e-01 1.750000000000000167e-01 1.939606637068988397e-18 4.927646451165488770e+02
6.200000000000000000e+01 3.099999999999999978e-01 5.088000000000000000e+08 5.000000000000000000e+07 6.118928294465026951e-01 3.500000000000000333e-01 1.014199486468116514e-17 6.254862357193940170e+02
6.300000000000000000e+01 9.400000000000000577e-01 4.000000000000000000e+09 2.511900000000000000e+07 6.788688785174088469e-01 6.750000000000000444e-01 1.071887900007457135e-16 1.217741456390219355e+03
6.400000000000000000e+01 1.370000000000000107e+00 5.088000000000000000e+08 5.000000000000000000e+07 6.788688785174088469e-01 1.000000000000000000e+00 7.890259304603093779e-16 2.143436619598700872e+03
6.500000000000000000e+01 3.459999999999999964e+00 2.000000000000000000e+09 1.000000000000000000e+07 1.000000000000000888e-02 2.500000000000000000e-01 3.004206429957928919e-18 1.291884131441432828e+03
6.600000000000000000e+01 4.600000000000000200e-01 8.064000000000000000e+08 5.000000000000000000e+07 6.788688785174088469e-01 7.500000000000001110e-02 6.747789991774970945e-18 2.060563166876911509e+03
6.700000000000000000e+01 3.310000000000000053e+00 2.000000000000000000e+09 1.000000000000000000e+07 6.788688785174088469e-01 1.500000000000000222e-01 3.311567094893412761e-19 7.903310130461404697e+02
6.800000000000000000e+01 1.060000000000000053e+00 2.500000000000000000e+09 5.000000000000000000e+07 6.788688785174088469e-01 9.750000000000000888e-01 2.362364109360797883e-15 2.427018700413991610e+03
6.900000000000000000e+01 2.350000000000000089e+00 5.088000000000000000e+08 1.000000000000000000e+07 5.734841677598339071e-01 3.750000000000000000e-01 8.405330699491869767e-14 2.225111322494280338e+07
7.000000000000000000e+01 1.719999999999999973e+00 4.000000000000000000e+09 2.511900000000000000e+07 1.000000000000000888e-02 3.750000000000000000e-01 3.313889969850575226e-13 1.992201568140313774e+07
7.100000000000000000e+01 3.950000000000000178e+00 5.088000000000000000e+08 1.000000000000000000e+07 1.782362288973291520e-01 2.500000000000000000e-01 1.904746042343438598e-18 9.202715736263876352e+02
7.200000000000000000e+01 2.999999999999999889e-01 8.064000000000000000e+08 1.000000000000000000e+07 6.788688785174088469e-01 0.000000000000000000e+00 1.066990875664337218e-18 1.104045754181273196e+03
7.300000000000000000e+01 2.760000000000000231e+00 2.500000000000000000e+09 1.000000000000000000e+07 6.788688785174088469e-01 0.000000000000000000e+00 9.013955478692825505e-20 3.966209832351143177e+03
7.400000000000000000e+01 3.839999999999999858e+00 5.088000000000000000e+08 1.000000000000000000e+07 6.788688785174088469e-01 4.250000000000000444e-01 2.795656874150344942e-18 4.753862227838472450e+02
7.500000000000000000e+01 3.680000000000000160e+00 1.700000000000000000e+09 5.000000000000000000e+07 1.000000000000000888e-02 3.250000000000000111e-01 4.770917180661083396e-18 1.530322373112378955e+03
7.600000000000000000e+01 6.400000000000000133e-01 5.088000000000000000e+08 5.000000000000000000e+07 6.788688785174088469e-01 3.750000000000000000e-01 9.496816063704436289e-18 1.139517410872305618e+03
7.700000000000000000e+01 1.189999999999999947e+00 5.088000000000000000e+08 2.511900000000000000e+07 6.118928294465026951e-01 5.500000000000000444e-01 8.329308793266905991e-17 1.182683088658873021e+04
7.800000000000000000e+01 3.350000000000000089e+00 8.064000000000000000e+08 5.000000000000000000e+07 6.788688785174088469e-01 0.000000000000000000e+00 3.311482998128548528e-19 2.886216103295244920e+03
7.900000000000000000e+01 4.799999999999999822e-01 5.088000000000000000e+08 5.000000000000000000e+07 6.788688785174088469e-01 5.000000000000000278e-02 1.370222801218216285e-18 9.189802174336601865e+02
8.000000000000000000e+01 5.700000000000000622e-01 3.000000000000000000e+09 1.000000000000000000e+07 1.000000000000000888e-02 3.250000000000000111e-01 5.437328405133071254e-17 1.376219417736258038e+03
8.100000000000000000e+01 1.090000000000000080e+00 1.434000000000000000e+09 5.000000000000000000e+07 6.788688785174088469e-01 5.250000000000000222e-01 4.202541022771978988e-17 6.441247166482669400e+02
8.200000000000000000e+01 4.799999999999999822e-01 1.434000000000000000e+09 5.000000000000000000e+07 6.118928294465026951e-01 0.000000000000000000e+00 3.978233890608647978e-18 1.189506216118175416e+03
8.300000000000000000e+01 4.780000000000000249e+00 5.088000000000000000e+08 5.000000000000000000e+07 6.788688785174088469e-01 2.250000000000000056e-01 1.700928957460549379e-18 7.684520187051472249e+02
8.400000000000000000e+01 5.700000000000000622e-01 5.088000000000000000e+08 5.000000000000000000e+07 6.788688785174088469e-01 2.000000000000000111e-01 6.064962230392255942e-18 1.102665006370196124e+03
8.500000000000000000e+01 5.100000000000000089e-01 5.088000000000000000e+08 5.000000000000000000e+07 5.734841677598339071e-01 2.500000000000000139e-02 3.009812008462883110e-18 1.006727481063128494e+03
8.600000000000000000e+01 9.400000000000000577e-01 8.064000000000000000e+08 5.000000000000000000e+07 6.788688785174088469e-01 1.750000000000000167e-01 2.738951595778823055e-18 1.224593180582241985e+03
8.700000000000000000e+01 2.999999999999999889e-01 5.088000000000000000e+08 5.000000000000000000e+07 6.788688785174088469e-01 2.000000000000000111e-01 1.584704235285114623e-18 5.712159437974233924e+02
8.800000000000000000e+01 9.100000000000000311e-01 2.000000000000000000e+09 5.000000000000000000e+07 6.788688785174088469e-01 3.500000000000000333e-01 2.694112467064638356e-18 8.408726858255507750e+02
8.900000000000000000e+01 3.810000000000000053e+00 1.700000000000000000e+09 1.000000000000000000e+07 1.000000000000000888e-02 1.250000000000000000e-01 2.027113732717001717e-19 5.900338009475267427e+02
9.000000000000000000e+01 1.929999999999999938e+00 3.000000000000000000e+09 2.511900000000000000e+07 2.514224249708160164e-01 3.500000000000000333e-01 6.864363500706723565e-17 5.040911633221524426e+03
9.100000000000000000e+01 5.999999999999999778e-01 5.088000000000000000e+08 5.000000000000000000e+07 6.788688785174088469e-01 0.000000000000000000e+00 1.433981945846759179e-18 1.079607464601514039e+03
9.200000000000000000e+01 4.060000000000000497e+00 5.088000000000000000e+08 5.000000000000000000e+07 6.788688785174088469e-01 1.000000000000000000e+00 4.328708308083226950e-15 5.222614044828038459e+03
9.300000000000000000e+01 1.110000000000000098e+00 4.000000000000000000e+09 5.000000000000000000e+07 5.313699076773616969e-01 7.750000000000000222e-01 1.032978954371961668e-15 2.948757851213300455e+03
9.400000000000000000e+01 4.950000000000000178e+00 1.139100030000000000e+09 5.000000000000000000e+07 1.000000000000000888e-02 0.000000000000000000e+00 1.351816280245188083e-19 2.859596419256159606e+03
9.500000000000000000e+01 1.030000000000000027e+00 2.500000000000000000e+09 5.000000000000000000e+07 5.313699076773616969e-01 8.500000000000000888e-01 1.725489678747091685e-15 3.614714863781032363e+03
9.600000000000000000e+01 2.270000000000000018e+00 5.088000000000000000e+08 2.511900000000000000e+07 1.000000000000000888e-02 5.000000000000000000e-01 6.228605336009677623e-17 1.424886181419263266e+03
9.700000000000000000e+01 3.430000000000000160e+00 2.000000000000000000e+09 5.000000000000000000e+07 1.000000000000000888e-02 4.750000000000000333e-01 2.108363442341844350e-17 7.431837604780487254e+02
9.800000000000000000e+01 1.280000000000000027e+00 5.088000000000000000e+08 5.000000000000000000e+07 1.000000000000000888e-02 4.500000000000000111e-01 2.644163389293432954e-17 8.089324849491620171e+02
9.900000000000000000e+01 1.900000000000000133e+00 5.088000000000000000e+08 2.511900000000000000e+07 6.469219452298986539e-01 3.000000000000000444e-01 3.237127174453297129e-17 4.188851018528976056e+03
1.000000000000000000e+02 4.120000000000000107e+00 5.088000000000000000e+08 5.000000000000000000e+07 6.788688785174088469e-01 2.000000000000000111e-01 1.971315281369439013e-18 9.169183344775931346e+02
1.010000000000000000e+02 3.220000000000000195e+00 2.000000000000000000e+09 5.000000000000000000e+07 1.000000000000000888e-02 3.000000000000000444e-01 1.388642310532511800e-17 1.587875431502644233e+03
1.020000000000000000e+02 1.090000000000000080e+00 2.500000000000000000e+09 5.000000000000000000e+07 6.118928294465026951e-01 1.000000000000000000e+00 1.791402714115885506e-15 2.159621145401860304e+03
1.030000000000000000e+02 2.350000000000000089e+00 5.088000000000000000e+08 1.000000000000000000e+07 6.788688785174088469e-01 6.250000000000000000e-01 1.355827756219763547e-15 8.679794108673666415e+03
1.040000000000000000e+02 5.700000000000000622e-01 8.064000000000000000e+08 5.000000000000000000e+07 6.788688785174088469e-01 1.750000000000000167e-01 1.844704363212422309e-18 7.237686795951779004e+02
1.050000000000000000e+02 5.200000000000000178e-01 5.088000000000000000e+08 5.000000000000000000e+07 6.788688785174088469e-01 3.250000000000000111e-01 7.871713553983961005e-18 9.731058918784527805e+02
1.060000000000000000e+02 3.570000000000000284e+00 2.000000000000000000e+09 5.000000000000000000e+07 1.000000000000000888e-02 4.000000000000000222e-01 2.456966108831073049e-17 1.426943036732281826e+03
1.070000000000000000e+02 5.799999999999999600e-01 5.088000000000000000e+08 5.000000000000000000e+07 6.788688785174088469e-01 7.500000000000001110e-02 6.631351202011615639e-19 7.215884532338942563e+02
1.080000000000000000e+02 6.099999999999999867e-01 5.088000000000000000e+08 1.000000000000000000e+07 6.118928294465026951e-01 0.000000000000000000e+00 4.575637579736054953e-19 5.796471619238357107e+02
1.090000000000000000e+02 4.600000000000000200e-01 5.088000000000000000e+08 5.000000000000000000e+07 2.514224249708160164e-01 4.250000000000000444e-01 3.104527632709084071e-17 1.180363142120281282e+03
1.100000000000000000e+02 2.270000000000000018e+00 3.000000000000000000e+09 1.000000000000000000e+07 1.000000000000000888e-02 4.500000000000000111e-01 2.382255718963194270e-17 1.284836178948197585e+03
1.110000000000000000e+02 3.570000000000000284e+00 2.000000000000000000e+09 5.000000000000000000e+07 1.000000000000000888e-02 3.000000000000000444e-01 8.520045706629151318e-18 1.320490737976155970e+03
1.120000000000000000e+02 5.700000000000000622e-01 5.088000000000000000e+08 1.000000000000000000e+07 1.000000000000000888e-02 3.750000000000000000e-01 4.299728205300771915e-17 1.179974977978583183e+03
1.130000000000000000e+02 4.600000000000000200e-01 5.088000000000000000e+08 5.000000000000000000e+07 6.788688785174088469e-01 2.750000000000000222e-01 6.808404158129660111e-18 6.837894852953733107e+02
1.140000000000000000e+02 2.260000000000000231e+00 5.088000000000000000e+08 1.000000000000000000e+07 6.788688785174088469e-01 4.500000000000000111e-01 4.312869807413782748e-17 1.555152606198901594e+03
1.150000000000000000e+02 3.490000000000000213e+00 2.000000000000000000e+09 5.000000000000000000e+07 1.000000000000000888e-02 4.500000000000000111e-01 1.705081411060205324e-17 8.444542571606252750e+02
1.160000000000000000e+02 3.500000000000000000e+00 2.000000000000000000e+09 5.000000000000000000e+07 1.000000000000000888e-02 4.500000000000000111e-01 5.805562171787914702e-17 1.502564765563518222e+03
1.170000000000000000e+02 8.699999999999999956e-01 5.088000000000000000e+08 5.000000000000000000e+07 6.788688785174088469e-01 5.000000000000000000e-01 1.782417109491597964e-17 2.060168921485254032e+03
1.180000000000000000e+02 4.799999999999999822e-01 5.088000000000000000e+08 1.000000000000000000e+07 3.790426555198066483e-01 3.000000000000000444e-01 2.260803850297297859e-17 1.401257256426997174e+03
1.190000000000000000e+02 4.200000000000000178e+00 5.088000000000000000e+08 2.511900000000000000e+07 6.788688785174088469e-01 1.750000000000000167e-01 9.059872537244341020e-19 9.052512799710443687e+02
1.200000000000000000e+02 3.390000000000000124e+00 2.000000000000000000e+09 1.000000000000000000e+07 1.000000000000000888e-02 3.250000000000000111e-01 4.254853706958283217e-18 1.068395585292378428e+03
1.210000000000000000e+02 3.800000000000000044e-01 5.088000000000000000e+08 5.000000000000000000e+07 6.788688785174088469e-01 5.000000000000000278e-02 5.252673649428881134e-18 2.685043205694702010e+03
1.220000000000000000e+02 6.500000000000000222e-01 5.088000000000000000e+08 5.000000000000000000e+07 6.469219452298986539e-01 4.500000000000000111e-01 5.815369659394294138e-18 7.405690290774809910e+02
1.230000000000000000e+02 3.320000000000000284e+00 5.088000000000000000e+08 2.511900000000000000e+07 6.788688785174088469e-01 1.000000000000000056e-01 4.813929164404832587e-19 2.083097603825101032e+03
1.240000000000000000e+02 3.080000000000000071e+00 2.000000000000000000e+09 1.000000000000000000e+07 1.000000000000000888e-02 3.000000000000000444e-01 7.967128757060572406e-18 2.667509410356837179e+03
1.250000000000000000e+02 4.790000000000000036e+00 5.088000000000000000e+08 1.000000000000000000e+07 6.788688785174088469e-01 5.000000000000000278e-02 3.209828864074587517e-19 2.344165600948840165e+03
1.260000000000000000e+02 3.370000000000000107e+00 2.000000000000000000e+09 5.000000000000000000e+07 1.000000000000000888e-02 2.750000000000000222e-01 4.330046825933785492e-18 9.559142216546545114e+02
1.270000000000000000e+02 1.840000000000000080e+00 3.000000000000000000e+09 1.000000000000000000e+07 1.000000000000000888e-02 4.000000000000000222e-01 5.292847937791230867e-17 1.912491347612442496e+03
1.280000000000000000e+02 1.110000000000000098e+00 4.000000000000000000e+09 5.000000000000000000e+07 6.788688785174088469e-01 9.750000000000000888e-01 1.454215702711371115e-15 2.117500926792294649e+03
1.290000000000000000e+02 8.599999999999999867e-01 5.088000000000000000e+08 5.000000000000000000e+07 6.788688785174088469e-01 6.500000000000000222e-01 1.487607592323605616e-17 6.064540779022925108e+02
1.300000000000000000e+02 3.200000000000000178e+00 1.434000000000000000e+09 5.000000000000000000e+07 6.788688785174088469e-01 2.250000000000000056e-01 4.367324777955037725e-18 1.251798397805824607e+03
1.310000000000000000e+02 2.419999999999999929e+00 8.064000000000000000e+08 1.000000000000000000e+07 6.788688785174088469e-01 9.250000000000000444e-01 3.051920308672852799e-15 1.536882361323048144e+03
1.320000000000000000e+02 4.520000000000000462e+00 5.088000000000000000e+08 1.000000000000000000e+07 6.788688785174088469e-01 2.250000000000000056e-01 4.896680034811535853e-18 3.098200802188258876e+03
1.330000000000000000e+02 2.350000000000000089e+00 5.088000000000000000e+08 1.000000000000000000e+07 6.118928294465026951e-01 3.500000000000000333e-01 4.821094789484609420e-14 1.473692221290683188e+07
1.340000000000000000e+02 2.319999999999999840e+00 5.088000000000000000e+08 1.000000000000000000e+07 1.000000000000000888e-02 7.000000000000000666e-01 3.613390213654948039e-13 1.323240478684273362e+07
1.350000000000000000e+02 4.889999999999999680e+00 1.139100030000000000e+09 1.000000000000000000e+07 1.000000000000000888e-02 0.000000000000000000e+00 7.689627312361023111e-20 9.709623229921086249e+02
1.360000000000000000e+02 2.569999999999999840e+00 2.500000000000000000e+09 1.000000000000000000e+07 1.000000000000000888e-02 3.250000000000000111e-01 2.628889589761213767e-18 8.761143759544833074e+02
1.370000000000000000e+02 6.600000000000000311e-01 5.088000000000000000e+08 1.000000000000000000e+07 1.000000000000000888e-02 3.500000000000000333e-01 5.040267618595783920e-17 4.895506953491025342e+03
1.380000000000000000e+02 4.209999999999999964e+00 1.700000000000000000e+09 5.000000000000000000e+07 1.000000000000000888e-02 1.500000000000000222e-01 3.573593356997617092e-18 6.991747987681753875e+04
1.390000000000000000e+02 2.629999999999999893e+00 5.088000000000000000e+08 5.000000000000000000e+07 6.788688785174088469e-01 5.000000000000000278e-02 2.346220359441868901e-18 2.941416313987692320e+03
1.400000000000000000e+02 1.239999999999999991e+00 8.064000000000000000e+08 5.000000000000000000e+07 6.788688785174088469e-01 3.000000000000000444e-01 4.564980574906590263e-18 1.159164241526844535e+03
1.410000000000000000e+02 6.500000000000000222e-01 5.088000000000000000e+08 5.000000000000000000e+07 6.788688785174088469e-01 4.250000000000000444e-01 7.766974684602740668e-18 1.110878513245803788e+03
1.420000000000000000e+02 2.890000000000000124e+00 2.500000000000000000e+09 1.000000000000000000e+07 1.000000000000000888e-02 4.250000000000000444e-01 6.925735209587507268e-18 2.460472274418385041e+03
1.430000000000000000e+02 1.280000000000000027e+00 5.088000000000000000e+08 1.000000000000000000e+07 6.788688785174088469e-01 2.000000000000000111e-01 1.873030181499854396e-18 7.175294795886965176e+02
1.440000000000000000e+02 3.979999999999999982e+00 1.700000000000000000e+09 5.000000000000000000e+07 1.000000000000000888e-02 4.250000000000000444e-01 9.396755122917363008e-18 7.153016921609407746e+02
1.450000000000000000e+02 6.400000000000000133e-01 5.088000000000000000e+08 1.000000000000000000e+07 1.000000000000000888e-02 5.000000000000000000e-01 4.453934485133154947e-16 1.476354751972035592e+04
1.460000000000000000e+02 3.599999999999999867e-01 5.088000000000000000e+08 5.000000000000000000e+07 6.788688785174088469e-01 7.500000000000001110e-02 3.041243800544309092e-18 1.320735785674854924e+03
1.470000000000000000e+02 4.339999999999999858e+00 5.088000000000000000e+08 1.000000000000000000e+07 6.788688785174088469e-01 5.000000000000000278e-02 1.811862852464658366e-19 1.060625731543811980e+03
1.480000000000000000e+02 4.299999999999999933e-01 5.088000000000000000e+08 5.000000000000000000e+07 6.788688785174088469e-01 6.250000000000000000e-01 2.838373970079443555e-17 1.415425608107489325e+03
1.490000000000000000e+02 1.890000000000000124e+00 8.064000000000000000e+08 5.000000000000000000e+07 6.788688785174088469e-01 5.750000000000000666e-01 1.501986642310604939e-16 1.523183849515567999e+03
1.500000000000000000e+02 8.800000000000000044e-01 5.088000000000000000e+08 5.000000000000000000e+07 6.118928294465026951e-01 0.000000000000000000e+00 5.233557576165223143e-19 7.062345095563048289e+02
1.510000000000000000e+02 5.799999999999999600e-01 5.088000000000000000e+08 5.000000000000000000e+07 6.788688785174088469e-01 4.750000000000000333e-01 4.534431987066990709e-18 6.543038691186745837e+02
1.520000000000000000e+02 3.180000000000000160e+00 2.000000000000000000e+09 1.000000000000000000e+07 1.000000000000000888e-02 3.250000000000000111e-01 2.431501196488649529e-17 2.488737392897534392e+03
1.530000000000000000e+02 7.800000000000000266e-01 1.434000000000000000e+09 5.000000000000000000e+07 1.782362288973291520e-01 2.250000000000000056e-01 4.196038286267404858e-18 6.249216604522281386e+02
1.540000000000000000e+02 5.600000000000000533e-01 5.088000000000000000e+08 5.000000000000000000e+07 5.734841677598339071e-01 2.500000000000000139e-02 2.831489871008529880e-18 1.064126811366404354e+03
1.550000000000000000e+02 2.490000000000000213e+00 5.088000000000000000e+08 5.000000000000000000e+07 6.788688785174088469e-01 7.500000000000001110e-02 1.173724549258176040e-18 1.007972003291863416e+03
1.560000000000000000e+02 3.580000000000000071e+00 1.700000000000000000e+09 1.000000000000000000e+07 6.788688785174088469e-01 4.500000000000000111e-01 3.963937528727190639e-18 6.359563280475460942e+02
1.570000000000000000e+02 3.990000000000000213e+00 5.088000000000000000e+08 5.000000000000000000e+07 6.788688785174088469e-01 3.000000000000000444e-01 7.511796695802277564e-18 1.240629737086171644e+03
1.580000000000000000e+02 4.060000000000000497e+00 1.700000000000000000e+09 1.000000000000000000e+07 1.000000000000000888e-02 4.000000000000000222e-01 4.363478444833059114e-18 8.750755881020897959e+02
1.590000000000000000e+02 5.999999999999999778e-01 8.064000000000000000e+08 5.000000000000000000e+07 6.788688785174088469e-01 2.500000000000000139e-02 1.032736629499702407e-18 8.950667994156647183e+02
1.600000000000000000e+02 3.680000000000000160e+00 5.088000000000000000e+08 1.000000000000000000e+07 6.788688785174088469e-01 4.750000000000000333e-01 7.334837425920008962e-18 9.112503086311618290e+02
1.610000000000000000e+02 1.000000000000000000e+00 5.088000000000000000e+08 5.000000000000000000e+07 6.788688785174088469e-01 7.500000000000000000e-01 7.297583936167707784e-17 1.215936261632065225e+03
1.620000000000000000e+02 2.879999999999999893e+00 5.088000000000000000e+08 5.000000000000000000e+07 3.181690290810633703e-01 2.250000000000000056e-01 8.037291612704261600e-18 1.645232744274521338e+03
1.630000000000000000e+02 2.899999999999999800e-01 3.000000000000000000e+09 5.000000000000000000e+07 6.788688785174088469e-01 0.000000000000000000e+00 2.027990183657655735e-18 1.113073512870169225e+03
1.640000000000000000e+02 3.310000000000000053e+00 2.000000000000000000e+09 5.000000000000000000e+07 1.000000000000000888e-02 1.500000000000000222e-01 3.874380800465276884e-18 6.267335444334949898e+03
1.650000000000000000e+02 3.320000000000000284e+00 5.088000000000000000e+08 1.000000000000000000e+07 6.788688785174088469e-01 3.500000000000000333e-01 1.355982970032903855e-18 5.477095394254946541e+02
1.660000000000000000e+02 3.250000000000000000e+00 8.064000000000000000e+08 1.000000000000000000e+07 6.788688785174088469e-01 7.250000000000000888e-01 4.900018385279346088e-16 2.144719352967658324e+03
1.670000000000000000e+02 7.199999999999999734e-01 5.088000000000000000e+08 5.000000000000000000e+07 6.788688785174088469e-01 7.500000000000000000e-01 2.675060979580306816e-16 8.210959816086231513e+03
1.680000000000000000e+02 2.379999999999999893e+00 5.088000000000000000e+08 5.000000000000000000e+07 6.788688785174088469e-01 2.000000000000000111e-01 4.792068744677975659e-18 7.211341631603253290e+02
1.690000000000000000e+02 4.440000000000000391e+00 5.088000000000000000e+08 1.000000000000000000e+07 6.788688785174088469e-01 1.250000000000000000e-01 4.422389237042537380e-19 9.699421447068586986e+02
1.700000000000000000e+02 2.700000000000000178e-01 4.000000000000000000e+09 1.000000000000000000e+07 6.788688785174088469e-01 1.000000000000000056e-01 1.003587135339709707e-17 5.965303606395485986e+03
1.710000000000000000e+02 3.339999999999999858e+00 8.064000000000000000e+08 5.000000000000000000e+07 6.788688785174088469e-01 0.000000000000000000e+00 9.950426506319045961e-20 1.676285754496424033e+03
1.720000000000000000e+02 1.080000000000000071e+00 1.434000000000000000e+09 5.000000000000000000e+07 6.788688785174088469e-01 0.000000000000000000e+00 6.998810421922334707e-19 6.150097835115251428e+02
1.730000000000000000e+02 5.899999999999999689e-01 5.088000000000000000e+08 5.000000000000000000e+07 4.851925397502274695e-01 4.250000000000000444e-01 7.943731844909736926e-17 4.123312281850990985e+03
1.740000000000000000e+02 7.600000000000000089e-01 5.088000000000000000e+08 5.000000000000000000e+07 6.788688785174088469e-01 2.000000000000000111e-01 1.909315324281890782e-17 5.509467983005253700e+03
1.750000000000000000e+02 7.900000000000000355e-01 2.500000000000000000e+09 5.000000000000000000e+07 6.788688785174088469e-01 5.000000000000000000e-01 1.983071812182680716e-17 1.790916990043820078e+03
1.760000000000000000e+02 5.300000000000000266e-01 5.088000000000000000e+08 5.000000000000000000e+07 6.788688785174088469e-01 1.250000000000000000e-01 4.373404640269699766e-18 1.470469177834650054e+03
1.770000000000000000e+02 2.490000000000000213e+00 5.088000000000000000e+08 5.000000000000000000e+07 6.788688785174088469e-01 1.250000000000000000e-01 3.472775997397714168e-18 1.619388073602922304e+03
1.780000000000000000e+02 4.700000000000000289e-01 5.088000000000000000e+08 5.000000000000000000e+07 1.000000000000000888e-02 2.750000000000000222e-01 2.640162426230801342e-17 1.351516988560717891e+03
1.790000000000000000e+02 6.300000000000000044e-01 5.088000000000000000e+08 5.000000000000000000e+07 6.118928294465026951e-01 2.750000000000000222e-01 6.982244077763059008e-18 1.335799732235560896e+03
1.800000000000000000e+02 1.280000000000000027e+00 5.088000000000000000e+08 5.000000000000000000e+07 2.514224249708160164e-01 4.500000000000000111e-01 3.826830076388863964e-17 1.090263826891407462e+03
1.810000000000000000e+02 4.129999999999999893e+00 5.088000000000000000e+08 5.000000000000000000e+07 6.788688785174088469e-01 5.000000000000000278e-02 2.868408359063579750e-19 2.274827635217576244e+03
1.820000000000000000e+02 2.280000000000000249e+00 5.088000000000000000e+08 1.000000000000000000e+07 1.000000000000000888e-02 0.000000000000000000e+00 1.351018947103258101e-19 6.116828239993881198e+02
1.830000000000000000e+02 7.600000000000000089e-01 5.088000000000000000e+08 5.000000000000000000e+07 5.313699076773616969e-01 2.250000000000000056e-01 1.657234010671743928e-18 7.067927552310786723e+02
1.840000000000000000e+02 4.199999999999999845e-01 5.088000000000000000e+08 5.000000000000000000e+07 6.788688785174088469e-01 1.000000000000000056e-01 9.473308063843108778e-18 3.249158220585709387e+03
1.850000000000000000e+02 5.290000000000000036e+00 8.064000000000000000e+08 1.000000000000000000e+07 1.000000000000000888e-02 1.500000000000000222e-01 2.894771434870015334e-18 1.105297814509047748e+04
1.860000000000000000e+02 5.999999999999999778e-01 5.088000000000000000e+08 5.000000000000000000e+07 6.788688785174088469e-01 3.000000000000000444e-01 1.389904002231997757e-18 6.029895234413972958e+02
1.870000000000000000e+02 2.290000000000000036e+00 5.088000000000000000e+08 1.000000000000000000e+07 6.788688785174088469e-01 1.500000000000000222e-01 6.898236061188311350e-18 1.911043520988953787e+03
1.880000000000000000e+02 4.299999999999999933e-01 8.064000000000000000e+08 1.000000000000000000e+07 1.782362288973291520e-01 2.500000000000000000e-01 3.492043197891506768e-17 1.574860045731442597e+03
1.890000000000000000e+02 6.300000000000000044e-01 4.000000000000000000e+09 5.000000000000000000e+07 6.788688785174088469e-01 0.000000000000000000e+00 1.132142187691181520e-18 1.921851946348188221e+03
1.900000000000000000e+02 4.400000000000000355e+00 1.434000000000000000e+09 1.000000000000000000e+07 1.000000000000000888e-02 0.000000000000000000e+00 4.599633144930691694e-20 1.192055846616952067e+03
1.910000000000000000e+02 2.510000000000000231e+00 5.088000000000000000e+08 5.000000000000000000e+07 6.469219452298986539e-01 2.750000000000000222e-01 9.876532831725167392e-18 1.400579889434765619e+03
1.920000000000000000e+02 4.000000000000000222e-01 1.434000000000000000e+09 1.000000000000000000e+07 6.469219452298986539e-01 0.000000000000000000e+00 6.229628516392103125e-18 2.127212413401286085e+03
1.930000000000000000e+02 2.410000000000000142e+00 5.088000000000000000e+08 1.000000000000000000e+07 6.788688785174088469e-01 2.250000000000000056e-01 8.163997615631757955e-18 1.795572276334675507e+03
1.940000000000000000e+02 3.379999999999999893e+00 5.088000000000000000e+08 2.511900000000000000e+07 6.788688785174088469e-01 2.250000000000000056e-01 1.104074321198243506e-18 2.362036763642232017e+03
1.950000000000000000e+02 3.899999999999999911e+00 1.700000000000000000e+09 5.000000000000000000e+07 1.000000000000000888e-02 7.500000000000001110e-02 4.589464310129299176e-19 3.390915666078105914e+03
1.960000000000000000e+02 4.899999999999999911e-01 5.088000000000000000e+08 1.000000000000000000e+07 9.798916064409035620e-02 6.000000000000000888e-01 2.798509759425577062e-16 1.721539586501325175e+03
1.970000000000000000e+02 4.700000000000000289e-01 5.088000000000000000e+08 5.000000000000000000e+07 6.788688785174088469e-01 0.000000000000000000e+00 1.809581772395901728e-18 1.242976891528530814e+03
1.980000000000000000e+02 4.089999999999999858e+00 5.088000000000000000e+08 5.000000000000000000e+07 6.788688785174088469e-01 2.500000000000000139e-02 6.016897583883207922e-20 6.445822352924491270e+02
1.990000000000000000e+02 1.050000000000000044e+00 8.064000000000000000e+08 5.000000000000000000e+07 6.788688785174088469e-01 7.500000000000001110e-02 1.204889342064687260e-18 1.421234066580693934e+03
2.000000000000000000e+02 1.910000000000000142e+00 1.434000000000000000e+09 5.000000000000000000e+07 6.788688785174088469e-01 1.000000000000000000e+00 4.520701284579620008e-15 2.007133400358807876e+03
2.010000000000000000e+02 3.709999999999999964e+00 5.088000000000000000e+08 5.000000000000000000e+07 3.181690290810633703e-01 3.500000000000000333e-01 7.713956110695418784e-18 9.584040475545513118e+02
2.020000000000000000e+02 2.300000000000000266e+00 5.088000000000000000e+08 1.000000000000000000e+07 4.345600626628430829e-01 3.250000000000000111e-01 1.764423841054150718e-17 2.006805770825709260e+03
2.030000000000000000e+02 4.000000000000000000e+00 1.700000000000000000e+09 5.000000000000000000e+07 1.000000000000000888e-02 3.000000000000000444e-01 1.192817049857960892e-17 1.680594825467237342e+03
2.040000000000000000e+02 3.830000000000000071e+00 1.700000000000000000e+09 5.000000000000000000e+07 1.000000000000000888e-02 1.000000000000000056e-01 7.416168134157011518e-19 1.067616907237924806e+03
2.050000000000000000e+02 1.189999999999999947e+00 5.088000000000000000e+08 5.000000000000000000e+07 4.851925397502274695e-01 2.500000000000000000e-01 2.943974704993682661e-17 3.428952987100113660e+03
2.060000000000000000e+02 5.700000000000000622e-01 8.064000000000000000e+08 1.000000000000000000e+07 1.000000000000000888e-02 3.750000000000000000e-01 3.160821151669037163e-17 1.330127453664411632e+03
2.070000000000000000e+02 7.099999999999999645e-01 5.088000000000000000e+08 1.000000000000000000e+07 1.000000000000000888e-02 2.750000000000000222e-01 1.045339000522214098e-17 9.853638660098292803e+02
2.080000000000000000e+02 5.500000000000000444e-01 5.088000000000000000e+08 1.000000000000000000e+07 4.345600626628430829e-01 0.000000000000000000e+00 1.525819330731725984e-18 1.024897613341613578e+03
2.090000000000000000e+02 2.870000000000000107e+00 8.064000000000000000e+08 5.000000000000000000e+07 6.788688785174088469e-01 1.000000000000000000e+00 3.638578095721160467e-15 2.091245906389678112e+03
2.100000000000000000e+02 1.600000000000000089e+00 1.700000000000000000e+09 5.000000000000000000e+07 6.788688785174088469e-01 1.750000000000000167e-01 1.268309563928804788e-13 2.068078725862784684e+08
2.110000000000000000e+02 2.200000000000000178e+00 5.088000000000000000e+08 1.000000000000000000e+07 4.345600626628430829e-01 2.500000000000000000e-01 3.157057742264816662e-14 2.260348568353839964e+07
2.120000000000000000e+02 3.620000000000000107e+00 1.700000000000000000e+09 1.000000000000000000e+07 1.000000000000000888e-02 3.250000000000000111e-01 8.861036296624146710e-18 1.278039203252664038e+03
2.130000000000000000e+02 4.299999999999999822e+00 5.088000000000000000e+08 5.000000000000000000e+07 6.788688785174088469e-01 2.500000000000000139e-02 6.228363480684983618e-19 1.526690180721552861e+04
2.140000000000000000e+02 4.899999999999999911e-01 8.064000000000000000e+08 5.000000000000000000e+07 6.788688785174088469e-01 1.750000000000000167e-01 4.759446208294411173e-18 1.249951341986810803e+03
2.150000000000000000e+02 2.350000000000000089e+00 5.088000000000000000e+08 1.000000000000000000e+07 6.788688785174088469e-01 3.500000000000000333e-01 8.080548242329638239e-16 2.708563798806155683e+04
2.160000000000000000e+02 5.899999999999999689e-01 5.088000000000000000e+08 1.000000000000000000e+07 1.000000000000000888e-02 4.250000000000000444e-01 2.624964535908357735e-17 8.824421539502133101e+02
2.170000000000000000e+02 2.689999999999999947e+00 5.088000000000000000e+08 1.000000000000000000e+07 6.788688785174088469e-01 8.250000000000000666e-01 1.461277702045896136e-15 4.073269412919864408e+03
2.180000000000000000e+02 2.530000000000000249e+00 5.088000000000000000e+08 1.000000000000000000e+07 6.788688785174088469e-01 2.000000000000000111e-01 1.162684029516888546e-17 2.328060867592413160e+03
2.190000000000000000e+02 2.149999999999999911e+00 1.700000000000000000e+09 1.000000000000000000e+07 6.788688785174088469e-01 3.250000000000000111e-01 1.671628813732855242e-17 3.453060686800170060e+03
2.200000000000000000e+02 2.689999999999999947e+00 1.434000000000000000e+09 5.000000000000000000e+07 6.788688785174088469e-01 1.000000000000000000e+00 7.468941638374894407e-15 2.051450546504409431e+03
2.210000000000000000e+02 3.399999999999999911e+00 2.000000000000000000e+09 2.511900000000000000e+07 1.000000000000000888e-02 0.000000000000000000e+00 3.838251451055818240e-20 5.880640600685610480e+02
2.220000000000000000e+02 5.500000000000000444e-01 5.088000000000000000e+08 1.000000000000000000e+07 1.000000000000000888e-02 3.500000000000000333e-01 5.071967624668705948e-17 1.464183435948895522e+03
2.230000000000000000e+02 3.680000000000000160e+00 5.088000000000000000e+08 1.000000000000000000e+07 6.788688785174088469e-01 3.500000000000000333e-01 9.934224620238410530e-18 1.336086468808279960e+03
2.240000000000000000e+02 3.700000000000000178e+00 1.700000000000000000e+09 5.000000000000000000e+07 1.000000000000000888e-02 4.500000000000000111e-01 1.526397891064670786e-16 4.240746594395258398e+03
2.250000000000000000e+02 5.999999999999999778e-01 5.088000000000000000e+08 1.000000000000000000e+07 6.118928294465026951e-01 4.000000000000000222e-01 1.035224120872960291e-16 7.434417021740372547e+03
2.260000000000000000e+02 1.169999999999999929e+00 8.064000000000000000e+08 5.000000000000000000e+07 6.788688785174088469e-01 4.750000000000000333e-01 8.120024698374534896e-17 4.439375906533066882e+03
2.270000000000000000e+02 3.680000000000000160e+00 1.700000000000000000e+09 5.000000000000000000e+07 1.000000000000000888e-02 2.500000000000000000e-01 4.304972478972602259e-18 6.437981483161715914e+02
2.280000000000000000e+02 1.150000000000000133e+00 4.000000000000000000e+09 2.511900000000000000e+07 6.788688785174088469e-01 9.750000000000000888e-01 2.533622514221708529e-15 2.552677923728993846e+03
2.290000000000000000e+02 4.299999999999999933e-01 5.088000000000000000e+08 5.000000000000000000e+07 6.118928294465026951e-01 0.000000000000000000e+00 8.868822715130421878e-19 7.293616017001666023e+02
2.300000000000000000e+02 3.709999999999999964e+00 1.700000000000000000e+09 5.000000000000000000e+07 6.788688785174088469e-01 3.250000000000000111e-01 7.090993265088088861e-18 1.185555948537221184e+03
2.310000000000000000e+02 3.609999999999999876e+00 2.000000000000000000e+09 5.000000000000000000e+07 1.000000000000000888e-02 4.000000000000000222e-01 3.144584127273510202e-17 1.451066282502980357e+03
2.320000000000000000e+02 1.199999999999999956e+00 8.064000000000000000e+08 5.000000000000000000e+07 6.788688785174088469e-01 1.250000000000000000e-01 1.271255410679142930e-18 5.927952914752228253e+02
2.330000000000000000e+02 3.959999999999999964e+00 1.700000000000000000e+09 5.000000000000000000e+07 1.000000000000000888e-02 4.250000000000000444e-01 1.911428710775182553e-17 1.007596675971752347e+03
2.340000000000000000e+02 3.750000000000000000e+00 1.700000000000000000e+09 5.000000000000000000e+07 1.000000000000000888e-02 2.000000000000000111e-01 4.504666230999904059e-18 1.499573766050981476e+03
2.350000000000000000e+02 4.100000000000000311e-01 5.088000000000000000e+08 5.000000000000000000e+07 6.788688785174088469e-01 5.000000000000000278e-02 2.772077904379494965e-18 9.871563968127721864e+02
2.360000000000000000e+02 9.500000000000000666e-01 5.088000000000000000e+08 5.000000000000000000e+07 6.788688785174088469e-01 2.250000000000000056e-01 9.619823630891578068e-19 7.158360048069916957e+02
2.370000000000000000e+02 9.899999999999999911e-01 4.000000000000000000e+09 5.000000000000000000e+07 6.788688785174088469e-01 2.750000000000000222e-01 1.856933275604707265e-17 3.256574952055369977e+03
2.380000000000000000e+02 4.560000000000000497e+00 1.434000000000000000e+09 5.000000000000000000e+07 6.788688785174088469e-01 2.000000000000000111e-01 7.962806955842725015e-19 6.936343760243581755e+02
2.390000000000000000e+02 5.899999999999999689e-01 5.088000000000000000e+08 5.000000000000000000e+07 6.788688785174088469e-01 4.000000000000000222e-01 4.770424354307516609e-18 9.505553690337812895e+02
2.400000000000000000e+02 6.300000000000000044e-01 5.088000000000000000e+08 5.000000000000000000e+07 6.788688785174088469e-01 9.750000000000000888e-01 1.250562366534843000e-16 9.871369991616730886e+02
2.410000000000000000e+02 4.629999999999999893e+00 5.088000000000000000e+08 1.000000000000000000e+07 6.788688785174088469e-01 2.500000000000000000e-01 1.868954645592266986e-18 9.799555803000612286e+02
2.420000000000000000e+02 3.800000000000000266e+00 1.434000000000000000e+09 5.000000000000000000e+07 6.788688785174088469e-01 3.500000000000000333e-01 8.216855514914174164e-18 1.001859725619493247e+03
2.430000000000000000e+02 2.800000000000000266e-01 5.088000000000000000e+08 1.000000000000000000e+07 1.000000000000000888e-02 0.000000000000000000e+00 -2.761112286603704519e-16 9.415379917581830025e+08
2.440000000000000000e+02 2.800000000000000266e-01 5.088000000000000000e+08 1.000000000000000000e+07 1.000000000000000888e-02 0.000000000000000000e+00 -1.562702038763228713e-16 7.210627941213312149e+08
2.450000000000000000e+02 2.490000000000000213e+00 5.088000000000000000e+08 5.000000000000000000e+07 6.788688785174088469e-01 3.250000000000000111e-01 9.724350150451062070e-18 1.287383464768191971e+03
2.460000000000000000e+02 2.500000000000000000e-01 5.088000000000000000e+08 1.000000000000000000e+07 1.000000000000000888e-02 0.000000000000000000e+00 -1.052685764875606719e-16 2.135584919971765578e+08
2.470000000000000000e+02 3.520000000000000018e+00 2.000000000000000000e+09 5.000000000000000000e+07 1.000000000000000888e-02 5.250000000000000222e-01 4.196602221213484629e-17 9.950085726190773130e+02
2.480000000000000000e+02 3.099999999999999978e-01 5.088000000000000000e+08 1.000000000000000000e+07 1.000000000000000888e-02 0.000000000000000000e+00 -6.341597228225698684e-17 1.708568132179912329e+08
2.490000000000000000e+02 2.000000000000000000e+00 5.088000000000000000e+08 1.000000000000000000e+07 6.118928294465026951e-01 4.500000000000000111e-01 7.187422939603272050e-17 2.078593992545138008e+03
2.500000000000000000e+02 1.000000000000000000e+00 5.088000000000000000e+08 5.000000000000000000e+07 3.790426555198066483e-01 4.000000000000000222e-01 8.773692975067844742e-18 1.285478510145721202e+03
2.510000000000000000e+02 4.799999999999999822e-01 5.088000000000000000e+08 1.000000000000000000e+07 9.798916064409035620e-02 4.500000000000000111e-01 1.003840102513186934e-16 1.993708786561373245e+03
2.520000000000000000e+02 4.560000000000000497e+00 5.088000000000000000e+08 1.000000000000000000e+07 6.788688785174088469e-01 7.500000000000001110e-02 1.611944145847612376e-19 6.297372524053630514e+02
2.530000000000000000e+02 4.600000000000000200e-01 5.088000000000000000e+08 5.000000000000000000e+07 6.788688785174088469e-01 3.500000000000000333e-01 1.413645813573126940e-17 1.285419287724016613e+03
2.540000000000000000e+02 3.350000000000000089e+00 5.088000000000000000e+08 5.000000000000000000e+07 6.788688785174088469e-01 6.000000000000000888e-01 2.609418641918241651e-17 1.434843213444318508e+03
2.550000000000000000e+02 4.070000000000000284e+00 5.088000000000000000e+08 5.000000000000000000e+07 4.345600626628430829e-01 3.750000000000000000e-01 6.974239445853121531e-18 7.953491748557379424e+02
2.560000000000000000e+02 2.520000000000000018e+00 5.088000000000000000e+08 5.000000000000000000e+07 6.788688785174088469e-01 5.250000000000000222e-01 2.617221742896883170e-17 6.627123687401362986e+02
2.570000000000000000e+02 6.800000000000000488e-01 5.088000000000000000e+08 5.000000000000000000e+07 6.788688785174088469e-01 2.500000000000000000e-01 2.601276637316284081e-18 1.041603899825427106e+03
2.580000000000000000e+02 2.390000000000000124e+00 8.064000000000000000e+08 1.000000000000000000e+07 5.734841677598339071e-01 6.250000000000000000e-01 9.584011195281362170e-17 1.209432902135967197e+03
2.590000000000000000e+02 4.100000000000000311e-01 5.088000000000000000e+08 1.000000000000000000e+07 5.313699076773616969e-01 2.250000000000000056e-01 2.730725335924647905e-17 1.817382920319368850e+03
2.600000000000000000e+02 3.750000000000000000e+00 1.700000000000000000e+09 1.000000000000000000e+07 1.000000000000000888e-02 2.750000000000000222e-01 4.819997948911657533e-18 1.543278491173403609e+03
2.610000000000000000e+02 3.379999999999999893e+00 5.088000000000000000e+08 5.000000000000000000e+07 6.118928294465026951e-01 4.500000000000000111e-01 5.653943616355137671e-17 4.055210707890630147e+03
2.620000000000000000e+02 3.430000000000000160e+00 2.000000000000000000e+09 5.000000000000000000e+07 1.000000000000000888e-02 0.000000000000000000e+00 -7.085498515909639586e-19 4.776250426266793162e+07
2.630000000000000000e+02 3.400000000000000244e-01 5.088000000000000000e+08 1.000000000000000000e+07 1.000000000000000888e-02 0.000000000000000000e+00 -9.383145838103344430e-17 2.344790944824153185e+08
2.640000000000000000e+02 3.300000000000000155e-01 5.088000000000000000e+08 1.000000000000000000e+07 1.000000000000000888e-02 0.000000000000000000e+00 -1.968312956190115340e-16 1.112978967685989380e+09
2.650000000000000000e+02 3.300000000000000155e-01 5.088000000000000000e+08 1.000000000000000000e+07 1.000000000000000888e-02 0.000000000000000000e+00 -2.305750640450388034e-16 1.056954107126010537e+09
2.660000000000000000e+02 5.799999999999999600e-01 5.088000000000000000e+08 5.000000000000000000e+07 6.788688785174088469e-01 3.250000000000000111e-01 8.163060203445650116e-18 1.128964291287622245e+03
2.670000000000000000e+02 3.400000000000000244e-01 5.088000000000000000e+08 1.000000000000000000e+07 1.000000000000000888e-02 0.000000000000000000e+00 -2.714702814311276409e-17 1.506425667995174229e+07
2.680000000000000000e+02 2.350000000000000089e+00 5.088000000000000000e+08 1.000000000000000000e+07 6.788688785174088469e-01 4.000000000000000222e-01 9.213201640318252761e-14 3.764524513088324666e+07
2.690000000000000000e+02 2.339999999999999858e+00 5.088000000000000000e+08 1.000000000000000000e+07 6.469219452298986539e-01 4.500000000000000111e-01 1.083043695742105581e-13 3.606831711919981241e+07
2.700000000000000000e+02 3.370000000000000107e+00 5.088000000000000000e+08 5.000000000000000000e+07 6.788688785174088469e-01 2.750000000000000222e-01 4.912711446314738075e-18 1.228265025465399958e+03
2.710000000000000000e+02 3.200000000000000067e-01 5.088000000000000000e+08 5.000000000000000000e+07 6.788688785174088469e-01 7.500000000000001110e-02 1.367112930955947710e-18 6.834635834714131306e+02
2.720000000000000000e+02 1.090000000000000080e+00 4.000000000000000000e+09 2.511900000000000000e+07 6.788688785174088469e-01 1.000000000000000000e+00 2.105183617135106237e-15 2.385993021565406707e+03
2.730000000000000000e+02 3.379999999999999893e+00 8.064000000000000000e+08 2.511900000000000000e+07 6.788688785174088469e-01 5.250000000000000222e-01 3.463924750118445662e-17 1.172528404054529574e+03
2.740000000000000000e+02 3.479999999999999982e+00 1.700000000000000000e+09 5.000000000000000000e+07 6.788688785174088469e-01 3.750000000000000000e-01 1.099947018923312636e-17 1.102933931254364325e+03
2.750000000000000000e+02 3.530000000000000249e+00 5.088000000000000000e+08 1.000000000000000000e+07 6.788688785174088469e-01 8.500000000000000888e-01 4.440654248803742935e-16 1.659222745829555379e+03
2.760000000000000000e+02 6.199999999999999956e-01 5.088000000000000000e+08 5.000000000000000000e+07 2.514224249708160164e-01 5.500000000000000444e-01 7.120017048604115032e-17 1.608473159919442651e+03
2.770000000000000000e+02 3.599999999999999867e-01 5.088000000000000000e+08 5.000000000000000000e+07 6.788688785174088469e-01 7.500000000000001110e-02 8.039834546866409994e-19 5.685188506866812759e+02
2.780000000000000000e+02 3.330000000000000071e+00 2.000000000000000000e+09 5.000000000000000000e+07 1.000000000000000888e-02 2.750000000000000222e-01 6.829692165807012865e-18 1.200740377948175592e+03
2.790000000000000000e+02 6.700000000000000400e-01 5.088000000000000000e+08 5.000000000000000000e+07 6.788688785174088469e-01 3.500000000000000333e-01 5.245018664784403031e-18 8.331108559933161359e+02
2.800000000000000000e+02 3.669999999999999929e+00 1.700000000000000000e+09 5.000000000000000000e+07 1.000000000000000888e-02 3.000000000000000444e-01 3.858865082713474611e-18 7.294061457875322958e+02
2.810000000000000000e+02 5.000000000000000000e-01 5.088000000000000000e+08 5.000000000000000000e+07 6.788688785174088469e-01 2.500000000000000000e-01 2.775215899937455745e-18 8.273882626638446709e+02
2.820000000000000000e+02 5.999999999999999778e-01 5.088000000000000000e+08 1.000000000000000000e+07 1.000000000000000888e-02 4.250000000000000444e-01 3.383594935259210471e-17 1.365045918639204274e+03
2.830000000000000000e+02 2.450000000000000178e+00 2.000000000000000000e+09 1.000000000000000000e+07 6.788688785174088469e-01 4.000000000000000222e-01 1.078308776817480083e-17 8.529352077773447718e+02
2.840000000000000000e+02 4.600000000000000200e-01 5.088000000000000000e+08 5.000000000000000000e+07 6.788688785174088469e-01 2.500000000000000000e-01 6.054107650185455549e-18 1.046564090768890992e+03
2.850000000000000000e+02 3.490000000000000213e+00 2.000000000000000000e+09 5.000000000000000000e+07 1.000000000000000888e-02 4.250000000000000444e-01 2.248804202905065368e-17 1.491834012212256994e+03
2.860000000000000000e+02 3.280000000000000249e+00 2.000000000000000000e+09 5.000000000000000000e+07 1.000000000000000888e-02 2.500000000000000000e-01 5.004450709192986880e-18 1.126619502627032034e+03
2.870000000000000000e+02 5.799999999999999600e-01 4.000000000000000000e+09 1.000000000000000000e+07 6.469219452298986539e-01 1.000000000000000000e+00 8.607864879042664359e-16 3.970486965865990896e+03
2.880000000000000000e+02 1.050000000000000044e+00 4.000000000000000000e+09 2.511900000000000000e+07 6.788688785174088469e-01 9.500000000000000666e-01 1.555715024577718293e-15 1.902916465289637017e+03
2.890000000000000000e+02 2.220000000000000195e+00 3.000000000000000000e+09 1.000000000000000000e+07 1.000000000000000888e-02 4.750000000000000333e-01 1.103441335368896623e-16 2.453303580528240218e+03
2.900000000000000000e+02 1.239999999999999991e+00 4.000000000000000000e+09 5.000000000000000000e+07 6.788688785174088469e-01 1.000000000000000000e+00 2.421614269074237353e-15 2.947296110509729715e+03
2.910000000000000000e+02 9.500000000000000666e-01 2.000000000000000000e+09 5.000000000000000000e+07 6.788688785174088469e-01 6.250000000000000000e-01 2.347310517989382625e-17 9.927322502248630371e+02
2.920000000000000000e+02 1.209999999999999964e+00 8.064000000000000000e+08 5.000000000000000000e+07 4.345600626628430829e-01 1.000000000000000000e+00 1.861560664005411762e-15 1.625570124311461768e+03
2.930000000000000000e+02 5.300000000000000266e-01 5.088000000000000000e+08 2.511900000000000000e+07 3.790426555198066483e-01 1.500000000000000222e-01 6.435218793122536676e-18 1.075465744599388472e+03
2.940000000000000000e+02 1.189999999999999947e+00 2.000000000000000000e+09 5.000000000000000000e+07 5.313699076773616969e-01 1.000000000000000000e+00 2.590349675091651867e-15 1.987994923931641324e+03
2.950000000000000000e+02 1.699999999999999956e+00 5.088000000000000000e+08 5.000000000000000000e+07 6.469219452298986539e-01 1.000000000000000000e+00 3.657782361850056728e-15 1.834466913339208986e+03
2.960000000000000000e+02 6.500000000000000222e-01 5.088000000000000000e+08 5.000000000000000000e+07 4.851925397502274695e-01 1.500000000000000222e-01 5.507375013353816929e-18 1.428459657087349342e+03
2.970000000000000000e+02 2.520000000000000018e+00 5.088000000000000000e+08 5.000000000000000000e+07 6.788688785174088469e-01 1.250000000000000000e-01 2.890938525091805181e-18 4.100934316312474039e+03
2.980000000000000000e+02 4.870000000000000107e+00 5.088000000000000000e+08 5.000000000000000000e+07 6.788688785174088469e-01 2.500000000000000139e-02 1.227792424643463093e-19 6.114188949536868449e+02
2.990000000000000000e+02 4.600000000000000200e-01 5.088000000000000000e+08 5.000000000000000000e+07 6.788688785174088469e-01 4.000000000000000222e-01 8.530686408781019896e-18 1.056365491100122426e+03
3.000000000000000000e+02 3.760000000000000231e+00 1.700000000000000000e+09 1.000000000000000000e+07 1.000000000000000888e-02 3.500000000000000333e-01 6.779643305744686189e-18 1.119126448925645946e+03
3.010000000000000000e+02 6.300000000000000044e-01 8.064000000000000000e+08 5.000000000000000000e+07 6.118928294465026951e-01 4.250000000000000444e-01 5.167914228634952745e-16 1.193112627104512649e+04
3.020000000000000000e+02 1.610000000000000098e+00 1.434000000000000000e+09 5.000000000000000000e+07 6.788688785174088469e-01 2.250000000000000056e-01 2.024995367154312110e-13 1.410625075630201399e+08
3.030000000000000000e+02 3.350000000000000089e+00 5.088000000000000000e+08 5.000000000000000000e+07 6.788688785174088469e-01 1.000000000000000056e-01 9.298831376957214667e-20 6.053586215689788332e+02
3.040000000000000000e+02 1.520000000000000018e+00 8.064000000000000000e+08 5.000000000000000000e+07 6.788688785174088469e-01 9.500000000000000666e-01 3.101912708327912927e-15 2.502693610228692705e+03
3.050000000000000000e+02 2.280000000000000249e+00 5.088000000000000000e+08 1.000000000000000000e+07 6.788688785174088469e-01 3.000000000000000444e-01 2.401956224907776613e-17 1.476569515837275048e+03
3.060000000000000000e+02 5.999999999999999778e-01 5.088000000000000000e+08 5.000000000000000000e+07 5.734841677598339071e-01 5.250000000000000222e-01 3.001465657241524529e-16 3.437258316790219851e+03
3.070000000000000000e+02 6.500000000000000222e-01 5.088000000000000000e+08 5.000000000000000000e+07 6.469219452298986539e-01 1.500000000000000222e-01 2.046664622571591267e-18 6.838437919012025077e+02
3.080000000000000000e+02 3.350000000000000089e+00 5.088000000000000000e+08 5.000000000000000000e+07 6.788688785174088469e-01 3.000000000000000444e-01 7.720860095781803758e-18 8.992405911705648123e+02
3.090000000000000000e+02 3.089999999999999858e+00 1.700000000000000000e+09 2.511900000000000000e+07 6.788688785174088469e-01 0.000000000000000000e+00 1.578365529751499525e-19 1.351241083349814289e+04
3.100000000000000000e+02 7.900000000000000355e-01 4.000000000000000000e+09 5.000000000000000000e+07 6.788688785174088469e-01 3.000000000000000444e-01 2.962017379757947050e-18 7.431273685590969080e+02
3.110000000000000000e+02 1.130000000000000115e+00 4.000000000000000000e+09 5.000000000000000000e+07 6.788688785174088469e-01 4.500000000000000111e-01 7.236830480507128030e-18 4.731429711807647891e+02
3.120000000000000000e+02 3.379999999999999893e+00 5.088000000000000000e+08 1.000000000000000000e+07 1.000000000000000888e-02 8.500000000000000888e-01 4.804729658335372086e-16 7.543718653219408452e+02
3.130000000000000000e+02 5.600000000000000533e-01 8.064000000000000000e+08 5.000000000000000000e+07 6.118928294465026951e-01 0.000000000000000000e+00 2.361895462828770152e-18 8.158620842216629399e+02
3.140000000000000000e+02 8.800000000000000044e-01 5.088000000000000000e+08 5.000000000000000000e+07 1.000000000000000888e-02 3.250000000000000111e-01 7.929202983131224346e-18 5.402632199714716990e+02
3.150000000000000000e+02 1.650000000000000133e+00 4.000000000000000000e+09 1.000000000000000000e+07 4.345600626628430829e-01 2.750000000000000222e-01 7.817506024758353636e-18 6.698720937268183206e+02
3.160000000000000000e+02 7.500000000000000000e-01 5.088000000000000000e+08 2.511900000000000000e+07 6.469219452298986539e-01 1.000000000000000000e+00 6.759586582181037188e-16 1.652541835901185777e+03
3.170000000000000000e+02 4.600000000000000200e-01 5.088000000000000000e+08 5.000000000000000000e+07 6.788688785174088469e-01 3.250000000000000111e-01 7.636960159384788147e-18 7.748360613496273572e+02
3.180000000000000000e+02 1.189999999999999947e+00 5.088000000000000000e+08 5.000000000000000000e+07 3.790426555198066483e-01 7.000000000000000666e-01 1.898302221082022519e-16 1.592311658365297944e+03
3.190000000000000000e+02 4.669999999999999929e+00 5.088000000000000000e+08 1.000000000000000000e+07 6.788688785174088469e-01 1.250000000000000000e-01 4.032916954858288572e-19 4.766066019328987977e+02
3.200000000000000000e+02 5.999999999999999778e-01 5.088000000000000000e+08 1.000000000000000000e+07 4.345600626628430829e-01 0.000000000000000000e+00 9.781710436009737678e-19 4.607493407991033223e+02
3.210000000000000000e+02 5.400000000000000355e-01 5.088000000000000000e+08 5.000000000000000000e+07 6.788688785174088469e-01 3.500000000000000333e-01 3.270194908015979508e-18 4.892088159671353651e+02
3.220000000000000000e+02 5.799999999999999600e-01 5.088000000000000000e+08 5.000000000000000000e+07 1.000000000000000888e-02 4.250000000000000444e-01 1.313297631575990785e-17 5.321571445837652163e+02
3.230000000000000000e+02 6.300000000000000044e-01 5.088000000000000000e+08 5.000000000000000000e+07 6.788688785174088469e-01 2.750000000000000222e-01 5.291657741903400863e-18 8.245365379560922747e+02
3.240000000000000000e+02 5.899999999999999689e-01 5.088000000000000000e+08 5.000000000000000000e+07 6.788688785174088469e-01 3.750000000000000000e-01 1.080724601009108648e-16 1.410491757070195672e+04
3.250000000000000000e+02 7.000000000000000666e-01 5.088000000000000000e+08 5.000000000000000000e+07 6.788688785174088469e-01 2.250000000000000056e-01 1.984027384938637755e-18 3.174165827434924267e+02
3.260000000000000000e+02 3.740000000000000213e+00 1.700000000000000000e+09 5.000000000000000000e+07 1.000000000000000888e-02 4.250000000000000444e-01 4.928518830697299080e-17 2.011384273005518480e+03
3.270000000000000000e+02 4.129999999999999893e+00 5.088000000000000000e+08 2.511900000000000000e+07 6.788688785174088469e-01 1.750000000000000167e-01 2.902878389895380465e-19 1.735357047358254022e+03
3.280000000000000000e+02 2.300000000000000100e-01 4.000000000000000000e+09 1.000000000000000000e+07 9.798916064409035620e-02 0.000000000000000000e+00 4.788586962427295676e-18 3.921204331971759075e+03
3.290000000000000000e+02 9.000000000000000222e-01 8.064000000000000000e+08 5.000000000000000000e+07 6.788688785174088469e-01 1.250000000000000000e-01 9.703428533250282110e-19 9.325849428946805801e+02
3.300000000000000000e+02 4.600000000000000200e-01 5.088000000000000000e+08 5.000000000000000000e+07 6.788688785174088469e-01 1.250000000000000000e-01 2.797728090618882277e-18 8.857662781939619663e+02
3.310000000000000000e+02 5.400000000000000355e-01 8.064000000000000000e+08 1.000000000000000000e+07 6.118928294465026951e-01 0.000000000000000000e+00 4.361334695593797790e-19 7.399304246402654144e+02
3.320000000000000000e+02 7.500000000000000000e-01 1.434000000000000000e+09 1.000000000000000000e+07 3.181690290810633703e-01 0.000000000000000000e+00 7.035932106923315115e-19 7.200021457849696844e+02
3.330000000000000000e+02 3.959999999999999964e+00 5.088000000000000000e+08 1.000000000000000000e+07 6.118928294465026951e-01 1.250000000000000000e-01 7.114136251708511883e-19 1.269822386485097923e+03
3.340000000000000000e+02 2.620000000000000107e+00 2.500000000000000000e+09 5.000000000000000000e+07 6.788688785174088469e-01 6.000000000000000888e-01 6.728408361661196320e-17 7.331481872184552913e+02
3.350000000000000000e+02 5.700000000000000622e-01 5.088000000000000000e+08 1.000000000000000000e+07 6.118928294465026951e-01 2.500000000000000139e-02 1.947140256019413749e-18 1.057680989762026684e+03
3.360000000000000000e+02 4.410000000000000142e+00 5.088000000000000000e+08 5.000000000000000000e+07 6.788688785174088469e-01 1.750000000000000167e-01 6.920141123844599398e-19 7.154829168294838837e+02
3.370000000000000000e+02 3.520000000000000018e+00 2.000000000000000000e+09 5.000000000000000000e+07 1.000000000000000888e-02 2.000000000000000111e-01 1.784875484061066617e-18 9.336960467036861928e+02
3.380000000000000000e+02 8.900000000000000133e-01 4.000000000000000000e+09 5.000000000000000000e+07 4.345600626628430829e-01 7.750000000000000222e-01 4.711865901048079546e-16 1.717991940744908106e+03
3.390000000000000000e+02 4.860000000000000320e+00 8.064000000000000000e+08 5.000000000000000000e+07 1.000000000000000888e-02 0.000000000000000000e+00 1.588734806332262625e-19 1.650196876782222489e+03
3.400000000000000000e+02 2.800000000000000266e-01 5.088000000000000000e+08 5.000000000000000000e+07 6.788688785174088469e-01 5.000000000000000278e-02 9.006413194605064199e-18 4.788828018922126830e+03
3.410000000000000000e+02 5.100000000000000089e-01 5.088000000000000000e+08 1.000000000000000000e+07 3.790426555198066483e-01 2.750000000000000222e-01 2.139023498289237902e-17 1.240766854021724384e+03
3.420000000000000000e+02 2.300000000000000266e+00 5.088000000000000000e+08 5.000000000000000000e+07 6.788688785174088469e-01 2.750000000000000222e-01 3.395458222217318594e-18 8.002722048536696775e+02
3.430000000000000000e+02 3.390000000000000124e+00 5.088000000000000000e+08 5.000000000000000000e+07 6.788688785174088469e-01 3.500000000000000333e-01 3.021656964837666755e-17 4.502691211876739544e+03
3.440000000000000000e+02 4.600000000000000200e-01 5.088000000000000000e+08 5.000000000000000000e+07 6.788688785174088469e-01 0.000000000000000000e+00 1.345994340173829106e-18 8.936203880714836032e+02
3.450000000000000000e+02 5.000000000000000000e-01 5.088000000000000000e+08 5.000000000000000000e+07 6.788688785174088469e-01 5.000000000000000278e-02 1.688686345743306283e-18 9.492968025508844221e+02
3.460000000000000000e+02 2.240000000000000213e+00 3.000000000000000000e+09 1.000000000000000000e+07 1.000000000000000888e-02 3.500000000000000333e-01 1.131224853558322973e-17 1.089675646074438191e+03
3.470000000000000000e+02 1.919999999999999929e+00 5.088000000000000000e+08 5.000000000000000000e+07 6.788688785174088469e-01 4.000000000000000222e-01 4.904055721848578695e-17 1.672094602300017868e+03
3.480000000000000000e+02 2.229999999999999982e+00 5.088000000000000000e+08 5.000000000000000000e+07 6.788688785174088469e-01 4.000000000000000222e-01 6.043061114407305553e-16 1.109267707766424573e+05
3.490000000000000000e+02 2.319999999999999840e+00 5.088000000000000000e+08 1.000000000000000000e+07 6.788688785174088469e-01 6.250000000000000000e-01 9.561865142400151305e-15 2.449457775236093148e+05
3.500000000000000000e+02 4.419999999999999929e+00 5.088000000000000000e+08 1.000000000000000000e+07 6.788688785174088469e-01 2.500000000000000000e-01 1.364420232826817577e-18 7.612162220170786213e+02
3.510000000000000000e+02 3.589999999999999858e+00 5.088000000000000000e+08 2.511900000000000000e+07 6.469219452298986539e-01 1.750000000000000167e-01 1.672729313570284534e-18 2.107968728218487286e+03
3.520000000000000000e+02 2.339999999999999858e+00 5.088000000000000000e+08 5.000000000000000000e+07 6.788688785174088469e-01 3.250000000000000111e-01 4.758348344478022724e-17 3.309438013523209520e+03
3.530000000000000000e+02 3.300000000000000155e-01 5.088000000000000000e+08 5.000000000000000000e+07 6.788688785174088469e-01 2.500000000000000000e-01 2.714773240813814245e-17 2.792608875491267099e+03
3.540000000000000000e+02 4.099999999999999645e+00 1.700000000000000000e+09 1.000000000000000000e+07 1.000000000000000888e-02 4.750000000000000333e-01 5.076165963515425449e-18 4.814497742564028044e+02
3.550000000000000000e+02 2.649999999999999911e+00 1.434000000000000000e+09 5.000000000000000000e+07 6.788688785174088469e-01 2.250000000000000056e-01 1.997136152189403268e-18 7.280146416117373747e+02
3.560000000000000000e+02 6.099999999999999867e-01 8.064000000000000000e+08 5.000000000000000000e+07 6.788688785174088469e-01 2.750000000000000222e-01 4.942862535658933342e-18 1.168796761889525897e+03
3.570000000000000000e+02 4.629999999999999893e+00 5.088000000000000000e+08 5.000000000000000000e+07 6.788688785174088469e-01 1.000000000000000056e-01 5.966717047175603701e-19 1.651690411626625519e+03
3.580000000000000000e+02 3.450000000000000178e+00 5.088000000000000000e+08 5.000000000000000000e+07 4.851925397502274695e-01 2.000000000000000111e-01 2.111637063197938625e-18 1.192179305923623133e+03
3.590000000000000000e+02 3.699999999999999956e-01 4.000000000000000000e+09 2.511900000000000000e+07 4.345600626628430829e-01 1.750000000000000167e-01 5.857998290540998314e-18 7.818378877761513195e+02
3.600000000000000000e+02 6.099999999999999867e-01 1.139100030000000000e+09 5.000000000000000000e+07 6.469219452298986539e-01 0.000000000000000000e+00 9.310963961826873887e-19 7.480397408690345173e+02
3.610000000000000000e+02 3.540000000000000036e+00 2.000000000000000000e+09 1.000000000000000000e+07 1.000000000000000888e-02 3.000000000000000444e-01 1.710995349468090142e-17 2.775140088769654540e+03
3.620000000000000000e+02 5.100000000000000089e-01 5.088000000000000000e+08 5.000000000000000000e+07 6.788688785174088469e-01 2.500000000000000000e-01 3.717791633246687206e-18 9.516474951776777971e+02
3.630000000000000000e+02 2.999999999999999889e-01 5.088000000000000000e+08 1.000000000000000000e+07 1.000000000000000888e-02 0.000000000000000000e+00 -2.872152385796445807e-16 4.430803010967861414e+08
3.640000000000000000e+02 4.540000000000000036e+00 5.088000000000000000e+08 1.000000000000000000e+07 6.788688785174088469e-01 0.000000000000000000e+00 3.493159474713751633e-20 6.622476718433132419e+02
3.650000000000000000e+02 1.260000000000000009e+00 1.434000000000000000e+09 5.000000000000000000e+07 6.788688785174088469e-01 1.000000000000000000e+00 1.537088515907570239e-15 1.339539384856636161e+03
3.660000000000000000e+02 6.700000000000000400e-01 8.064000000000000000e+08 5.000000000000000000e+07 6.788688785174088469e-01 1.000000000000000000e+00 5.165108974891370122e-16 1.341537353393307967e+03
3.670000000000000000e+02 3.689999999999999947e+00 5.088000000000000000e+08 5.000000000000000000e+07 1.000000000000000888e-02 4.250000000000000444e-01 7.715895902212701586e-18 6.436370880260835747e+02
3.680000000000000000e+02 1.060000000000000053e+00 2.500000000000000000e+09 5.000000000000000000e+07 6.788688785174088469e-01 1.000000000000000000e+00 3.575185559212344111e-15 3.376792670565375829e+03
3.690000000000000000e+02 1.130000000000000115e+00 4.000000000000000000e+09 5.000000000000000000e+07 6.788688785174088469e-01 1.000000000000000000e+00 6.047711633353328112e-15 5.125848358580934473e+03
3.700000000000000000e+02 8.200000000000000622e-01 5.088000000000000000e+08 5.000000000000000000e+07 6.788688785174088469e-01 2.500000000000000000e-01 1.477285177667380217e-18 4.180791082184223342e+02
3.710000000000000000e+02 3.629999999999999893e+00 1.700000000000000000e+09 5.000000000000000000e+07 1.000000000000000888e-02 2.000000000000000111e-01 5.627995436553474221e-19 1.384733730433672690e+03
3.720000000000000000e+02 2.339999999999999858e+00 5.088000000000000000e+08 1.000000000000000000e+07 6.788688785174088469e-01 2.500000000000000000e-01 2.242382412313543713e-17 2.140412745459482721e+03
3.730000000000000000e+02 3.300000000000000155e-01 5.088000000000000000e+08 1.000000000000000000e+07 1.000000000000000888e-02 0.000000000000000000e+00 -1.299365753241386295e-16 4.228292363622155786e+08
