# obj_no phot_z age_old age_new f_old_V  EBV norm chi
1.000000000000000000e+00 2.899999999999999800e-01 8.064000000000000000e+08 1.000000000000000000e+07 9.768868878517409371e-01 0.000000000000000000e+00 3.823510250166404985e-19 1.991197709626016831e+03
2.000000000000000000e+00 1.409999999999999920e+00 5.088000000000000000e+08 1.000000000000000000e+07 1.000000000000000000e+00 2.500000000000000000e-01 8.405369568696122060e-17 1.269779091268494994e+03
3.000000000000000000e+00 2.999999999999999889e-02 8.064000000000000000e+08 1.000000000000000000e+07 9.926219917125062020e-01 7.500000000000001110e-02 1.359673650710037844e-19 1.537653619861275956e+03
4.000000000000000000e+00 2.649999999999999911e+00 2.500000000000000000e+09 2.511900000000000000e+07 9.955456022925407433e-01 1.250000000000000000e-01 2.583112142045079361e-19 7.931613906252745210e+02
5.000000000000000000e+00 3.910000000000000142e+00 1.700000000000000000e+09 5.000000000000000000e+07 9.768868878517409371e-01 3.750000000000000000e-01 8.600663903900012205e-18 9.111273919024480392e+02
6.000000000000000000e+00 3.500000000000000333e-01 5.088000000000000000e+08 1.000000000000000000e+07 9.768868878517409371e-01 1.000000000000000056e-01 1.794286096322998646e-19 9.251379573205377937e+02
7.000000000000000000e+00 2.479999999999999982e+00 8.064000000000000000e+08 5.000000000000000000e+07 9.848811356849042076e-01 0.000000000000000000e+00 1.012555275449850823e-19 6.202835716001469564e+02
8.000000000000000000e+00 4.199999999999999845e-01 5.088000000000000000e+08 1.000000000000000000e+07 1.000000000000000000e+00 0.000000000000000000e+00 3.532671446975550740e-18 9.608398549264553594e+02
9.000000000000000000e+00 3.649999999999999911e+00 1.434000000000000000e+09 5.000000000000000000e+07 9.941510680753888884e-01 1.000000000000000000e+00 3.017351738063288747e-14 7.346389352897003846e+03
1.000000000000000000e+01 2.459999999999999964e+00 1.700000000000000000e+09 5.000000000000000000e+07 9.990352180385682068e-01 5.250000000000000222e-01 1.529526786256119799e-17 5.975265850145658987e+03
1.100000000000000000e+01 1.459999999999999964e+00 5.088000000000000000e+08 1.000000000000000000e+07 9.768868878517409371e-01 3.750000000000000000e-01 1.740832572090712508e-17 1.874363828138118834e+03
1.200000000000000000e+01 3.510000000000000231e+00 2.000000000000000000e+09 5.000000000000000000e+07 9.768868878517409371e-01 2.000000000000000111e-01 1.687918986799773283e-18 5.947799640759204749e+02
1.300000000000000000e+01 8.000000000000000167e-02 5.088000000000000000e+08 1.000000000000000000e+07 1.000000000000000000e+00 1.250000000000000000e-01 1.602941341792972247e-17 1.135312671788730540e+03
1.400000000000000000e+01 3.040000000000000036e+00 1.434000000000000000e+09 5.000000000000000000e+07 9.824577129666183239e-01 8.500000000000000888e-01 1.678889242816899714e-15 2.245161848204990292e+03
1.500000000000000000e+01 4.980000000000000426e+00 1.139100030000000000e+09 1.000000000000000000e+07 1.000000000000000000e+00 0.000000000000000000e+00 6.607716083587020085e-16 8.641538834722161937e+02
1.600000000000000000e+01 3.580000000000000071e+00 2.000000000000000000e+09 1.000000000000000000e+07 9.768868878517409371e-01 3.750000000000000000e-01 1.480916016495754295e-17 1.414620657078188287e+03
1.700000000000000000e+01 1.040000000000000036e+00 1.139100030000000000e+09 1.000000000000000000e+07 1.000000000000000000e+00 1.750000000000000167e-01 3.517907586082575756e-16 4.152466894262688584e+03
1.800000000000000000e+01 3.200000000000000067e-01 5.088000000000000000e+08 1.000000000000000000e+07 1.000000000000000000e+00 5.000000000000000278e-02 3.195057947152002289e-17 3.176062513602597846e+03
1.900000000000000000e+01 3.300000000000000155e-01 5.088000000000000000e+08 1.000000000000000000e+07 1.000000000000000000e+00 1.500000000000000222e-01 1.994760531198282992e-17 2.063624005964312801e+03
2.000000000000000000e+01 2.580000000000000071e+00 2.500000000000000000e+09 5.000000000000000000e+07 9.909453928203675321e-01 0.000000000000000000e+00 1.092218544564426096e-19 5.223808376151955599e+02
2.100000000000000000e+01 3.890000000000000124e+00 5.088000000000000000e+08 5.000000000000000000e+07 9.870913234723223129e-01 4.250000000000000444e-01 1.057536259162843064e-16 6.085803303671155845e+03
2.200000000000000000e+01 7.500000000000000000e-01 5.088000000000000000e+08 1.000000000000000000e+07 1.000000000000000000e+00 3.000000000000000444e-01 2.166290445708919368e-17 1.156735774718404627e+03
2.300000000000000000e+01 5.000000000000000000e-01 5.088000000000000000e+08 1.000000000000000000e+07 9.926219917125062020e-01 3.000000000000000444e-01 2.190550406445315211e-19 1.110211650828133543e+03
2.400000000000000000e+01 1.260000000000000009e+00 1.139100030000000000e+09 2.511900000000000000e+07 9.955456022925407433e-01 1.250000000000000000e-01 4.815247821432247244e-19 1.634309998764335887e+03
2.500000000000000000e+01 4.000000000000000222e-01 8.064000000000000000e+08 1.000000000000000000e+07 9.870913234723223129e-01 0.000000000000000000e+00 6.427185933184263805e-20 8.853493481226568065e+02
2.600000000000000000e+01 3.479999999999999982e+00 1.139100030000000000e+09 5.000000000000000000e+07 9.798004827959798657e-01 1.000000000000000056e-01 5.038217129536962095e-19 7.398618110448628613e+02
2.700000000000000000e+01 4.360000000000000320e+00 5.088000000000000000e+08 2.511900000000000000e+07 9.768868878517409371e-01 0.000000000000000000e+00 5.773849571871351915e-19 2.246127935775700735e+03
2.800000000000000000e+01 1.040000000000000036e+00 1.139100030000000000e+09 1.000000000000000000e+07 9.768868878517409371e-01 1.250000000000000000e-01 6.292509655648154966e-19 1.354181356278714247e+03
2.900000000000000000e+01 4.540000000000000036e+00 8.064000000000000000e+08 1.000000000000000000e+07 9.768868878517409371e-01 7.500000000000000000e-01 4.352221207856734761e-16 4.777900102389556560e+04
3.000000000000000000e+01 3.609999999999999876e+00 2.000000000000000000e+09 1.000000000000000000e+07 9.768868878517409371e-01 3.500000000000000333e-01 4.767191046401275410e-18 9.730628210037161807e+02
3.100000000000000000e+01 3.180000000000000160e+00 5.088000000000000000e+08 5.000000000000000000e+07 9.870913234723223129e-01 0.000000000000000000e+00 1.126537840266711873e-19 1.246009959243092226e+03
3.200000000000000000e+01 2.919999999999999929e+00 2.000000000000000000e+09 1.000000000000000000e+07 9.824577129666183239e-01 1.000000000000000000e+00 6.177269246207604475e-15 1.785016934964957727e+03
3.300000000000000000e+01 3.699999999999999956e-01 5.088000000000000000e+08 1.000000000000000000e+07 1.000000000000000000e+00 2.750000000000000222e-01 1.470848977489027021e-17 1.110536955569108386e+03
3.400000000000000000e+01 6.140000000000000568e+00 1.139100030000000000e+09 1.000000000000000000e+07 9.768868878517409371e-01 4.000000000000000222e-01 -2.183700517649511986e-18 5.922452405518990872e+02
3.500000000000000000e+01 1.060000000000000053e+00 2.000000000000000000e+09 1.000000000000000000e+07 1.000000000000000000e+00 2.000000000000000111e-01 3.871456321544670780e-16 3.901619865617628875e+03
3.600000000000000000e+01 4.280000000000000249e+00 5.088000000000000000e+08 5.000000000000000000e+07 9.798004827959798657e-01 0.000000000000000000e+00 1.007215171934350739e-19 8.008307109253465796e+02
3.700000000000000000e+01 5.899999999999999689e-01 1.139100030000000000e+09 1.000000000000000000e+07 9.768868878517409371e-01 4.500000000000000111e-01 5.505208135901828783e-18 3.514221162082350020e+03
3.800000000000000000e+01 5.000000000000000278e-02 8.064000000000000000e+08 1.000000000000000000e+07 9.768868878517409371e-01 0.000000000000000000e+00 4.088259990758166721e-19 1.174391763983351893e+03
3.900000000000000000e+01 3.570000000000000284e+00 2.000000000000000000e+09 1.000000000000000000e+07 9.768868878517409371e-01 2.750000000000000222e-01 4.378419876746221293e-18 1.529608940634976534e+03
4.000000000000000000e+01 2.000000000000000111e-01 1.700000000000000000e+09 1.000000000000000000e+07 9.768868878517409371e-01 0.000000000000000000e+00 2.211992838113490644e-19 1.503481037039437751e+03
4.100000000000000000e+01 3.099999999999999978e-01 5.088000000000000000e+08 1.000000000000000000e+07 9.798004827959798657e-01 7.500000000000001110e-02 8.824247523630706598e-19 2.873242925746336368e+03
4.200000000000000000e+01 3.570000000000000284e+00 2.000000000000000000e+09 1.000000000000000000e+07 9.768868878517409371e-01 5.000000000000000000e-01 2.151929701731845113e-17 1.147858150790603077e+03
4.300000000000000000e+01 3.580000000000000071e+00 2.000000000000000000e+09 1.000000000000000000e+07 9.768868878517409371e-01 4.500000000000000111e-01 1.623778165495048468e-17 1.522413931378786856e+03
4.400000000000000000e+01 2.999999999999999889e-01 3.000000000000000000e+09 1.000000000000000000e+07 1.000000000000000000e+00 1.500000000000000222e-01 2.438306279066217757e-17 1.859927715660066497e+03
4.500000000000000000e+01 3.300000000000000155e-01 8.064000000000000000e+08 1.000000000000000000e+07 9.870913234723223129e-01 0.000000000000000000e+00 8.838846109503078733e-20 9.600088274492770779e+02
4.600000000000000000e+01 3.149999999999999911e+00 5.088000000000000000e+08 1.000000000000000000e+07 9.768868878517409371e-01 1.000000000000000056e-01 1.288674187677456450e-18 1.900426857669865967e+03
4.700000000000000000e+01 3.400000000000000244e-01 5.088000000000000000e+08 1.000000000000000000e+07 1.000000000000000000e+00 1.250000000000000000e-01 1.608069102778951822e-17 1.137349881888846539e+03
4.800000000000000000e+01 2.580000000000000071e+00 5.088000000000000000e+08 2.511900000000000000e+07 9.870913234723223129e-01 1.500000000000000222e-01 7.604890674262140648e-19 1.091110278337232330e+03
4.900000000000000000e+01 2.999999999999999889e-02 8.064000000000000000e+08 1.000000000000000000e+07 1.000000000000000000e+00 1.000000000000000056e-01 3.222037995353950284e-17 2.832227649366259357e+03
5.000000000000000000e+01 2.620000000000000107e+00 5.088000000000000000e+08 1.000000000000000000e+07 9.768868878517409371e-01 0.000000000000000000e+00 4.221975166556686219e-19 2.037619478889138009e+03
5.100000000000000000e+01 1.620000000000000107e+00 5.088000000000000000e+08 5.000000000000000000e+07 9.824577129666183239e-01 4.750000000000000333e-01 1.123884887661750119e-17 1.470382956682602526e+03
5.200000000000000000e+01 2.540000000000000036e+00 5.088000000000000000e+08 2.511900000000000000e+07 9.955456022925407433e-01 1.250000000000000000e-01 8.968452521543728742e-20 8.878443437331983432e+02
5.300000000000000000e+01 3.300000000000000155e-01 5.088000000000000000e+08 1.000000000000000000e+07 1.000000000000000000e+00 2.000000000000000111e-01 1.461467660774463739e-17 1.029494078066190013e+03
5.400000000000000000e+01 2.490000000000000213e+00 5.088000000000000000e+08 1.000000000000000000e+07 9.891070386914596613e-01 0.000000000000000000e+00 4.323509950064919309e-20 8.595480082397893966e+02
5.500000000000000000e+01 2.540000000000000036e+00 5.088000000000000000e+08 1.000000000000000000e+07 9.768868878517409371e-01 3.250000000000000111e-01 2.748168504505164631e-17 1.137839848927806815e+04
5.600000000000000000e+01 1.409999999999999920e+00 1.139100030000000000e+09 1.000000000000000000e+07 9.798004827959798657e-01 6.250000000000000000e-01 1.256125894071718110e-17 8.884379661192093636e+02
5.700000000000000000e+01 1.400000000000000133e-01 8.064000000000000000e+08 1.000000000000000000e+07 9.768868878517409371e-01 0.000000000000000000e+00 6.888174774655351345e-19 1.918655845460371438e+03
5.800000000000000000e+01 3.200000000000000067e-01 5.088000000000000000e+08 1.000000000000000000e+07 1.000000000000000000e+00 0.000000000000000000e+00 4.838230906568307855e-18 2.587370826827368546e+03
5.900000000000000000e+01 2.530000000000000249e+00 5.088000000000000000e+08 5.000000000000000000e+07 9.798004827959798657e-01 0.000000000000000000e+00 3.347129018729122888e-19 2.361671757840432747e+03
6.000000000000000000e+01 2.359999999999999876e+00 3.000000000000000000e+09 1.000000000000000000e+07 9.768868878517409371e-01 7.500000000000000000e-01 1.378943209383348706e-15 7.032524063163966275e+03
6.100000000000000000e+01 1.890000000000000124e+00 5.088000000000000000e+08 1.000000000000000000e+07 9.768868878517409371e-01 0.000000000000000000e+00 1.024277129953958262e-19 4.924236660402542043e+02
6.200000000000000000e+01 2.350000000000000089e+00 3.000000000000000000e+09 1.000000000000000000e+07 9.768868878517409371e-01 3.500000000000000333e-01 7.930544373338081927e-18 6.256236924989533463e+02
6.300000000000000000e+01 1.660000000000000142e+00 8.064000000000000000e+08 1.000000000000000000e+07 9.768868878517409371e-01 4.000000000000000222e-01 8.272959104214827792e-18 1.162770858526396978e+03
6.400000000000000000e+01 2.379999999999999893e+00 3.000000000000000000e+09 1.000000000000000000e+07 9.909453928203675321e-01 9.750000000000000888e-01 9.143927839853420037e-16 1.956425759414935328e+03
6.500000000000000000e+01 3.459999999999999964e+00 2.000000000000000000e+09 1.000000000000000000e+07 9.768868878517409371e-01 2.250000000000000056e-01 2.333732412748003829e-18 1.293576064540196057e+03
6.600000000000000000e+01 2.419999999999999929e+00 5.088000000000000000e+08 2.511900000000000000e+07 9.768868878517409371e-01 1.000000000000000056e-01 1.371661452115960963e-18 1.994266723512090948e+03
6.700000000000000000e+01 3.310000000000000053e+00 2.000000000000000000e+09 1.000000000000000000e+07 9.891070386914596613e-01 1.000000000000000056e-01 1.991208650721382801e-19 7.901827182372652487e+02
6.800000000000000000e+01 1.060000000000000053e+00 1.700000000000000000e+09 2.511900000000000000e+07 9.909453928203675321e-01 2.500000000000000000e-01 2.441740648633677493e-18 2.008311508701912544e+03
6.900000000000000000e+01 1.000000000000000021e-02 1.139100030000000000e+09 1.000000000000000000e+07 1.000000000000000000e+00 0.000000000000000000e+00 5.736062298641011281e-14 2.859911672939297929e+07
7.000000000000000000e+01 1.000000000000000021e-02 8.064000000000000000e+08 1.000000000000000000e+07 1.000000000000000000e+00 2.500000000000000139e-02 1.977077471126925094e-13 2.682393514259237424e+07
7.100000000000000000e+01 3.950000000000000178e+00 1.700000000000000000e+09 1.000000000000000000e+07 9.768868878517409371e-01 2.500000000000000000e-01 1.890443551664773201e-18 9.205037485559624884e+02
7.200000000000000000e+01 2.300000000000000100e-01 5.088000000000000000e+08 1.000000000000000000e+07 9.798004827959798657e-01 0.000000000000000000e+00 7.311074990773046118e-20 1.105792650092673057e+03
7.300000000000000000e+01 2.760000000000000231e+00 2.500000000000000000e+09 1.000000000000000000e+07 9.768868878517409371e-01 0.000000000000000000e+00 8.683698326214080789e-20 3.965892078566339933e+03
7.400000000000000000e+01 3.839999999999999858e+00 1.434000000000000000e+09 1.000000000000000000e+07 9.941510680753888884e-01 4.000000000000000222e-01 2.116809430516766465e-18 4.751337843737720164e+02
7.500000000000000000e+01 3.500000000000000333e-01 8.064000000000000000e+08 1.000000000000000000e+07 1.000000000000000000e+00 1.000000000000000056e-01 5.959694220818628485e-18 1.520375862665092200e+03
7.600000000000000000e+01 6.400000000000000133e-01 5.088000000000000000e+08 2.511900000000000000e+07 9.768868878517409371e-01 7.500000000000001110e-02 1.914029948486095188e-19 1.117031652871161668e+03
7.700000000000000000e+01 2.459999999999999964e+00 2.500000000000000000e+09 1.000000000000000000e+07 9.955456022925407433e-01 3.250000000000000111e-01 8.980656194244937169e-18 1.154883728657430765e+04
7.800000000000000000e+01 3.350000000000000089e+00 2.000000000000000000e+09 5.000000000000000000e+07 9.768868878517409371e-01 0.000000000000000000e+00 3.268535907673835026e-19 2.886213822799583795e+03
7.900000000000000000e+01 3.560000000000000053e+00 2.000000000000000000e+09 1.000000000000000000e+07 9.768868878517409371e-01 2.000000000000000111e-01 1.023551742486683963e-18 9.288944071685453991e+02
8.000000000000000000e+01 2.999999999999999889e-02 8.064000000000000000e+08 1.000000000000000000e+07 9.824577129666183239e-01 0.000000000000000000e+00 4.226125130715526785e-19 1.396667235668464855e+03
8.100000000000000000e+01 2.870000000000000107e+00 2.500000000000000000e+09 1.000000000000000000e+07 9.909453928203675321e-01 6.500000000000000222e-01 1.045441011143612171e-16 7.102856442489392066e+02
8.200000000000000000e+01 1.600000000000000033e-01 1.434000000000000000e+09 1.000000000000000000e+07 9.848811356849042076e-01 0.000000000000000000e+00 1.745084395504489114e-19 1.198079794997068120e+03
8.300000000000000000e+01 4.780000000000000249e+00 1.434000000000000000e+09 1.000000000000000000e+07 1.000000000000000000e+00 1.500000000000000222e-01 3.806170322037393447e-15 7.665297944990044243e+02
8.400000000000000000e+01 5.200000000000000178e-01 8.064000000000000000e+08 1.000000000000000000e+07 9.768868878517409371e-01 0.000000000000000000e+00 2.024538294142279901e-19 1.097557460468039380e+03
8.500000000000000000e+01 2.169999999999999929e+00 5.088000000000000000e+08 1.000000000000000000e+07 9.891070386914596613e-01 0.000000000000000000e+00 1.647195499309558513e-19 9.920594337193379033e+02
8.600000000000000000e+01 2.740000000000000213e+00 2.000000000000000000e+09 1.000000000000000000e+07 9.926219917125062020e-01 3.000000000000000444e-01 2.572134913006674855e-18 1.235357015014085391e+03
8.700000000000000000e+01 2.999999999999999889e-01 5.088000000000000000e+08 1.000000000000000000e+07 9.768868878517409371e-01 1.000000000000000056e-01 7.707522162425837498e-20 5.714277276109314698e+02
8.800000000000000000e+01 2.629999999999999893e+00 2.500000000000000000e+09 5.000000000000000000e+07 9.968174326144358943e-01 2.250000000000000056e-01 4.873894095764319410e-19 8.349552641867302327e+02
8.900000000000000000e+01 3.810000000000000053e+00 1.700000000000000000e+09 1.000000000000000000e+07 9.768868878517409371e-01 1.250000000000000000e-01 2.007616458241517592e-19 5.902487264362642918e+02
9.000000000000000000e+01 2.000000000000000042e-02 8.064000000000000000e+08 1.000000000000000000e+07 1.000000000000000000e+00 2.500000000000000139e-02 5.311504673973176391e-17 5.091573997124136440e+03
9.100000000000000000e+01 2.510000000000000231e+00 5.088000000000000000e+08 1.000000000000000000e+07 9.870913234723223129e-01 0.000000000000000000e+00 1.267998660041896247e-19 1.074498211346423432e+03
9.200000000000000000e+01 1.090000000000000080e+00 2.500000000000000000e+09 1.000000000000000000e+07 1.000000000000000000e+00 2.250000000000000056e-01 4.131842385905655577e-17 5.159708837341992876e+03
9.300000000000000000e+01 1.110000000000000098e+00 1.434000000000000000e+09 1.000000000000000000e+07 9.768868878517409371e-01 0.000000000000000000e+00 1.527842279481505858e-18 3.154191830015230153e+03
9.400000000000000000e+01 4.950000000000000178e+00 1.139100030000000000e+09 5.000000000000000000e+07 9.768868878517409371e-01 0.000000000000000000e+00 1.339745043675481880e-19 2.859667110335256893e+03
9.500000000000000000e+01 1.030000000000000027e+00 1.434000000000000000e+09 1.000000000000000000e+07 9.768868878517409371e-01 7.500000000000001110e-02 2.622518290782192939e-18 3.654773532490162779e+03
9.600000000000000000e+01 1.700000000000000122e-01 8.064000000000000000e+08 1.000000000000000000e+07 1.000000000000000000e+00 2.000000000000000111e-01 2.602859779290249255e-17 1.413129303611853175e+03
9.700000000000000000e+01 4.100000000000000311e-01 8.064000000000000000e+08 1.000000000000000000e+07 1.000000000000000000e+00 1.250000000000000000e-01 7.187086346218055095e-18 7.377772825803224350e+02
9.800000000000000000e+01 2.240000000000000213e+00 5.088000000000000000e+08 1.000000000000000000e+07 9.768868878517409371e-01 1.500000000000000222e-01 6.217455213683840411e-19 8.081615868157541627e+02
9.900000000000000000e+01 1.000000000000000021e-02 8.064000000000000000e+08 1.000000000000000000e+07 1.000000000000000000e+00 2.500000000000000139e-02 3.977680236077359873e-17 4.195699620810576562e+03
1.000000000000000000e+02 4.120000000000000107e+00 1.700000000000000000e+09 5.000000000000000000e+07 9.768868878517409371e-01 2.000000000000000111e-01 1.974587694111921277e-18 9.180133070324695836e+02
1.010000000000000000e+02 3.400000000000000244e-01 5.088000000000000000e+08 1.000000000000000000e+07 1.000000000000000000e+00 5.000000000000000278e-02 1.761639009158914540e-17 1.547721266988070056e+03
1.020000000000000000e+02 3.040000000000000036e+00 1.700000000000000000e+09 5.000000000000000000e+07 9.824577129666183239e-01 1.000000000000000000e+00 7.786045957016563863e-15 2.161865026340098211e+03
1.030000000000000000e+02 2.099999999999999922e-01 3.000000000000000000e+09 1.000000000000000000e+07 1.000000000000000000e+00 7.500000000000001110e-02 1.421011258361025073e-16 7.802680288565712544e+03
1.040000000000000000e+02 2.649999999999999911e+00 5.088000000000000000e+08 1.000000000000000000e+07 9.909453928203675321e-01 5.000000000000000278e-02 8.023661847305006586e-20 7.142331207625513798e+02
1.050000000000000000e+02 2.500000000000000000e+00 5.088000000000000000e+08 2.511900000000000000e+07 9.824577129666183239e-01 2.750000000000000222e-01 1.888696681822798975e-18 9.715105573314854155e+02
1.060000000000000000e+02 3.570000000000000284e+00 2.000000000000000000e+09 1.000000000000000000e+07 9.768868878517409371e-01 4.000000000000000222e-01 1.790343472153982542e-17 1.431279170135817139e+03
1.070000000000000000e+02 2.510000000000000231e+00 5.088000000000000000e+08 1.000000000000000000e+07 9.941510680753888884e-01 0.000000000000000000e+00 2.240131730803634065e-20 7.182156206445507678e+02
1.080000000000000000e+02 2.609999999999999876e+00 8.064000000000000000e+08 1.000000000000000000e+07 9.768868878517409371e-01 0.000000000000000000e+00 7.299502302823368972e-20 5.810080265326342897e+02
1.090000000000000000e+02 2.220000000000000195e+00 5.088000000000000000e+08 1.000000000000000000e+07 9.768868878517409371e-01 2.250000000000000056e-01 1.655564628816351142e-18 1.181838346188154219e+03
1.100000000000000000e+02 2.439999999999999947e+00 8.064000000000000000e+08 1.000000000000000000e+07 9.870913234723223129e-01 0.000000000000000000e+00 3.023153251711865357e-19 1.261115750345487641e+03
1.110000000000000000e+02 3.580000000000000071e+00 2.000000000000000000e+09 5.000000000000000000e+07 9.768868878517409371e-01 2.750000000000000222e-01 6.601909169855812696e-18 1.324000442047104343e+03
1.120000000000000000e+02 1.300000000000000044e-01 8.064000000000000000e+08 1.000000000000000000e+07 1.000000000000000000e+00 0.000000000000000000e+00 1.342002919609500448e-17 1.183268454268436926e+03
1.130000000000000000e+02 4.600000000000000200e-01 5.088000000000000000e+08 1.000000000000000000e+07 1.000000000000000000e+00 7.500000000000001110e-02 9.485505791282963936e-18 6.690802761755951451e+02
1.140000000000000000e+02 1.600000000000000033e-01 8.064000000000000000e+08 1.000000000000000000e+07 1.000000000000000000e+00 1.500000000000000222e-01 2.763345907036842974e-17 1.560872746452349247e+03
1.150000000000000000e+02 4.299999999999999933e-01 8.064000000000000000e+08 1.000000000000000000e+07 1.000000000000000000e+00 7.500000000000001110e-02 5.926480033490819861e-18 8.416667205935162883e+02
1.160000000000000000e+02 4.299999999999999933e-01 5.088000000000000000e+08 1.000000000000000000e+07 1.000000000000000000e+00 2.500000000000000000e-01 4.142400868854029911e-17 1.464209187499657901e+03
1.170000000000000000e+02 2.459999999999999964e+00 2.500000000000000000e+09 5.000000000000000000e+07 9.955456022925407433e-01 4.750000000000000333e-01 1.393547544454310295e-17 2.015888865047009631e+03
1.180000000000000000e+02 2.999999999999999889e-02 1.139100030000000000e+09 1.000000000000000000e+07 1.000000000000000000e+00 0.000000000000000000e+00 1.296387164337670835e-17 1.393797379453345684e+03
1.190000000000000000e+02 4.200000000000000178e+00 5.088000000000000000e+08 2.511900000000000000e+07 9.768868878517409371e-01 0.000000000000000000e+00 1.341278150459420417e-19 8.972563130664691471e+02
1.200000000000000000e+02 3.400000000000000244e-01 8.064000000000000000e+08 1.000000000000000000e+07 1.000000000000000000e+00 0.000000000000000000e+00 4.731896297733904167e-18 1.070346346437728698e+03
1.210000000000000000e+02 3.800000000000000044e-01 5.088000000000000000e+08 1.000000000000000000e+07 9.768868878517409371e-01 0.000000000000000000e+00 3.157054217010520873e-19 2.693562560087294514e+03
1.220000000000000000e+02 2.530000000000000249e+00 5.088000000000000000e+08 5.000000000000000000e+07 9.798004827959798657e-01 5.000000000000000000e-01 4.900507835555857006e-18 7.391679379112256356e+02
1.230000000000000000e+02 3.320000000000000284e+00 1.434000000000000000e+09 2.511900000000000000e+07 9.870913234723223129e-01 5.000000000000000278e-02 2.915732795862257601e-19 2.078777051771568949e+03
1.240000000000000000e+02 2.280000000000000249e+00 8.064000000000000000e+08 1.000000000000000000e+07 9.768868878517409371e-01 0.000000000000000000e+00 5.555127017677409651e-19 2.683545031212715458e+03
1.250000000000000000e+02 4.790000000000000036e+00 8.064000000000000000e+08 1.000000000000000000e+07 9.990352180385682068e-01 2.500000000000000139e-02 2.263467492181142843e-19 2.336947495242804507e+03
1.260000000000000000e+02 4.100000000000000311e-01 5.088000000000000000e+08 1.000000000000000000e+07 9.941510680753888884e-01 0.000000000000000000e+00 3.212467387910722536e-20 9.537190367997089879e+02
1.270000000000000000e+02 1.000000000000000021e-02 8.064000000000000000e+08 1.000000000000000000e+07 9.798004827959798657e-01 5.000000000000000278e-02 6.790684385251158029e-19 1.954549682154408174e+03
1.280000000000000000e+02 1.110000000000000098e+00 1.700000000000000000e+09 2.511900000000000000e+07 9.768868878517409371e-01 3.000000000000000444e-01 4.551341038365184525e-18 2.063037308555516574e+03
1.290000000000000000e+02 4.839999999999999858e+00 5.088000000000000000e+08 1.000000000000000000e+07 9.941510680753888884e-01 0.000000000000000000e+00 6.493098084783207902e-20 6.020641832110044334e+02
1.300000000000000000e+02 3.200000000000000178e+00 2.000000000000000000e+09 5.000000000000000000e+07 9.768868878517409371e-01 2.000000000000000111e-01 3.369048738555199082e-18 1.247232179642753863e+03
1.310000000000000000e+02 1.000000000000000021e-02 1.139100030000000000e+09 1.000000000000000000e+07 9.768868878517409371e-01 7.250000000000000888e-01 4.628196322057516831e-18 1.551902479216000756e+03
1.320000000000000000e+02 4.520000000000000462e+00 5.088000000000000000e+08 1.000000000000000000e+07 9.870913234723223129e-01 2.500000000000000139e-02 5.425447122552187863e-19 2.900060896954933469e+03
1.330000000000000000e+02 1.000000000000000021e-02 1.139100030000000000e+09 1.000000000000000000e+07 1.000000000000000000e+00 0.000000000000000000e+00 4.067943796804234560e-14 1.696861892050588131e+07
1.340000000000000000e+02 2.099999999999999922e-01 3.000000000000000000e+09 1.000000000000000000e+07 1.000000000000000000e+00 1.250000000000000000e-01 2.334819432103433200e-14 1.073525064371265471e+07
1.350000000000000000e+02 2.459999999999999964e+00 1.700000000000000000e+09 1.000000000000000000e+07 9.979773556538258372e-01 0.000000000000000000e+00 5.436490508442201375e-20 9.546056062295057245e+02
1.360000000000000000e+02 2.470000000000000195e+00 1.139100030000000000e+09 1.000000000000000000e+07 9.870913234723223129e-01 0.000000000000000000e+00 1.302262682400403153e-19 8.739598507202840665e+02
1.370000000000000000e+02 2.569999999999999840e+00 5.088000000000000000e+08 1.000000000000000000e+07 9.768868878517409371e-01 0.000000000000000000e+00 5.386153129525191045e-19 4.801397953305072406e+03
1.380000000000000000e+02 2.520000000000000018e+00 5.088000000000000000e+08 1.000000000000000000e+07 1.000000000000000000e+00 7.500000000000001110e-02 8.035254641858641553e-17 6.983953988055634545e+04
1.390000000000000000e+02 8.000000000000000167e-02 5.088000000000000000e+08 1.000000000000000000e+07 9.768868878517409371e-01 0.000000000000000000e+00 5.913089878749095814e-19 3.045595113712944567e+03
1.400000000000000000e+02 1.300000000000000044e-01 3.000000000000000000e+09 2.511900000000000000e+07 9.768868878517409371e-01 1.000000000000000056e-01 9.123060793466354862e-20 1.159137435079494935e+03
1.410000000000000000e+02 2.669999999999999929e+00 8.064000000000000000e+08 2.511900000000000000e+07 9.955456022925407433e-01 0.000000000000000000e+00 8.857005324150244319e-20 1.073767186681208159e+03
1.420000000000000000e+02 2.600000000000000089e-01 5.088000000000000000e+08 1.000000000000000000e+07 1.000000000000000000e+00 2.250000000000000056e-01 7.592898212824907065e-18 2.461892229187742487e+03
1.430000000000000000e+02 2.310000000000000053e+00 3.000000000000000000e+09 2.511900000000000000e+07 9.768868878517409371e-01 1.250000000000000000e-01 6.454552575236392995e-19 7.233028843579982095e+02
1.440000000000000000e+02 5.799999999999999600e-01 8.064000000000000000e+08 1.000000000000000000e+07 1.000000000000000000e+00 5.000000000000000278e-02 3.715702071634873360e-18 7.093330787749223418e+02
1.450000000000000000e+02 1.700000000000000122e-01 1.434000000000000000e+09 1.000000000000000000e+07 1.000000000000000000e+00 0.000000000000000000e+00 6.965109865313443295e-17 1.498250790752335706e+04
1.460000000000000000e+02 3.599999999999999867e-01 5.088000000000000000e+08 1.000000000000000000e+07 9.768868878517409371e-01 0.000000000000000000e+00 1.642649499261047338e-19 1.311477726127616734e+03
1.470000000000000000e+02 4.339999999999999858e+00 5.088000000000000000e+08 1.000000000000000000e+07 9.768868878517409371e-01 0.000000000000000000e+00 9.834928896607947382e-20 1.051732923036606962e+03
1.480000000000000000e+02 4.299999999999999933e-01 5.088000000000000000e+08 1.000000000000000000e+07 9.768868878517409371e-01 5.000000000000000000e-01 1.247919930467226946e-18 1.413205719822433821e+03
1.490000000000000000e+02 1.300000000000000044e-01 5.088000000000000000e+08 5.000000000000000000e+07 9.768868878517409371e-01 4.750000000000000333e-01 2.121648950393454858e-18 1.588312824243606428e+03
1.500000000000000000e+02 2.430000000000000160e+00 2.500000000000000000e+09 5.000000000000000000e+07 9.909453928203675321e-01 7.500000000000001110e-02 2.603553083654223412e-19 7.047257761603850668e+02
1.510000000000000000e+02 5.799999999999999600e-01 1.139100030000000000e+09 1.000000000000000000e+07 9.768868878517409371e-01 0.000000000000000000e+00 4.713317216896305364e-20 6.519496979565151378e+02
1.520000000000000000e+02 3.300000000000000155e-01 5.088000000000000000e+08 1.000000000000000000e+07 9.926219917125062020e-01 7.500000000000001110e-02 2.694410245115473896e-19 2.424063893420871409e+03
1.530000000000000000e+02 2.609999999999999876e+00 8.064000000000000000e+08 1.000000000000000000e+07 9.768868878517409371e-01 2.500000000000000139e-02 1.630504763489668911e-19 6.241541363733333583e+02
1.540000000000000000e+02 2.729999999999999982e+00 5.088000000000000000e+08 1.000000000000000000e+07 9.768868878517409371e-01 0.000000000000000000e+00 2.302226336507340206e-19 1.079302112795902531e+03
1.550000000000000000e+02 2.999999999999999889e-02 5.088000000000000000e+08 1.000000000000000000e+07 9.768868878517409371e-01 0.000000000000000000e+00 2.386204551737567829e-19 1.044536070423008368e+03
1.560000000000000000e+02 3.580000000000000071e+00 2.000000000000000000e+09 1.000000000000000000e+07 9.848811356849042076e-01 4.250000000000000444e-01 3.071659380261471117e-18 6.359332240285212947e+02
1.570000000000000000e+02 3.990000000000000213e+00 1.700000000000000000e+09 5.000000000000000000e+07 9.768868878517409371e-01 3.250000000000000111e-01 9.638585364172259784e-18 1.242301573104530917e+03
1.580000000000000000e+02 2.660000000000000142e+00 5.088000000000000000e+08 5.000000000000000000e+07 9.990352180385682068e-01 1.500000000000000222e-01 2.006832195773089142e-20 8.661871302755342867e+02
1.590000000000000000e+02 2.620000000000000107e+00 5.088000000000000000e+08 1.000000000000000000e+07 9.870913234723223129e-01 0.000000000000000000e+00 7.674483483710360537e-20 8.887535191092699733e+02
1.600000000000000000e+02 3.680000000000000160e+00 5.088000000000000000e+08 1.000000000000000000e+07 9.768868878517409371e-01 1.500000000000000222e-01 2.502770109080467640e-19 9.073531066187459828e+02
1.610000000000000000e+02 1.000000000000000000e+00 5.088000000000000000e+08 1.000000000000000000e+07 1.000000000000000000e+00 1.000000000000000056e-01 1.112828689191116135e-17 1.193339912262000325e+03
1.620000000000000000e+02 2.000000000000000111e-01 5.088000000000000000e+08 1.000000000000000000e+07 9.870913234723223129e-01 7.500000000000001110e-02 2.960644133064798704e-19 1.678219932489505936e+03
1.630000000000000000e+02 2.899999999999999800e-01 8.064000000000000000e+08 1.000000000000000000e+07 1.000000000000000000e+00 5.000000000000000278e-02 7.968659808216490185e-18 1.113477903851577139e+03
1.640000000000000000e+02 3.200000000000000067e-01 5.088000000000000000e+08 1.000000000000000000e+07 1.000000000000000000e+00 0.000000000000000000e+00 1.653445338488782174e-17 6.305634561076215505e+03
1.650000000000000000e+02 3.470000000000000195e+00 8.064000000000000000e+08 1.000000000000000000e+07 9.824577129666183239e-01 1.750000000000000167e-01 2.316304358569460751e-19 5.471523389180882759e+02
1.660000000000000000e+02 3.250000000000000000e+00 2.000000000000000000e+09 1.000000000000000000e+07 9.768868878517409371e-01 6.750000000000000444e-01 3.080458976951408134e-16 2.141483816802849560e+03
1.670000000000000000e+02 2.700000000000000178e+00 8.064000000000000000e+08 2.511900000000000000e+07 9.955456022925407433e-01 4.000000000000000222e-01 1.619100764445935032e-17 7.968541509098411552e+03
1.680000000000000000e+02 1.900000000000000022e-01 5.088000000000000000e+08 1.000000000000000000e+07 1.000000000000000000e+00 2.500000000000000139e-02 1.260743651995690471e-17 7.460201782787373759e+02
1.690000000000000000e+02 4.379999999999999893e+00 1.434000000000000000e+09 1.000000000000000000e+07 1.000000000000000000e+00 7.500000000000001110e-02 1.753935573879988172e-15 9.519523616955328862e+02
1.700000000000000000e+02 1.400000000000000133e-01 1.139100030000000000e+09 1.000000000000000000e+07 9.768868878517409371e-01 1.000000000000000056e-01 7.177746072678522706e-19 5.989990776386284779e+03
1.710000000000000000e+02 3.339999999999999858e+00 8.064000000000000000e+08 2.511900000000000000e+07 9.824577129666183239e-01 0.000000000000000000e+00 7.544524406205062390e-20 1.670003499070861835e+03
1.720000000000000000e+02 2.720000000000000195e+00 2.500000000000000000e+09 5.000000000000000000e+07 9.891070386914596613e-01 7.500000000000001110e-02 3.655975263083652241e-19 6.107655309643021155e+02
1.730000000000000000e+02 3.900000000000000133e-01 2.500000000000000000e+09 1.000000000000000000e+07 9.768868878517409371e-01 0.000000000000000000e+00 6.249875632982492858e-19 4.116765255492857250e+03
1.740000000000000000e+02 3.040000000000000036e+00 5.088000000000000000e+08 5.000000000000000000e+07 9.848811356849042076e-01 2.500000000000000139e-02 9.561261910646533563e-19 5.523083120688389499e+03
1.750000000000000000e+02 1.479999999999999982e+00 5.088000000000000000e+08 1.000000000000000000e+07 1.000000000000000000e+00 2.250000000000000056e-01 5.346321538056919073e-17 1.782606632302469734e+03
1.760000000000000000e+02 2.629999999999999893e+00 5.088000000000000000e+08 2.511900000000000000e+07 9.824577129666183239e-01 0.000000000000000000e+00 2.655597510186967739e-19 1.464344688514064046e+03
1.770000000000000000e+02 8.000000000000000167e-02 5.088000000000000000e+08 1.000000000000000000e+07 9.968174326144358943e-01 0.000000000000000000e+00 5.920801831214447648e-20 1.665154210721246727e+03
1.780000000000000000e+02 5.000000000000000278e-02 8.064000000000000000e+08 1.000000000000000000e+07 9.768868878517409371e-01 0.000000000000000000e+00 2.918211450617190884e-19 1.367305826418140668e+03
1.790000000000000000e+02 3.990000000000000213e+00 5.088000000000000000e+08 5.000000000000000000e+07 9.768868878517409371e-01 0.000000000000000000e+00 2.300245839153088533e-19 1.346839223395994168e+03
1.800000000000000000e+02 2.280000000000000249e+00 3.000000000000000000e+09 1.000000000000000000e+07 9.768868878517409371e-01 3.000000000000000444e-01 6.686242098314882788e-18 1.087029157192865114e+03
1.810000000000000000e+02 2.680000000000000160e+00 5.088000000000000000e+08 1.000000000000000000e+07 9.909453928203675321e-01 0.000000000000000000e+00 6.657861404354182974e-20 2.263599572342055126e+03
1.820000000000000000e+02 3.479999999999999982e+00 2.000000000000000000e+09 1.000000000000000000e+07 9.768868878517409371e-01 0.000000000000000000e+00 6.378355008158030189e-20 6.163480995941346237e+02
1.830000000000000000e+02 2.589999999999999858e+00 8.064000000000000000e+08 5.000000000000000000e+07 9.824577129666183239e-01 1.250000000000000000e-01 2.298161016271564262e-19 7.053293894172227283e+02
1.840000000000000000e+02 4.199999999999999845e-01 5.088000000000000000e+08 1.000000000000000000e+07 9.768868878517409371e-01 0.000000000000000000e+00 4.625039632841476303e-19 3.220015339532092639e+03
1.850000000000000000e+02 2.729999999999999982e+00 2.500000000000000000e+09 1.000000000000000000e+07 1.000000000000000000e+00 0.000000000000000000e+00 4.974214920444559333e-16 9.247896531621354370e+03
1.860000000000000000e+02 2.709999999999999964e+00 5.088000000000000000e+08 1.000000000000000000e+07 9.955456022925407433e-01 2.500000000000000139e-02 1.626451868305475850e-20 5.959766811034977536e+02
1.870000000000000000e+02 1.000000000000000056e-01 5.088000000000000000e+08 1.000000000000000000e+07 9.768868878517409371e-01 0.000000000000000000e+00 7.956306917123146937e-19 2.098384648720682435e+03
1.880000000000000000e+02 5.999999999999999778e-02 5.088000000000000000e+08 1.000000000000000000e+07 1.000000000000000000e+00 2.500000000000000139e-02 2.565912374717735210e-17 1.594744480918959425e+03
1.890000000000000000e+02 2.649999999999999911e+00 8.064000000000000000e+08 1.000000000000000000e+07 9.870913234723223129e-01 7.500000000000001110e-02 2.720736538326886130e-19 1.911310941152491068e+03
1.900000000000000000e+02 4.400000000000000355e+00 1.434000000000000000e+09 1.000000000000000000e+07 9.768868878517409371e-01 0.000000000000000000e+00 4.570667275569470312e-20 1.192057810528352320e+03
1.910000000000000000e+02 5.000000000000000278e-02 8.064000000000000000e+08 5.000000000000000000e+07 9.768868878517409371e-01 7.500000000000001110e-02 4.125466957786416454e-19 1.417702178781252087e+03
1.920000000000000000e+02 5.999999999999999778e-02 8.064000000000000000e+08 1.000000000000000000e+07 1.000000000000000000e+00 7.500000000000001110e-02 2.923837552862322822e-17 2.190040639732790623e+03
1.930000000000000000e+02 1.400000000000000133e-01 5.088000000000000000e+08 1.000000000000000000e+07 1.000000000000000000e+00 5.000000000000000278e-02 2.616471066998384279e-17 1.814951271766116861e+03
1.940000000000000000e+02 3.390000000000000124e+00 2.000000000000000000e+09 1.000000000000000000e+07 9.768868878517409371e-01 2.500000000000000000e-01 1.204552461717645510e-18 2.363444180483104901e+03
1.950000000000000000e+02 2.520000000000000018e+00 5.088000000000000000e+08 1.000000000000000000e+07 1.000000000000000000e+00 0.000000000000000000e+00 1.182353991845164801e-17 3.372455990102102533e+03
1.960000000000000000e+02 5.000000000000000278e-02 1.434000000000000000e+09 1.000000000000000000e+07 1.000000000000000000e+00 1.750000000000000167e-01 5.228714114734061076e-17 1.732372123614394923e+03
1.970000000000000000e+02 3.550000000000000266e+00 2.000000000000000000e+09 1.000000000000000000e+07 9.768868878517409371e-01 1.500000000000000222e-01 1.041552663556840852e-18 1.255703296088655179e+03
1.980000000000000000e+02 2.530000000000000249e+00 1.700000000000000000e+09 1.000000000000000000e+07 9.955456022925407433e-01 0.000000000000000000e+00 4.212168191080169303e-20 6.430685575629102004e+02
1.990000000000000000e+02 2.100000000000000089e+00 3.000000000000000000e+09 1.000000000000000000e+07 9.909453928203675321e-01 5.000000000000000278e-02 3.013289846356552797e-19 1.399491093488895103e+03
2.000000000000000000e+02 3.020000000000000018e+00 2.000000000000000000e+09 1.000000000000000000e+07 9.768868878517409371e-01 9.000000000000000222e-01 2.704141563514279400e-15 1.986161135101302079e+03
2.010000000000000000e+02 3.709999999999999964e+00 1.700000000000000000e+09 5.000000000000000000e+07 9.768868878517409371e-01 3.500000000000000333e-01 7.618711487826847708e-18 9.585755969477423832e+02
2.020000000000000000e+02 4.000000000000000083e-02 8.064000000000000000e+08 1.000000000000000000e+07 1.000000000000000000e+00 5.000000000000000278e-02 2.317738568185817040e-17 2.025824633077094632e+03
2.030000000000000000e+02 4.000000000000000000e+00 1.700000000000000000e+09 5.000000000000000000e+07 9.768868878517409371e-01 2.750000000000000222e-01 9.222900876861055966e-18 1.686378100163872659e+03
2.040000000000000000e+02 3.830000000000000071e+00 1.700000000000000000e+09 5.000000000000000000e+07 9.768868878517409371e-01 1.000000000000000056e-01 7.320058328424111371e-19 1.068593920082877958e+03
2.050000000000000000e+02 2.250000000000000000e+00 3.000000000000000000e+09 1.000000000000000000e+07 9.798004827959798657e-01 2.250000000000000056e-01 1.056945178202592768e-17 3.580535947325718553e+03
2.060000000000000000e+02 1.499999999999999944e-01 8.064000000000000000e+08 1.000000000000000000e+07 9.891070386914596613e-01 0.000000000000000000e+00 1.058152492449996069e-19 1.330599714532933604e+03
2.070000000000000000e+02 5.999999999999999778e-02 8.064000000000000000e+08 1.000000000000000000e+07 9.768868878517409371e-01 0.000000000000000000e+00 1.481399986028474368e-19 9.923489693945289218e+02
2.080000000000000000e+02 2.510000000000000231e+00 1.139100030000000000e+09 1.000000000000000000e+07 9.768868878517409371e-01 0.000000000000000000e+00 2.119409173570680580e-19 1.032152669641763168e+03
2.090000000000000000e+02 2.870000000000000107e+00 1.700000000000000000e+09 1.000000000000000000e+07 9.768868878517409371e-01 8.750000000000000000e-01 8.767984147230265560e-16 2.071098117583650946e+03
2.100000000000000000e+02 3.000000000000000000e+00 1.700000000000000000e+09 5.000000000000000000e+07 9.768868878517409371e-01 7.500000000000001110e-02 2.542860711132780611e-14 3.518394454570375681e+08
2.110000000000000000e+02 1.000000000000000021e-02 5.088000000000000000e+08 1.000000000000000000e+07 1.000000000000000000e+00 2.500000000000000139e-02 7.919718344183491115e-14 3.643858311723227799e+07
2.120000000000000000e+02 2.510000000000000231e+00 5.088000000000000000e+08 2.511900000000000000e+07 9.768868878517409371e-01 1.250000000000000000e-01 1.002045109528587086e-18 1.275673994244494224e+03
2.130000000000000000e+02 4.299999999999999822e+00 8.064000000000000000e+08 5.000000000000000000e+07 9.798004827959798657e-01 2.500000000000000139e-02 6.191060442635959129e-19 1.526271761259191771e+04
2.140000000000000000e+02 2.540000000000000036e+00 5.088000000000000000e+08 5.000000000000000000e+07 9.768868878517409371e-01 1.500000000000000222e-01 9.825313756902980362e-19 1.240765160865097414e+03
2.150000000000000000e+02 1.000000000000000021e-02 1.139100030000000000e+09 1.000000000000000000e+07 1.000000000000000000e+00 0.000000000000000000e+00 6.942458998366266492e-16 2.939919006990973503e+04
2.160000000000000000e+02 2.339999999999999858e+00 5.088000000000000000e+08 1.000000000000000000e+07 9.768868878517409371e-01 5.000000000000000278e-02 2.978443597908137666e-19 8.840836812945090060e+02
2.170000000000000000e+02 2.999999999999999889e-02 5.088000000000000000e+08 1.000000000000000000e+07 9.824577129666183239e-01 8.500000000000000888e-01 7.117775082993614390e-18 4.079850475098257448e+03
2.180000000000000000e+02 2.600000000000000089e-01 5.088000000000000000e+08 1.000000000000000000e+07 9.926219917125062020e-01 0.000000000000000000e+00 2.614804249909037162e-19 2.481148873392961377e+03
2.190000000000000000e+02 2.250000000000000000e+00 1.139100030000000000e+09 1.000000000000000000e+07 9.768868878517409371e-01 2.500000000000000139e-02 1.106212587477716003e-18 3.441671197762659631e+03
2.200000000000000000e+02 2.689999999999999947e+00 2.500000000000000000e+09 1.000000000000000000e+07 9.768868878517409371e-01 9.250000000000000444e-01 2.834249658403364379e-15 2.040404317112452418e+03
2.210000000000000000e+02 3.399999999999999911e+00 2.000000000000000000e+09 2.511900000000000000e+07 9.768868878517409371e-01 0.000000000000000000e+00 3.779853777684230592e-20 5.881297675230592858e+02
2.220000000000000000e+02 2.000000000000000042e-02 8.064000000000000000e+08 1.000000000000000000e+07 9.909453928203675321e-01 0.000000000000000000e+00 1.793422784304360299e-19 1.498235738881577618e+03
2.230000000000000000e+02 3.680000000000000160e+00 1.700000000000000000e+09 1.000000000000000000e+07 9.909453928203675321e-01 3.500000000000000333e-01 9.769525583208885897e-18 1.333050246246566076e+03
2.240000000000000000e+02 3.700000000000000178e+00 1.700000000000000000e+09 5.000000000000000000e+07 9.768868878517409371e-01 4.250000000000000444e-01 1.181380733003132523e-16 4.321795303880211577e+03
2.250000000000000000e+02 2.729999999999999982e+00 5.088000000000000000e+08 1.000000000000000000e+07 9.768868878517409371e-01 2.750000000000000222e-01 1.702352230111198275e-17 8.105135862153878406e+03
2.260000000000000000e+02 3.020000000000000018e+00 1.434000000000000000e+09 2.511900000000000000e+07 9.955456022925407433e-01 1.250000000000000000e-01 2.433233981864530219e-18 4.500352757524182380e+03
2.270000000000000000e+02 4.899999999999999911e-01 5.088000000000000000e+08 1.000000000000000000e+07 9.768868878517409371e-01 0.000000000000000000e+00 1.611584043282364621e-19 6.430749106253223317e+02
2.280000000000000000e+02 3.120000000000000107e+00 2.000000000000000000e+09 1.000000000000000000e+07 9.909453928203675321e-01 1.000000000000000000e+00 9.925085142946103412e-15 2.561171103517189295e+03
2.290000000000000000e+02 3.510000000000000231e+00 2.000000000000000000e+09 5.000000000000000000e+07 9.926219917125062020e-01 7.500000000000001110e-02 2.654214587741047780e-19 7.328141283561425325e+02
2.300000000000000000e+02 3.709999999999999964e+00 1.700000000000000000e+09 5.000000000000000000e+07 9.768868878517409371e-01 3.250000000000000111e-01 6.972668577148290661e-18 1.186339382938798053e+03
2.310000000000000000e+02 3.609999999999999876e+00 2.000000000000000000e+09 5.000000000000000000e+07 9.768868878517409371e-01 3.750000000000000000e-01 2.441204098989621945e-17 1.452518567243520010e+03
2.320000000000000000e+02 3.250000000000000000e+00 2.000000000000000000e+09 1.000000000000000000e+07 9.955456022925407433e-01 1.750000000000000167e-01 5.040688589492616694e-19 5.944759510840281109e+02
2.330000000000000000e+02 5.799999999999999600e-01 5.088000000000000000e+08 1.000000000000000000e+07 1.000000000000000000e+00 2.000000000000000111e-01 1.397779353773448248e-17 1.003593878672056121e+03
2.340000000000000000e+02 3.750000000000000000e+00 1.700000000000000000e+09 5.000000000000000000e+07 9.768868878517409371e-01 2.000000000000000111e-01 4.435430319025679506e-18 1.504754755274111631e+03
2.350000000000000000e+02 3.800000000000000044e-01 5.088000000000000000e+08 1.000000000000000000e+07 9.768868878517409371e-01 0.000000000000000000e+00 1.705662840396484249e-19 9.894073467436509191e+02
2.360000000000000000e+02 2.560000000000000053e+00 2.500000000000000000e+09 5.000000000000000000e+07 9.968174326144358943e-01 1.000000000000000056e-01 1.340040296536194922e-19 7.133105528762044969e+02
2.370000000000000000e+02 2.839999999999999858e+00 2.000000000000000000e+09 5.000000000000000000e+07 9.909453928203675321e-01 3.000000000000000444e-01 1.142300768582266216e-17 3.237480278575035300e+03
2.380000000000000000e+02 4.560000000000000497e+00 1.434000000000000000e+09 5.000000000000000000e+07 9.990352180385682068e-01 2.000000000000000111e-01 6.542637807759225876e-19 6.935510653349002723e+02
2.390000000000000000e+02 2.709999999999999964e+00 5.088000000000000000e+08 5.000000000000000000e+07 9.891070386914596613e-01 1.750000000000000167e-01 2.669965083204317997e-19 9.459229522423980825e+02
2.400000000000000000e+02 2.810000000000000053e+00 5.088000000000000000e+08 5.000000000000000000e+07 9.768868878517409371e-01 8.250000000000000666e-01 1.902926528215788990e-16 9.700872086600084003e+02
2.410000000000000000e+02 4.679999999999999716e+00 5.088000000000000000e+08 1.000000000000000000e+07 9.891070386914596613e-01 0.000000000000000000e+00 1.246267242013632687e-19 9.540561221390147466e+02
2.420000000000000000e+02 3.800000000000000266e+00 1.700000000000000000e+09 5.000000000000000000e+07 9.768868878517409371e-01 3.500000000000000333e-01 8.096069062946327901e-18 1.001281950375116935e+03
2.430000000000000000e+02 2.939999999999999947e+00 2.000000000000000000e+09 1.000000000000000000e+07 9.768868878517409371e-01 0.000000000000000000e+00 -1.215650804437818752e-17 9.418832472320984602e+08
2.440000000000000000e+02 2.939999999999999947e+00 2.000000000000000000e+09 1.000000000000000000e+07 9.768868878517409371e-01 0.000000000000000000e+00 -6.927903212965423626e-18 7.215208951150560379e+08
2.450000000000000000e+02 2.430000000000000160e+00 8.064000000000000000e+08 1.000000000000000000e+07 9.768868878517409371e-01 7.500000000000001110e-02 6.874685915974898605e-19 1.294237512725769648e+03
2.460000000000000000e+02 2.830000000000000071e+00 2.500000000000000000e+09 1.000000000000000000e+07 9.768868878517409371e-01 0.000000000000000000e+00 -4.683757629766392878e-18 2.136396997741803229e+08
2.470000000000000000e+02 3.520000000000000018e+00 2.000000000000000000e+09 5.000000000000000000e+07 9.768868878517409371e-01 5.000000000000000000e-01 3.257374625184061164e-17 9.969502498784114550e+02
2.480000000000000000e+02 3.030000000000000249e+00 2.000000000000000000e+09 1.000000000000000000e+07 9.768868878517409371e-01 0.000000000000000000e+00 -2.865453346145928774e-18 1.709060607479752898e+08
2.490000000000000000e+02 5.999999999999999778e-02 1.700000000000000000e+09 1.000000000000000000e+07 1.000000000000000000e+00 0.000000000000000000e+00 2.408141329315742348e-17 2.110727063986400935e+03
2.500000000000000000e+02 3.439999999999999947e+00 8.064000000000000000e+08 5.000000000000000000e+07 9.824577129666183239e-01 2.000000000000000111e-01 8.472073583201475145e-19 1.268080548538000812e+03
2.510000000000000000e+02 2.000000000000000042e-02 1.139100030000000000e+09 1.000000000000000000e+07 1.000000000000000000e+00 0.000000000000000000e+00 2.163971741293818630e-17 2.014084015524819506e+03
2.520000000000000000e+02 4.509999999999999787e+00 1.434000000000000000e+09 1.000000000000000000e+07 1.000000000000000000e+00 2.500000000000000139e-02 6.374693103240571659e-16 6.282670490354494177e+02
2.530000000000000000e+02 3.500000000000000333e-01 1.434000000000000000e+09 1.000000000000000000e+07 1.000000000000000000e+00 0.000000000000000000e+00 1.057372932453264239e-17 1.262207322130251896e+03
2.540000000000000000e+02 2.459999999999999964e+00 2.500000000000000000e+09 1.000000000000000000e+07 9.955456022925407433e-01 3.500000000000000333e-01 1.537768270890785621e-18 1.418612333693650271e+03
2.550000000000000000e+02 4.070000000000000284e+00 1.700000000000000000e+09 5.000000000000000000e+07 9.768868878517409371e-01 3.750000000000000000e-01 6.937752038829700235e-18 7.953506787209664708e+02
2.560000000000000000e+02 2.520000000000000018e+00 5.088000000000000000e+08 1.000000000000000000e+07 9.768868878517409371e-01 3.000000000000000444e-01 1.520323507481509830e-18 6.626602588860886272e+02
2.570000000000000000e+02 3.020000000000000018e+00 5.088000000000000000e+08 1.000000000000000000e+07 9.891070386914596613e-01 0.000000000000000000e+00 6.135146413614420299e-20 1.041860078290996853e+03
2.580000000000000000e+02 2.800000000000000266e-01 3.000000000000000000e+09 1.000000000000000000e+07 9.824577129666183239e-01 2.500000000000000139e-02 1.415793471166337113e-19 1.213340284739915887e+03
2.590000000000000000e+02 1.100000000000000006e-01 8.064000000000000000e+08 1.000000000000000000e+07 1.000000000000000000e+00 5.000000000000000278e-02 3.400424633261094132e-17 1.845080942124988042e+03
2.600000000000000000e+02 3.750000000000000000e+00 1.700000000000000000e+09 1.000000000000000000e+07 9.768868878517409371e-01 2.500000000000000000e-01 3.742852032938571888e-18 1.545917864959934832e+03
2.610000000000000000e+02 3.379999999999999893e+00 2.000000000000000000e+09 5.000000000000000000e+07 9.768868878517409371e-01 4.500000000000000111e-01 5.670643495281098350e-17 4.053810345792389853e+03
2.620000000000000000e+02 3.430000000000000160e+00 2.000000000000000000e+09 5.000000000000000000e+07 9.768868878517409371e-01 0.000000000000000000e+00 -6.996127488471096913e-19 4.776287115374915302e+07
2.630000000000000000e+02 3.120000000000000107e+00 2.000000000000000000e+09 1.000000000000000000e+07 9.768868878517409371e-01 0.000000000000000000e+00 -4.390915970602030787e-18 2.345601785114499032e+08
2.640000000000000000e+02 3.089999999999999858e+00 2.000000000000000000e+09 1.000000000000000000e+07 9.768868878517409371e-01 0.000000000000000000e+00 -8.535608040642807367e-18 1.113561222601423025e+09
2.650000000000000000e+02 3.089999999999999858e+00 2.000000000000000000e+09 1.000000000000000000e+07 9.768868878517409371e-01 0.000000000000000000e+00 -1.064626889225943430e-17 1.057617022717363596e+09
2.660000000000000000e+02 2.629999999999999893e+00 5.088000000000000000e+08 2.511900000000000000e+07 9.824577129666183239e-01 2.500000000000000000e-01 1.595289058254699338e-18 1.121848487250163089e+03
2.670000000000000000e+02 3.100000000000000089e+00 2.000000000000000000e+09 1.000000000000000000e+07 9.768868878517409371e-01 0.000000000000000000e+00 -1.267527177989203568e-18 1.506810670330180973e+07
2.680000000000000000e+02 2.000000000000000111e-01 1.434000000000000000e+09 1.000000000000000000e+07 9.768868878517409371e-01 0.000000000000000000e+00 1.107157229991118545e-15 4.513941878599067032e+07
2.690000000000000000e+02 2.099999999999999922e-01 1.434000000000000000e+09 1.000000000000000000e+07 1.000000000000000000e+00 0.000000000000000000e+00 3.706130733696110269e-14 3.488859224384406954e+07
2.700000000000000000e+02 3.370000000000000107e+00 2.000000000000000000e+09 5.000000000000000000e+07 9.768868878517409371e-01 3.000000000000000444e-01 6.260152246935312191e-18 1.230709812316030593e+03
2.710000000000000000e+02 3.200000000000000067e-01 5.088000000000000000e+08 1.000000000000000000e+07 9.768868878517409371e-01 0.000000000000000000e+00 7.357597888096951066e-20 6.826184586180900169e+02
2.720000000000000000e+02 1.090000000000000080e+00 2.500000000000000000e+09 5.000000000000000000e+07 9.909453928203675321e-01 1.500000000000000222e-01 1.226421965256574829e-18 2.106002609427876905e+03
2.730000000000000000e+02 3.379999999999999893e+00 2.000000000000000000e+09 2.511900000000000000e+07 9.768868878517409371e-01 5.250000000000000222e-01 3.411593817644278876e-17 1.172698313760558904e+03
2.740000000000000000e+02 4.299999999999999933e-01 5.088000000000000000e+08 1.000000000000000000e+07 1.000000000000000000e+00 1.500000000000000222e-01 1.045629984403945841e-17 1.099177154848241116e+03
2.750000000000000000e+02 2.780000000000000249e+00 5.088000000000000000e+08 5.000000000000000000e+07 9.768868878517409371e-01 6.750000000000000444e-01 4.020533306378094861e-17 1.656976736904782911e+03
2.760000000000000000e+02 1.799999999999999933e-01 3.000000000000000000e+09 1.000000000000000000e+07 1.000000000000000000e+00 1.500000000000000222e-01 1.573902026607896715e-17 1.606941537604265704e+03
2.770000000000000000e+02 3.599999999999999867e-01 5.088000000000000000e+08 1.000000000000000000e+07 9.768868878517409371e-01 0.000000000000000000e+00 4.342278869308983212e-20 5.678693434812586247e+02
2.780000000000000000e+02 4.000000000000000222e-01 5.088000000000000000e+08 1.000000000000000000e+07 9.798004827959798657e-01 0.000000000000000000e+00 1.750924847704870867e-19 1.194220902531526463e+03
2.790000000000000000e+02 2.839999999999999858e+00 5.088000000000000000e+08 5.000000000000000000e+07 9.941510680753888884e-01 0.000000000000000000e+00 5.105983817173038291e-20 8.239020640374606046e+02
2.800000000000000000e+02 3.669999999999999929e+00 1.700000000000000000e+09 5.000000000000000000e+07 9.768868878517409371e-01 2.750000000000000222e-01 2.982622446649223751e-18 7.316752111978830726e+02
2.810000000000000000e+02 5.000000000000000000e-01 5.088000000000000000e+08 1.000000000000000000e+07 9.768868878517409371e-01 5.000000000000000278e-02 8.844269198351149625e-20 8.266370104114710102e+02
2.820000000000000000e+02 2.270000000000000018e+00 5.088000000000000000e+08 2.511900000000000000e+07 9.768868878517409371e-01 2.500000000000000139e-02 3.401130776018031420e-19 1.355935299949889895e+03
2.830000000000000000e+02 2.450000000000000178e+00 2.500000000000000000e+09 1.000000000000000000e+07 9.768868878517409371e-01 2.750000000000000222e-01 3.538644237037959299e-18 8.514083990078632951e+02
2.840000000000000000e+02 4.600000000000000200e-01 5.088000000000000000e+08 1.000000000000000000e+07 9.768868878517409371e-01 7.500000000000001110e-02 2.156343928123529766e-19 1.044991157341585904e+03
2.850000000000000000e+02 4.199999999999999845e-01 5.088000000000000000e+08 1.000000000000000000e+07 1.000000000000000000e+00 2.000000000000000111e-01 1.647679939122636513e-17 1.489738814521583436e+03
2.860000000000000000e+02 3.800000000000000044e-01 5.088000000000000000e+08 1.000000000000000000e+07 9.768868878517409371e-01 0.000000000000000000e+00 1.863402899138746748e-19 1.125466577660386747e+03
2.870000000000000000e+02 1.300000000000000044e-01 4.000000000000000000e+09 1.000000000000000000e+07 1.000000000000000000e+00 1.000000000000000000e+00 6.784196462012689579e-16 3.941085978341714508e+03
2.880000000000000000e+02 1.050000000000000044e+00 1.700000000000000000e+09 2.511900000000000000e+07 9.926219917125062020e-01 1.500000000000000222e-01 8.825052031321963439e-19 1.626410328104411747e+03
2.890000000000000000e+02 2.099999999999999922e-01 1.434000000000000000e+09 1.000000000000000000e+07 9.768868878517409371e-01 0.000000000000000000e+00 6.628140348564565338e-19 2.487238341012711771e+03
2.900000000000000000e+02 1.370000000000000107e+00 5.088000000000000000e+08 5.000000000000000000e+07 9.824577129666183239e-01 6.250000000000000000e-01 3.448710932621489130e-17 2.576805741819413015e+03
2.910000000000000000e+02 3.390000000000000124e+00 8.064000000000000000e+08 5.000000000000000000e+07 9.926219917125062020e-01 2.750000000000000222e-01 1.356592059570723621e-18 9.898114717196947367e+02
2.920000000000000000e+02 3.089999999999999858e+00 2.000000000000000000e+09 1.000000000000000000e+07 9.909453928203675321e-01 8.750000000000000000e-01 1.611022312913815796e-15 1.628829822154339126e+03
2.930000000000000000e+02 2.419999999999999929e+00 5.088000000000000000e+08 1.000000000000000000e+07 9.768868878517409371e-01 0.000000000000000000e+00 2.315966590814680955e-19 1.079384538731906332e+03
2.940000000000000000e+02 3.209999999999999964e+00 2.000000000000000000e+09 1.000000000000000000e+07 9.926219917125062020e-01 9.500000000000000666e-01 4.893014017379210280e-15 2.006269632555111684e+03
2.950000000000000000e+02 1.409999999999999920e+00 5.088000000000000000e+08 1.000000000000000000e+07 9.768868878517409371e-01 4.250000000000000444e-01 1.290760671148847617e-17 1.845769156076119089e+03
2.960000000000000000e+02 2.660000000000000142e+00 5.088000000000000000e+08 5.000000000000000000e+07 9.768868878517409371e-01 0.000000000000000000e+00 2.567915502883777016e-19 1.423036452229481256e+03
2.970000000000000000e+02 2.510000000000000231e+00 5.088000000000000000e+08 1.000000000000000000e+07 9.768868878517409371e-01 0.000000000000000000e+00 3.940112355802254008e-19 4.077786309573753442e+03
2.980000000000000000e+02 4.870000000000000107e+00 1.434000000000000000e+09 1.000000000000000000e+07 1.000000000000000000e+00 0.000000000000000000e+00 4.642853351487657055e-16 6.107961276479200023e+02
2.990000000000000000e+02 4.600000000000000200e-01 5.088000000000000000e+08 1.000000000000000000e+07 1.000000000000000000e+00 2.500000000000000000e-01 1.465586788936675949e-17 1.046809449236000091e+03
3.000000000000000000e+02 3.760000000000000231e+00 1.700000000000000000e+09 1.000000000000000000e+07 9.768868878517409371e-01 3.500000000000000333e-01 6.695204740583614668e-18 1.120434191422832782e+03
3.010000000000000000e+02 2.780000000000000249e+00 5.088000000000000000e+08 1.000000000000000000e+07 9.768868878517409371e-01 3.750000000000000000e-01 1.633242889302228185e-16 1.593668601677111292e+04
3.020000000000000000e+02 3.080000000000000071e+00 1.434000000000000000e+09 5.000000000000000000e+07 9.768868878517409371e-01 1.250000000000000000e-01 4.357900825357570692e-14 1.895166880209012032e+08
3.030000000000000000e+02 3.350000000000000089e+00 8.064000000000000000e+08 5.000000000000000000e+07 9.768868878517409371e-01 0.000000000000000000e+00 3.272703843686718324e-20 6.051075845047989787e+02
3.040000000000000000e+02 1.520000000000000018e+00 5.088000000000000000e+08 5.000000000000000000e+07 9.798004827959798657e-01 4.000000000000000222e-01 1.571697223985509825e-17 2.346761550530332443e+03
3.050000000000000000e+02 2.099999999999999922e-01 8.064000000000000000e+08 1.000000000000000000e+07 9.768868878517409371e-01 0.000000000000000000e+00 6.778505094953077930e-19 1.527401276625816990e+03
3.060000000000000000e+02 5.999999999999999778e-01 1.434000000000000000e+09 1.000000000000000000e+07 9.768868878517409371e-01 0.000000000000000000e+00 1.899731338510068523e-18 3.908924371079249340e+03
3.070000000000000000e+02 2.410000000000000142e+00 5.088000000000000000e+08 1.000000000000000000e+07 9.768868878517409371e-01 3.000000000000000444e-01 1.373718060758196662e-18 6.833516087847920062e+02
3.080000000000000000e+02 3.350000000000000089e+00 1.139100030000000000e+09 5.000000000000000000e+07 9.768868878517409371e-01 2.500000000000000000e-01 4.724499371001729271e-18 8.930911640981598794e+02
3.090000000000000000e+02 3.089999999999999858e+00 2.000000000000000000e+09 2.511900000000000000e+07 9.768868878517409371e-01 0.000000000000000000e+00 1.538551566216805398e-19 1.351111187163683280e+04
3.100000000000000000e+02 2.990000000000000213e+00 1.139100030000000000e+09 1.000000000000000000e+07 9.968174326144358943e-01 5.000000000000000278e-02 9.988053771513569465e-20 7.417382857940920076e+02
3.110000000000000000e+02 2.229999999999999982e+00 3.000000000000000000e+09 2.511900000000000000e+07 9.891070386914596613e-01 3.500000000000000333e-01 2.112045212503362586e-18 4.709672736834203874e+02
3.120000000000000000e+02 2.450000000000000178e+00 2.500000000000000000e+09 2.511900000000000000e+07 9.848811356849042076e-01 7.750000000000000222e-01 1.699578985972536157e-16 7.532130903349798245e+02
3.130000000000000000e+02 2.550000000000000266e+00 5.088000000000000000e+08 1.000000000000000000e+07 9.798004827959798657e-01 0.000000000000000000e+00 2.198913081446351316e-19 8.034817357080650027e+02
3.140000000000000000e+02 1.000000000000000056e-01 8.064000000000000000e+08 1.000000000000000000e+07 1.000000000000000000e+00 1.250000000000000000e-01 5.292406286876877735e-18 5.403038528433613692e+02
3.150000000000000000e+02 1.000000000000000021e-02 5.088000000000000000e+08 1.000000000000000000e+07 9.926219917125062020e-01 0.000000000000000000e+00 8.181957551589461104e-20 6.740068050393051635e+02
3.160000000000000000e+02 1.360000000000000098e+00 8.064000000000000000e+08 1.000000000000000000e+07 1.000000000000000000e+00 2.000000000000000111e-01 1.722055937649519920e-16 1.607487171694931476e+03
3.170000000000000000e+02 2.310000000000000053e+00 5.088000000000000000e+08 2.511900000000000000e+07 9.926219917125062020e-01 1.750000000000000167e-01 4.159278796822888200e-19 7.654070788017736504e+02
3.180000000000000000e+02 2.180000000000000160e+00 3.000000000000000000e+09 1.000000000000000000e+07 9.768868878517409371e-01 6.750000000000000444e-01 1.399289147015228023e-16 1.594712886421539451e+03
3.190000000000000000e+02 4.669999999999999929e+00 5.088000000000000000e+08 2.511900000000000000e+07 9.798004827959798657e-01 0.000000000000000000e+00 1.190397090716691404e-19 4.743133409446057840e+02
3.200000000000000000e+02 2.319999999999999840e+00 1.139100030000000000e+09 1.000000000000000000e+07 9.768868878517409371e-01 0.000000000000000000e+00 1.542488101203041037e-19 4.635036648538064696e+02
3.210000000000000000e+02 2.709999999999999964e+00 5.088000000000000000e+08 5.000000000000000000e+07 9.848811356849042076e-01 1.250000000000000000e-01 1.946301232470718275e-19 4.889290651237316183e+02
3.220000000000000000e+02 3.479999999999999982e+00 2.000000000000000000e+09 1.000000000000000000e+07 9.768868878517409371e-01 3.000000000000000444e-01 1.861524109912894637e-18 5.334531368186592317e+02
3.230000000000000000e+02 6.300000000000000044e-01 5.088000000000000000e+08 1.000000000000000000e+07 9.768868878517409371e-01 0.000000000000000000e+00 1.195414241508643088e-19 8.172736109678745606e+02
3.240000000000000000e+02 2.819999999999999840e+00 5.088000000000000000e+08 1.000000000000000000e+07 9.941510680753888884e-01 0.000000000000000000e+00 9.136014182138637498e-19 1.326970937897986369e+04
3.250000000000000000e+02 2.569999999999999840e+00 8.064000000000000000e+08 2.511900000000000000e+07 9.926219917125062020e-01 2.500000000000000139e-02 9.624912449856030487e-20 3.111642882924616060e+02
3.260000000000000000e+02 3.400000000000000244e-01 3.000000000000000000e+09 1.000000000000000000e+07 1.000000000000000000e+00 0.000000000000000000e+00 1.515716669791242211e-17 1.991925169197706282e+03
3.270000000000000000e+02 2.209999999999999964e+00 8.064000000000000000e+08 1.000000000000000000e+07 1.000000000000000000e+00 0.000000000000000000e+00 6.928400707002564043e-18 1.727553105846616063e+03
3.280000000000000000e+02 2.970000000000000195e+00 2.000000000000000000e+09 2.511900000000000000e+07 9.768868878517409371e-01 0.000000000000000000e+00 2.603864172758237160e-19 3.923111092255649055e+03
3.290000000000000000e+02 3.250000000000000000e+00 8.064000000000000000e+08 1.000000000000000000e+07 9.909453928203675321e-01 7.500000000000001110e-02 1.246166907325219715e-19 9.256338714775554308e+02
3.300000000000000000e+02 4.600000000000000200e-01 5.088000000000000000e+08 1.000000000000000000e+07 9.768868878517409371e-01 0.000000000000000000e+00 1.234601511344801850e-19 8.842147921485726556e+02
3.310000000000000000e+02 2.390000000000000124e+00 1.139100030000000000e+09 1.000000000000000000e+07 9.870913234723223129e-01 0.000000000000000000e+00 7.143031681771551804e-20 7.398083175905327380e+02
3.320000000000000000e+02 2.660000000000000142e+00 1.700000000000000000e+09 1.000000000000000000e+07 9.768868878517409371e-01 0.000000000000000000e+00 1.038786411907614191e-19 7.195747087804681996e+02
3.330000000000000000e+02 3.959999999999999964e+00 1.700000000000000000e+09 1.000000000000000000e+07 9.768868878517409371e-01 1.250000000000000000e-01 7.108652836508833922e-19 1.270622243123573298e+03
3.340000000000000000e+02 2.620000000000000107e+00 2.500000000000000000e+09 1.000000000000000000e+07 9.768868878517409371e-01 5.000000000000000000e-01 2.066809044393043334e-17 7.356056162529692983e+02
3.350000000000000000e+02 2.720000000000000195e+00 5.088000000000000000e+08 1.000000000000000000e+07 9.768868878517409371e-01 0.000000000000000000e+00 1.796521465208517058e-19 1.053908028041177886e+03
3.360000000000000000e+02 4.410000000000000142e+00 5.088000000000000000e+08 5.000000000000000000e+07 9.768868878517409371e-01 0.000000000000000000e+00 1.026031502542715125e-19 7.101883244087686080e+02
3.370000000000000000e+02 3.520000000000000018e+00 2.000000000000000000e+09 5.000000000000000000e+07 9.768868878517409371e-01 2.000000000000000111e-01 1.749611890413983572e-18 9.378302160836328767e+02
3.380000000000000000e+02 1.469999999999999973e+00 5.088000000000000000e+08 1.000000000000000000e+07 9.768868878517409371e-01 4.500000000000000111e-01 1.538665278230809063e-17 1.758539454713752775e+03
3.390000000000000000e+02 4.860000000000000320e+00 8.064000000000000000e+08 5.000000000000000000e+07 9.768868878517409371e-01 0.000000000000000000e+00 1.580386397683467531e-19 1.650231099192781812e+03
3.400000000000000000e+02 2.800000000000000266e-01 5.088000000000000000e+08 1.000000000000000000e+07 1.000000000000000000e+00 0.000000000000000000e+00 2.305178820913746199e-17 4.736967762412989032e+03
3.410000000000000000e+02 2.300000000000000266e+00 5.088000000000000000e+08 1.000000000000000000e+07 9.768868878517409371e-01 7.500000000000001110e-02 8.217519470346097948e-19 1.257485217125762119e+03
3.420000000000000000e+02 2.700000000000000178e+00 5.088000000000000000e+08 1.000000000000000000e+07 9.768868878517409371e-01 0.000000000000000000e+00 1.181456356683729696e-19 8.000877741384797446e+02
3.430000000000000000e+02 3.390000000000000124e+00 1.700000000000000000e+09 5.000000000000000000e+07 9.848811356849042076e-01 3.250000000000000111e-01 2.372678391195100125e-17 4.485742537427866409e+03
3.440000000000000000e+02 3.599999999999999867e-01 5.088000000000000000e+08 1.000000000000000000e+07 9.968174326144358943e-01 0.000000000000000000e+00 1.485673488181943758e-20 8.987493800066887388e+02
3.450000000000000000e+02 4.500000000000000111e-01 5.088000000000000000e+08 1.000000000000000000e+07 9.768868878517409371e-01 0.000000000000000000e+00 1.062940808415801510e-19 9.455644188423516425e+02
3.460000000000000000e+02 2.580000000000000071e+00 5.088000000000000000e+08 1.000000000000000000e+07 9.768868878517409371e-01 0.000000000000000000e+00 2.583841641493023356e-19 1.087098819365704685e+03
3.470000000000000000e+02 2.430000000000000160e+00 2.500000000000000000e+09 1.000000000000000000e+07 9.768868878517409371e-01 3.000000000000000444e-01 1.510898680016055746e-17 1.671532912108511482e+03
3.480000000000000000e+02 1.000000000000000021e-02 1.139100030000000000e+09 1.000000000000000000e+07 9.990352180385682068e-01 7.500000000000001110e-02 3.219491855151144135e-19 1.112130225147245073e+05
3.490000000000000000e+02 1.400000000000000133e-01 3.000000000000000000e+09 1.000000000000000000e+07 1.000000000000000000e+00 1.500000000000000222e-01 1.267943118361954667e-15 2.417037476404939371e+05
3.500000000000000000e+02 4.419999999999999929e+00 1.139100030000000000e+09 1.000000000000000000e+07 9.990352180385682068e-01 2.250000000000000056e-01 9.117303170376306394e-19 7.610952961253999547e+02
3.510000000000000000e+02 3.589999999999999858e+00 2.000000000000000000e+09 2.511900000000000000e+07 9.768868878517409371e-01 1.750000000000000167e-01 1.678103326937823549e-18 2.109984670457796256e+03
3.520000000000000000e+02 2.999999999999999889e-01 8.064000000000000000e+08 1.000000000000000000e+07 9.891070386914596613e-01 0.000000000000000000e+00 3.899859793543950378e-19 3.347574091933127875e+03
3.530000000000000000e+02 3.300000000000000155e-01 8.064000000000000000e+08 1.000000000000000000e+07 1.000000000000000000e+00 0.000000000000000000e+00 3.095546107358005842e-17 2.691859140744801152e+03
3.540000000000000000e+02 5.799999999999999600e-01 5.088000000000000000e+08 1.000000000000000000e+07 1.000000000000000000e+00 3.250000000000000111e-01 5.274523306038849601e-18 4.789981113320423560e+02
3.550000000000000000e+02 2.709999999999999964e+00 1.139100030000000000e+09 2.511900000000000000e+07 9.798004827959798657e-01 0.000000000000000000e+00 2.065621508250107605e-19 7.262876477256293128e+02
3.560000000000000000e+02 2.689999999999999947e+00 5.088000000000000000e+08 1.000000000000000000e+07 9.768868878517409371e-01 3.500000000000000333e-01 2.986473981867539670e-18 1.162164604930286259e+03
3.570000000000000000e+02 4.629999999999999893e+00 8.064000000000000000e+08 5.000000000000000000e+07 9.979773556538258372e-01 5.000000000000000278e-02 3.318528841830551513e-19 1.644494076384789878e+03
3.580000000000000000e+02 3.450000000000000178e+00 2.000000000000000000e+09 5.000000000000000000e+07 9.768868878517409371e-01 2.000000000000000111e-01 2.097583163986124033e-18 1.193267352043587834e+03
3.590000000000000000e+02 2.620000000000000107e+00 2.500000000000000000e+09 1.000000000000000000e+07 9.870913234723223129e-01 2.500000000000000000e-01 2.624587058115984617e-18 7.795037551781457523e+02
3.600000000000000000e+02 2.540000000000000036e+00 5.088000000000000000e+08 1.000000000000000000e+07 9.768868878517409371e-01 1.500000000000000222e-01 3.429811025152903017e-19 7.475759310294804436e+02
3.610000000000000000e+02 3.540000000000000036e+00 2.000000000000000000e+09 1.000000000000000000e+07 9.768868878517409371e-01 3.000000000000000444e-01 1.686803930352048653e-17 2.797095339857311956e+03
3.620000000000000000e+02 3.959999999999999964e+00 5.088000000000000000e+08 1.000000000000000000e+07 9.768868878517409371e-01 2.500000000000000139e-02 1.635414842357908999e-19 9.437595228577235957e+02
3.630000000000000000e+02 3.000000000000000000e+00 2.000000000000000000e+09 1.000000000000000000e+07 9.768868878517409371e-01 0.000000000000000000e+00 -1.274287927019389924e-17 4.434668804709897637e+08
3.640000000000000000e+02 2.430000000000000160e+00 8.064000000000000000e+08 5.000000000000000000e+07 9.990352180385682068e-01 0.000000000000000000e+00 5.686711137180640078e-21 6.583686078699026893e+02
3.650000000000000000e+02 1.260000000000000009e+00 1.139100030000000000e+09 5.000000000000000000e+07 9.848811356849042076e-01 3.000000000000000444e-01 3.137255022873954357e-18 1.275607490718331519e+03
3.660000000000000000e+02 1.260000000000000009e+00 2.000000000000000000e+09 5.000000000000000000e+07 9.941510680753888884e-01 2.000000000000000111e-01 9.390640404699691395e-19 1.231127221952614718e+03
3.670000000000000000e+02 2.129999999999999893e+00 1.139100030000000000e+09 2.511900000000000000e+07 9.926219917125062020e-01 5.000000000000000278e-02 1.565504997753951788e-19 6.407391579682936253e+02
3.680000000000000000e+02 1.060000000000000053e+00 2.000000000000000000e+09 1.000000000000000000e+07 1.000000000000000000e+00 2.000000000000000111e-01 2.951848185317831925e-16 2.225941532088112126e+03
3.690000000000000000e+02 1.130000000000000115e+00 2.000000000000000000e+09 5.000000000000000000e+07 9.941510680753888884e-01 2.000000000000000111e-01 2.714321350667773000e-18 3.372579764308893573e+03
3.700000000000000000e+02 3.120000000000000107e+00 5.088000000000000000e+08 5.000000000000000000e+07 9.891070386914596613e-01 0.000000000000000000e+00 3.702356687117055091e-20 4.165226362833375333e+02
3.710000000000000000e+02 2.550000000000000266e+00 1.700000000000000000e+09 1.000000000000000000e+07 9.909453928203675321e-01 0.000000000000000000e+00 8.480361225821598097e-20 1.374108923685122818e+03
3.720000000000000000e+02 4.000000000000000083e-02 8.064000000000000000e+08 1.000000000000000000e+07 1.000000000000000000e+00 0.000000000000000000e+00 4.891691408395723487e-17 2.225254952911745931e+03
3.730000000000000000e+02 3.089999999999999858e+00 2.000000000000000000e+09 1.000000000000000000e+07 9.768868878517409371e-01 0.000000000000000000e+00 -5.991783207286382160e-18 4.229459461417980790e+08
