# obj_no phot_z age_old age_new f_old_V  EBV norm chi
1.000000000000000000e+00 2.899999999999999800e-01 8.064000000000000000e+08 1.000000000000000000e+07 9.783772233983162314e-01 0.000000000000000000e+00 3.576786438486207079e-19 1.991276302655006702e+03
2.000000000000000000e+00 1.409999999999999920e+00 8.064000000000000000e+08 5.000000000000000000e+07 9.934041309256244068e-01 1.250000000000000000e-01 1.570344200660183350e-19 1.273105979190354674e+03
3.000000000000000000e+00 2.999999999999999889e-02 8.064000000000000000e+08 1.000000000000000000e+07 1.000000000000000000e+00 1.500000000000000222e-01 1.777689653774138824e-17 1.537058610147651734e+03
4.000000000000000000e+00 4.270000000000000462e+00 8.064000000000000000e+08 1.000000000000000000e+07 9.985184637850311740e-01 9.500000000000000666e-01 1.330559545986844170e-19 7.917731620227290250e+02
5.000000000000000000e+00 5.500000000000000444e-01 8.064000000000000000e+08 1.000000000000000000e+07 1.000000000000000000e+00 5.000000000000000278e-02 4.792774373211313768e-18 9.187735435672541371e+02
6.000000000000000000e+00 3.500000000000000333e-01 8.064000000000000000e+08 1.000000000000000000e+07 9.783772233983162314e-01 0.000000000000000000e+00 1.109531127078239822e-19 9.290138242147052097e+02
7.000000000000000000e+00 2.479999999999999982e+00 8.064000000000000000e+08 5.000000000000000000e+07 9.848811356849042076e-01 0.000000000000000000e+00 1.012555275449850823e-19 6.202835716001469564e+02
8.000000000000000000e+00 4.969999999999999751e+00 8.064000000000000000e+08 2.511900000000000000e+07 9.783772233983162314e-01 2.500000000000000139e-02 9.823254990292164614e-20 9.685853406743833602e+02
9.000000000000000000e+00 1.090000000000000080e+00 8.064000000000000000e+08 2.511900000000000000e+07 9.941510680753888884e-01 4.750000000000000333e-01 9.165351569920175923e-19 8.001449959838021641e+03
1.000000000000000000e+01 2.689999999999999947e+00 8.064000000000000000e+08 1.000000000000000000e+07 1.000000000000000000e+00 1.500000000000000000e+00 6.024896099549022277e-16 6.308740027374423335e+03
1.100000000000000000e+01 1.459999999999999964e+00 8.064000000000000000e+08 1.000000000000000000e+07 9.783772233983162314e-01 5.500000000000000444e-01 3.440447597010851719e-18 1.980876800369986540e+03
1.200000000000000000e+01 5.000000000000000000e+00 8.064000000000000000e+08 1.000000000000000000e+07 9.995287145194909906e-01 0.000000000000000000e+00 8.741442857624576248e-20 6.003264529651142993e+02
1.300000000000000000e+01 8.000000000000000167e-02 8.064000000000000000e+08 1.000000000000000000e+07 1.000000000000000000e+00 7.500000000000001110e-02 1.059605206475783411e-17 1.135530923339014862e+03
1.400000000000000000e+01 1.110000000000000098e+00 8.064000000000000000e+08 1.000000000000000000e+07 9.783772233983162314e-01 2.500000000000000000e-01 7.622502399622464945e-19 2.459592204745364597e+03
1.500000000000000000e+01 2.620000000000000107e+00 8.064000000000000000e+08 5.000000000000000000e+07 9.948643875156378824e-01 1.500000000000000000e+00 3.547708001135645535e-19 8.832259274123650812e+02
1.600000000000000000e+01 4.199999999999999845e-01 8.064000000000000000e+08 1.000000000000000000e+07 1.000000000000000000e+00 7.500000000000001110e-02 1.151286913841116892e-17 1.417515554878329112e+03
1.700000000000000000e+01 1.040000000000000036e+00 8.064000000000000000e+08 1.000000000000000000e+07 1.000000000000000000e+00 5.500000000000000444e-01 2.124063974804521422e-16 4.858710571046446603e+03
1.800000000000000000e+01 3.200000000000000067e-01 8.064000000000000000e+08 1.000000000000000000e+07 9.783772233983162314e-01 0.000000000000000000e+00 5.558840497215956469e-19 3.222339821338739057e+03
1.900000000000000000e+01 3.800000000000000044e-01 8.064000000000000000e+08 1.000000000000000000e+07 9.783772233983162314e-01 0.000000000000000000e+00 2.290697555339484532e-19 2.068276129376640711e+03
2.000000000000000000e+01 3.399999999999999911e+00 8.064000000000000000e+08 1.000000000000000000e+07 9.783772233983162314e-01 2.500000000000000139e-02 5.752136798447229607e-20 5.237909511816101258e+02
2.100000000000000000e+01 1.530000000000000027e+00 8.064000000000000000e+08 2.511900000000000000e+07 9.783772233983162314e-01 1.500000000000000000e+00 1.756108621175900068e-17 6.989071347438200064e+03
2.200000000000000000e+01 7.500000000000000000e-01 8.064000000000000000e+08 1.000000000000000000e+07 1.000000000000000000e+00 5.750000000000000666e-01 1.081224031684765185e-17 1.161291036243137114e+03
2.300000000000000000e+01 5.000000000000000000e-01 8.064000000000000000e+08 1.000000000000000000e+07 1.000000000000000000e+00 3.750000000000000000e-01 1.325700360316452542e-17 1.111764484003792859e+03
2.400000000000000000e+01 1.260000000000000009e+00 8.064000000000000000e+08 1.000000000000000000e+07 1.000000000000000000e+00 3.750000000000000000e-01 6.792560064425519950e-17 1.766941105594871942e+03
2.500000000000000000e+01 4.000000000000000222e-01 8.064000000000000000e+08 1.000000000000000000e+07 9.860116708098051186e-01 0.000000000000000000e+00 6.963785794743634476e-20 8.853488515264932630e+02
2.600000000000000000e+01 4.360000000000000320e+00 8.064000000000000000e+08 2.511900000000000000e+07 9.783772233983162314e-01 6.500000000000000222e-01 2.717879432407827863e-19 7.482800885845055063e+02
2.700000000000000000e+01 6.400000000000000133e-01 8.064000000000000000e+08 2.511900000000000000e+07 9.941510680753888884e-01 0.000000000000000000e+00 9.376414215466199876e-20 3.007775339594197703e+03
2.800000000000000000e+01 1.040000000000000036e+00 8.064000000000000000e+08 1.000000000000000000e+07 9.783772233983162314e-01 3.000000000000000444e-01 3.597927244432777115e-19 1.368032189629322829e+03
2.900000000000000000e+01 2.890000000000000124e+00 8.064000000000000000e+08 1.000000000000000000e+07 1.000000000000000000e+00 1.500000000000000222e-01 5.064207601171481143e-17 4.778784542589716875e+04
3.000000000000000000e+01 4.820000000000000284e+00 8.064000000000000000e+08 5.000000000000000000e+07 9.990352180385682068e-01 6.750000000000000444e-01 2.964489778303261058e-19 9.733058205035208630e+02
3.100000000000000000e+01 4.080000000000000071e+00 8.064000000000000000e+08 5.000000000000000000e+07 9.783772233983162314e-01 1.500000000000000000e+00 1.146080395465493344e-18 1.248690576808016431e+03
3.200000000000000000e+01 1.520000000000000018e+00 8.064000000000000000e+08 1.000000000000000000e+07 9.783772233983162314e-01 1.250000000000000000e+00 4.687783504116227067e-18 2.144334785486028977e+03
3.300000000000000000e+01 3.699999999999999956e-01 8.064000000000000000e+08 1.000000000000000000e+07 1.000000000000000000e+00 3.250000000000000111e-01 7.205204066595289763e-18 1.111671146417955242e+03
3.400000000000000000e+01 4.200000000000000178e+00 8.064000000000000000e+08 1.000000000000000000e+07 1.000000000000000000e+00 7.250000000000000888e-01 -2.480635723055861279e-17 5.937365503973773002e+02
3.500000000000000000e+01 1.060000000000000053e+00 8.064000000000000000e+08 1.000000000000000000e+07 1.000000000000000000e+00 5.250000000000000222e-01 1.848662164196689680e-16 5.714281142311806434e+03
3.600000000000000000e+01 6.500000000000000222e-01 8.064000000000000000e+08 1.000000000000000000e+07 1.000000000000000000e+00 0.000000000000000000e+00 2.614867856686893310e-18 8.082100036609236895e+02
3.700000000000000000e+01 5.899999999999999689e-01 8.064000000000000000e+08 1.000000000000000000e+07 1.000000000000000000e+00 1.500000000000000000e+00 1.791464760445896977e-16 3.560331095178225041e+03
3.800000000000000000e+01 5.000000000000000278e-02 8.064000000000000000e+08 1.000000000000000000e+07 9.783772233983162314e-01 0.000000000000000000e+00 3.822757262880846401e-19 1.174446058690681411e+03
3.900000000000000000e+01 4.820000000000000284e+00 8.064000000000000000e+08 1.000000000000000000e+07 9.995287145194909906e-01 6.000000000000000888e-01 3.347374878681029649e-19 1.567290141468944512e+03
4.000000000000000000e+01 2.000000000000000111e-01 8.064000000000000000e+08 1.000000000000000000e+07 1.000000000000000000e+00 3.250000000000000111e-01 1.585967509987514654e-17 1.509183465592241646e+03
4.100000000000000000e+01 3.099999999999999978e-01 8.064000000000000000e+08 1.000000000000000000e+07 9.783772233983162314e-01 0.000000000000000000e+00 6.871974902717111357e-19 2.973102983228699031e+03
4.200000000000000000e+01 5.000000000000000000e+00 8.064000000000000000e+08 1.000000000000000000e+07 9.783772233983162314e-01 1.275000000000000133e+00 5.077113499110162863e-19 1.149720524787064960e+03
4.300000000000000000e+01 5.000000000000000000e+00 8.064000000000000000e+08 5.000000000000000000e+07 9.990352180385682068e-01 6.750000000000000444e-01 3.797521021869911995e-19 1.512111177789777912e+03
4.400000000000000000e+01 1.100000000000000006e-01 8.064000000000000000e+08 1.000000000000000000e+07 1.000000000000000000e+00 1.300000000000000044e+00 8.683028590453309172e-17 1.864032757158376398e+03
4.500000000000000000e+01 3.300000000000000155e-01 8.064000000000000000e+08 1.000000000000000000e+07 9.881223837605044302e-01 0.000000000000000000e+00 8.132759399850476409e-20 9.600087847668164613e+02
4.600000000000000000e+01 1.900000000000000022e-01 8.064000000000000000e+08 2.511900000000000000e+07 9.783772233983162314e-01 7.250000000000000888e-01 1.048269962049766967e-18 1.919341888255675940e+03
4.700000000000000000e+01 3.400000000000000244e-01 8.064000000000000000e+08 1.000000000000000000e+07 9.870913234723223129e-01 0.000000000000000000e+00 1.240011377307566763e-19 1.139235516874477526e+03
4.800000000000000000e+01 4.879999999999999893e+00 8.064000000000000000e+08 1.000000000000000000e+07 9.783772233983162314e-01 1.200000000000000178e+00 9.061919532228722402e-19 1.079864646250768601e+03
4.900000000000000000e+01 2.999999999999999889e-02 8.064000000000000000e+08 1.000000000000000000e+07 1.000000000000000000e+00 2.250000000000000056e-01 3.183163967210152599e-17 2.828176099630386489e+03
5.000000000000000000e+01 2.419999999999999929e+00 8.064000000000000000e+08 1.000000000000000000e+07 9.783772233983162314e-01 0.000000000000000000e+00 6.419743231981006266e-19 2.083472145118065782e+03
5.100000000000000000e+01 1.620000000000000107e+00 8.064000000000000000e+08 2.511900000000000000e+07 9.783772233983162314e-01 9.500000000000000666e-01 2.133173783670823338e-18 1.487231724246181784e+03
5.200000000000000000e+01 5.400000000000000355e-01 8.064000000000000000e+08 1.000000000000000000e+07 9.974107458820583583e-01 0.000000000000000000e+00 8.087549502815299961e-21 8.886106400956847438e+02
5.300000000000000000e+01 3.099999999999999978e-01 8.064000000000000000e+08 1.000000000000000000e+07 1.000000000000000000e+00 2.000000000000000111e-01 8.446466130836947719e-18 1.030566321434994279e+03
5.400000000000000000e+01 2.490000000000000213e+00 8.064000000000000000e+08 1.000000000000000000e+07 9.870913234723223129e-01 0.000000000000000000e+00 8.169084296928236806e-20 8.606616717843495508e+02
5.500000000000000000e+01 3.599999999999999867e-01 8.064000000000000000e+08 1.000000000000000000e+07 1.000000000000000000e+00 5.250000000000000222e-01 1.078516121143678219e-16 1.143648939426449397e+04
5.600000000000000000e+01 1.409999999999999920e+00 8.064000000000000000e+08 1.000000000000000000e+07 9.974107458820583583e-01 1.500000000000000000e+00 1.892595290977121555e-19 9.025892993498339365e+02
5.700000000000000000e+01 1.400000000000000133e-01 8.064000000000000000e+08 1.000000000000000000e+07 9.783772233983162314e-01 0.000000000000000000e+00 6.441732558450392332e-19 1.918796915199664909e+03
5.800000000000000000e+01 4.060000000000000497e+00 8.064000000000000000e+08 5.000000000000000000e+07 9.783772233983162314e-01 4.000000000000000222e-01 3.156161451190417021e-19 2.565575584210520901e+03
5.900000000000000000e+01 2.450000000000000178e+00 8.064000000000000000e+08 5.000000000000000000e+07 9.798004827959798657e-01 2.500000000000000139e-02 5.665064609317460356e-19 2.363147967209623857e+03
6.000000000000000000e+01 2.990000000000000213e+00 8.064000000000000000e+08 1.000000000000000000e+07 9.783772233983162314e-01 1.375000000000000000e+00 1.080323849361682733e-17 7.681096817577938964e+03
6.100000000000000000e+01 4.350000000000000533e+00 8.064000000000000000e+08 1.000000000000000000e+07 9.985184637850311740e-01 3.750000000000000000e-01 1.001422732996143646e-19 4.876295376367934864e+02
6.200000000000000000e+01 3.099999999999999978e-01 8.064000000000000000e+08 1.000000000000000000e+07 9.783772233983162314e-01 2.250000000000000056e-01 1.862701702775586356e-19 6.283168647859299654e+02
6.300000000000000000e+01 1.660000000000000142e+00 8.064000000000000000e+08 1.000000000000000000e+07 9.783772233983162314e-01 1.074999999999999956e+00 1.896006191634485222e-18 1.159332292420621116e+03
6.400000000000000000e+01 4.820000000000000284e+00 8.064000000000000000e+08 1.000000000000000000e+07 1.000000000000000000e+00 1.500000000000000000e+00 1.072974122553683766e-14 2.058341065706626523e+03
6.500000000000000000e+01 4.660000000000000142e+00 8.064000000000000000e+08 1.000000000000000000e+07 9.985184637850311740e-01 5.250000000000000222e-01 3.009027721904191989e-19 1.307904981888737211e+03
6.600000000000000000e+01 3.699999999999999956e-01 8.064000000000000000e+08 1.000000000000000000e+07 9.783772233983162314e-01 0.000000000000000000e+00 3.555239221191973754e-19 2.026040045024364645e+03
6.700000000000000000e+01 4.520000000000000462e+00 8.064000000000000000e+08 2.511900000000000000e+07 9.990352180385682068e-01 0.000000000000000000e+00 4.931021528119398157e-20 7.873198463007408918e+02
6.800000000000000000e+01 1.060000000000000053e+00 8.064000000000000000e+08 2.511900000000000000e+07 9.860116708098051186e-01 7.250000000000000888e-01 1.773246403475020424e-18 2.842637651868245030e+03
6.900000000000000000e+01 2.000000000000000111e-01 8.064000000000000000e+08 1.000000000000000000e+07 1.000000000000000000e+00 1.000000000000000056e-01 6.387263513917801854e-14 2.988120007206187025e+07
7.000000000000000000e+01 1.000000000000000021e-02 8.064000000000000000e+08 1.000000000000000000e+07 1.000000000000000000e+00 5.000000000000000278e-02 1.958830422751282936e-13 2.674107481320955232e+07
7.100000000000000000e+01 5.300000000000000266e-01 8.064000000000000000e+08 1.000000000000000000e+07 9.783772233983162314e-01 0.000000000000000000e+00 9.557545304694806841e-20 9.574754419148489433e+02
7.200000000000000000e+01 4.450000000000000178e+00 8.064000000000000000e+08 1.000000000000000000e+07 9.955456022925407433e-01 2.750000000000000222e-01 1.126601101356762286e-19 1.102647008315920402e+03
7.300000000000000000e+01 4.099999999999999645e+00 8.064000000000000000e+08 5.000000000000000000e+07 9.955456022925407433e-01 0.000000000000000000e+00 5.631104045903344559e-20 3.962291288407240700e+03
7.400000000000000000e+01 4.870000000000000107e+00 8.064000000000000000e+08 1.000000000000000000e+07 9.783772233983162314e-01 1.500000000000000000e+00 1.799870519214014192e-19 4.753414520093484725e+02
7.500000000000000000e+01 4.750000000000000000e+00 8.064000000000000000e+08 1.000000000000000000e+07 9.968174326144358943e-01 1.000000000000000000e+00 3.239816407611870345e-19 1.512189342890419539e+03
7.600000000000000000e+01 6.400000000000000133e-01 8.064000000000000000e+08 1.000000000000000000e+07 9.783772233983162314e-01 0.000000000000000000e+00 1.356150300451998848e-19 1.117079921533379320e+03
7.700000000000000000e+01 4.270000000000000462e+00 8.064000000000000000e+08 1.000000000000000000e+07 9.985184637850311740e-01 1.375000000000000000e+00 1.707326272745917937e-18 1.163979974544859579e+04
7.800000000000000000e+01 4.160000000000000142e+00 8.064000000000000000e+08 1.000000000000000000e+07 9.783772233983162314e-01 0.000000000000000000e+00 1.577137747407049239e-19 2.898806495072771213e+03
7.900000000000000000e+01 5.000000000000000278e-02 8.064000000000000000e+08 1.000000000000000000e+07 1.000000000000000000e+00 2.250000000000000056e-01 6.387986164028861947e-18 9.349773719104414340e+02
8.000000000000000000e+01 2.999999999999999889e-02 8.064000000000000000e+08 1.000000000000000000e+07 9.824577129666183239e-01 0.000000000000000000e+00 4.226125130715526785e-19 1.396667235668464855e+03
8.100000000000000000e+01 3.800000000000000266e+00 8.064000000000000000e+08 5.000000000000000000e+07 9.870913234723223129e-01 1.500000000000000000e+00 2.087099370747909112e-18 7.547372074951712193e+02
8.200000000000000000e+01 1.600000000000000033e-01 8.064000000000000000e+08 1.000000000000000000e+07 1.000000000000000000e+00 2.500000000000000000e-01 1.745151230826403282e-17 1.195818295627048656e+03
8.300000000000000000e+01 8.100000000000000533e-01 8.064000000000000000e+08 1.000000000000000000e+07 1.000000000000000000e+00 5.500000000000000444e-01 6.719769264369680178e-18 8.574671938950201593e+02
8.400000000000000000e+01 5.200000000000000178e-01 8.064000000000000000e+08 1.000000000000000000e+07 9.783772233983162314e-01 0.000000000000000000e+00 1.894879828480974857e-19 1.097809078060612819e+03
8.500000000000000000e+01 2.169999999999999929e+00 8.064000000000000000e+08 1.000000000000000000e+07 9.798004827959798657e-01 0.000000000000000000e+00 3.799375554130568835e-19 1.013311069604552472e+03
8.600000000000000000e+01 3.350000000000000089e+00 8.064000000000000000e+08 5.000000000000000000e+07 9.798004827959798657e-01 8.250000000000000666e-01 5.607039981360986757e-19 1.245007925361261414e+03
8.700000000000000000e+01 2.999999999999999889e-02 8.064000000000000000e+08 1.000000000000000000e+07 1.000000000000000000e+00 2.250000000000000056e-01 3.677297057855124649e-18 5.720386936668828639e+02
8.800000000000000000e+01 2.640000000000000124e+00 8.064000000000000000e+08 5.000000000000000000e+07 9.881223837605044302e-01 1.000000000000000000e+00 2.063487450411330064e-19 8.392715326599458194e+02
8.900000000000000000e+01 2.330000000000000071e+00 8.064000000000000000e+08 1.000000000000000000e+07 9.848811356849042076e-01 0.000000000000000000e+00 6.954561962694150695e-20 5.994109433630634385e+02
9.000000000000000000e+01 2.000000000000000042e-02 8.064000000000000000e+08 1.000000000000000000e+07 1.000000000000000000e+00 7.500000000000001110e-02 5.430417571168387200e-17 5.090153108722979596e+03
9.100000000000000000e+01 2.419999999999999929e+00 8.064000000000000000e+08 1.000000000000000000e+07 9.811596849687339583e-01 2.000000000000000111e-01 3.270220710695644727e-19 1.085328003751112647e+03
9.200000000000000000e+01 1.090000000000000080e+00 8.064000000000000000e+08 1.000000000000000000e+07 1.000000000000000000e+00 7.500000000000000000e-01 2.030785216522483191e-17 5.270165594365490506e+03
9.300000000000000000e+01 1.110000000000000098e+00 8.064000000000000000e+08 1.000000000000000000e+07 9.783772233983162314e-01 0.000000000000000000e+00 1.249149912262369556e-18 3.584321109815553427e+03
9.400000000000000000e+01 2.520000000000000018e+00 8.064000000000000000e+08 1.000000000000000000e+07 1.000000000000000000e+00 1.500000000000000000e+00 7.718472851736201303e-17 2.971715400549164769e+03
9.500000000000000000e+01 1.030000000000000027e+00 8.064000000000000000e+08 2.511900000000000000e+07 9.783772233983162314e-01 2.500000000000000139e-02 1.493119264000109596e-18 4.265155538749416337e+03
9.600000000000000000e+01 1.700000000000000122e-01 8.064000000000000000e+08 1.000000000000000000e+07 1.000000000000000000e+00 4.750000000000000333e-01 2.383896669898604899e-17 1.411313974898336028e+03
9.700000000000000000e+01 4.100000000000000311e-01 8.064000000000000000e+08 1.000000000000000000e+07 1.000000000000000000e+00 3.000000000000000444e-01 6.227851584375262410e-18 7.375646732458762926e+02
9.800000000000000000e+01 1.700000000000000122e-01 8.064000000000000000e+08 1.000000000000000000e+07 1.000000000000000000e+00 2.750000000000000222e-01 8.292228484862391338e-18 8.100106357063236828e+02
9.900000000000000000e+01 1.000000000000000021e-02 8.064000000000000000e+08 1.000000000000000000e+07 9.961961573539711567e-01 7.500000000000001110e-02 1.550672455392923391e-19 4.195308194186422043e+03
1.000000000000000000e+02 5.700000000000000622e-01 8.064000000000000000e+08 1.000000000000000000e+07 9.783772233983162314e-01 0.000000000000000000e+00 1.198579648312154582e-19 9.644901291147109532e+02
1.010000000000000000e+02 3.400000000000000244e-01 8.064000000000000000e+08 1.000000000000000000e+07 9.783772233983162314e-01 0.000000000000000000e+00 3.068454323106533049e-19 1.586424470413803647e+03
1.020000000000000000e+02 1.090000000000000080e+00 8.064000000000000000e+08 5.000000000000000000e+07 9.891070386914596613e-01 3.750000000000000000e-01 5.681142236468883762e-19 2.341816309009850556e+03
1.030000000000000000e+02 2.999999999999999889e-01 8.064000000000000000e+08 1.000000000000000000e+07 1.000000000000000000e+00 6.500000000000000222e-01 2.681321249541837894e-16 8.422756389210371708e+03
1.040000000000000000e+02 2.649999999999999911e+00 8.064000000000000000e+08 1.000000000000000000e+07 9.909453928203675321e-01 0.000000000000000000e+00 9.663374907630539672e-20 7.255283903782658399e+02
1.050000000000000000e+02 5.200000000000000178e-01 8.064000000000000000e+08 1.000000000000000000e+07 9.783772233983162314e-01 0.000000000000000000e+00 1.405692034858732756e-19 9.733649213892681473e+02
1.060000000000000000e+02 4.799999999999999822e-01 8.064000000000000000e+08 5.000000000000000000e+07 9.860116708098051186e-01 0.000000000000000000e+00 1.378020768417117084e-19 1.453002622796808964e+03
1.070000000000000000e+02 4.650000000000000355e+00 8.064000000000000000e+08 5.000000000000000000e+07 9.783772233983162314e-01 7.750000000000000222e-01 1.599280515518238613e-19 7.188059811853494239e+02
1.080000000000000000e+02 2.609999999999999876e+00 8.064000000000000000e+08 1.000000000000000000e+07 9.783772233983162314e-01 0.000000000000000000e+00 7.155569580319701781e-20 5.809935439866409297e+02
1.090000000000000000e+02 2.899999999999999800e-01 8.064000000000000000e+08 1.000000000000000000e+07 1.000000000000000000e+00 2.750000000000000222e-01 1.125113438790124863e-17 1.185960927854565625e+03
1.100000000000000000e+02 2.439999999999999947e+00 8.064000000000000000e+08 1.000000000000000000e+07 9.870913234723223129e-01 0.000000000000000000e+00 3.023153251711865357e-19 1.261115750345487641e+03
1.110000000000000000e+02 4.199999999999999845e-01 8.064000000000000000e+08 1.000000000000000000e+07 9.783772233983162314e-01 0.000000000000000000e+00 1.895320760956668724e-19 1.349193711325964841e+03
1.120000000000000000e+02 1.300000000000000044e-01 8.064000000000000000e+08 1.000000000000000000e+07 1.000000000000000000e+00 0.000000000000000000e+00 1.342002919609500448e-17 1.183268454268436926e+03
1.130000000000000000e+02 4.600000000000000200e-01 8.064000000000000000e+08 5.000000000000000000e+07 9.783772233983162314e-01 0.000000000000000000e+00 1.513453648463192207e-19 6.739105139176862167e+02
1.140000000000000000e+02 1.600000000000000033e-01 8.064000000000000000e+08 1.000000000000000000e+07 1.000000000000000000e+00 3.500000000000000333e-01 2.580048422435445662e-17 1.556193318897795734e+03
1.150000000000000000e+02 4.299999999999999933e-01 8.064000000000000000e+08 1.000000000000000000e+07 1.000000000000000000e+00 2.250000000000000056e-01 5.719762467618943101e-18 8.412392620129498937e+02
1.160000000000000000e+02 4.299999999999999933e-01 8.064000000000000000e+08 1.000000000000000000e+07 1.000000000000000000e+00 2.750000000000000222e-01 2.068304998197361955e-17 1.466256240009301109e+03
1.170000000000000000e+02 1.360000000000000098e+00 8.064000000000000000e+08 1.000000000000000000e+07 9.848811356849042076e-01 3.500000000000000333e-01 2.712662543622754885e-19 2.048757804675222360e+03
1.180000000000000000e+02 2.999999999999999889e-02 8.064000000000000000e+08 1.000000000000000000e+07 1.000000000000000000e+00 2.750000000000000222e-01 2.160389994876215558e-17 1.397050666767788471e+03
1.190000000000000000e+02 5.799999999999999600e-01 8.064000000000000000e+08 1.000000000000000000e+07 9.783772233983162314e-01 0.000000000000000000e+00 8.340604499220875301e-20 9.033956999288303678e+02
1.200000000000000000e+02 3.400000000000000244e-01 8.064000000000000000e+08 1.000000000000000000e+07 1.000000000000000000e+00 0.000000000000000000e+00 4.731896297733904167e-18 1.070346346437728698e+03
1.210000000000000000e+02 4.350000000000000533e+00 8.064000000000000000e+08 2.511900000000000000e+07 9.811596849687339583e-01 5.000000000000000000e-01 8.145331644734645407e-19 2.734273035092997816e+03
1.220000000000000000e+02 2.500000000000000000e+00 8.064000000000000000e+08 1.000000000000000000e+07 9.836973200810461559e-01 1.275000000000000133e+00 5.048962484475542937e-19 7.403810999937298902e+02
1.230000000000000000e+02 4.450000000000000178e+00 8.064000000000000000e+08 2.511900000000000000e+07 9.985184637850311740e-01 0.000000000000000000e+00 1.042832842062140129e-19 2.077855286017066646e+03
1.240000000000000000e+02 2.280000000000000249e+00 8.064000000000000000e+08 1.000000000000000000e+07 9.783772233983162314e-01 0.000000000000000000e+00 5.405415761728665073e-19 2.685091628766395388e+03
1.250000000000000000e+02 7.600000000000000089e-01 8.064000000000000000e+08 1.000000000000000000e+07 1.000000000000000000e+00 1.500000000000000222e-01 6.714718993400614762e-18 2.390860521351175066e+03
1.260000000000000000e+02 4.830000000000000071e+00 8.064000000000000000e+08 1.000000000000000000e+07 9.783772233983162314e-01 5.250000000000000222e-01 2.501291568334656197e-19 9.589536928667804432e+02
1.270000000000000000e+02 1.000000000000000021e-02 8.064000000000000000e+08 1.000000000000000000e+07 9.941510680753888884e-01 1.000000000000000056e-01 1.919288154205150354e-19 1.953686670185776848e+03
1.280000000000000000e+02 1.110000000000000098e+00 8.064000000000000000e+08 2.511900000000000000e+07 9.961961573539711567e-01 3.500000000000000333e-01 1.898750561552276715e-19 2.194705420860786489e+03
1.290000000000000000e+02 3.250000000000000000e+00 8.064000000000000000e+08 1.000000000000000000e+07 9.974107458820583583e-01 0.000000000000000000e+00 3.978062975871765345e-20 6.055810428636742699e+02
1.300000000000000000e+02 1.799999999999999933e-01 8.064000000000000000e+08 1.000000000000000000e+07 9.783772233983162314e-01 0.000000000000000000e+00 2.112727038293275528e-19 1.276514083963656958e+03
1.310000000000000000e+02 2.500000000000000000e-01 8.064000000000000000e+08 1.000000000000000000e+07 1.000000000000000000e+00 1.500000000000000000e+00 1.536799350427654329e-16 1.661294016770702001e+03
1.320000000000000000e+02 6.800000000000000488e-01 8.064000000000000000e+08 1.000000000000000000e+07 1.000000000000000000e+00 3.250000000000000111e-01 2.122984291606707312e-17 3.343551915798134360e+03
1.330000000000000000e+02 1.000000000000000021e-02 8.064000000000000000e+08 1.000000000000000000e+07 1.000000000000000000e+00 2.500000000000000000e-01 6.615316501016391642e-14 1.825187541516602784e+07
1.340000000000000000e+02 2.999999999999999889e-01 8.064000000000000000e+08 1.000000000000000000e+07 9.995287145194909906e-01 7.500000000000000000e-01 1.971089617144978812e-17 1.191752119633139484e+07
1.350000000000000000e+02 2.459999999999999964e+00 8.064000000000000000e+08 1.000000000000000000e+07 9.948643875156378824e-01 8.500000000000000888e-01 1.270434046975145623e-19 9.775873514126088821e+02
1.360000000000000000e+02 2.470000000000000195e+00 8.064000000000000000e+08 1.000000000000000000e+07 9.798004827959798657e-01 0.000000000000000000e+00 1.188196676349845527e-19 8.741640102568757129e+02
1.370000000000000000e+02 1.799999999999999933e-01 8.064000000000000000e+08 1.000000000000000000e+07 1.000000000000000000e+00 0.000000000000000000e+00 1.808694461534627655e-17 4.971592296055933730e+03
1.380000000000000000e+02 4.850000000000000533e+00 8.064000000000000000e+08 5.000000000000000000e+07 9.783772233983162314e-01 8.750000000000000000e-01 1.685548057151062130e-18 6.950728662174087367e+04
1.390000000000000000e+02 1.000000000000000021e-02 8.064000000000000000e+08 1.000000000000000000e+07 9.783772233983162314e-01 0.000000000000000000e+00 5.370251445546716881e-19 3.292945655226123108e+03
1.400000000000000000e+02 4.740000000000000213e+00 8.064000000000000000e+08 1.000000000000000000e+07 9.995287145194909906e-01 1.050000000000000044e+00 2.215741403860264470e-19 1.159238535270963439e+03
1.410000000000000000e+02 2.669999999999999929e+00 8.064000000000000000e+08 1.000000000000000000e+07 9.961961573539711567e-01 0.000000000000000000e+00 7.594266114832638612e-20 1.073497776799958956e+03
1.420000000000000000e+02 4.270000000000000462e+00 8.064000000000000000e+08 5.000000000000000000e+07 9.783772233983162314e-01 9.750000000000000888e-01 3.943674001003835553e-19 2.458324333717430363e+03
1.430000000000000000e+02 4.230000000000000426e+00 8.064000000000000000e+08 1.000000000000000000e+07 9.968174326144358943e-01 3.750000000000000000e-01 1.161491291076296425e-19 7.217735086555052249e+02
1.440000000000000000e+02 5.799999999999999600e-01 8.064000000000000000e+08 1.000000000000000000e+07 1.000000000000000000e+00 1.750000000000000167e-01 3.655652578575544149e-18 7.092099272790404711e+02
1.450000000000000000e+02 1.100000000000000006e-01 8.064000000000000000e+08 1.000000000000000000e+07 1.000000000000000000e+00 4.000000000000000222e-01 1.345819484322765861e-16 1.494409949197570677e+04
1.460000000000000000e+02 4.549999999999999822e+00 8.064000000000000000e+08 1.000000000000000000e+07 9.783772233983162314e-01 4.750000000000000333e-01 3.197408063440454261e-19 1.337518487703543542e+03
1.470000000000000000e+02 4.290000000000000036e+00 8.064000000000000000e+08 5.000000000000000000e+07 9.783772233983162314e-01 1.475000000000000089e+00 7.858565880529794787e-19 1.058894609689392155e+03
1.480000000000000000e+02 4.299999999999999933e-01 8.064000000000000000e+08 1.000000000000000000e+07 9.783772233983162314e-01 9.500000000000000666e-01 4.718249903411796528e-19 1.415303792979052787e+03
1.490000000000000000e+02 1.300000000000000044e-01 8.064000000000000000e+08 2.511900000000000000e+07 9.783772233983162314e-01 9.000000000000000222e-01 1.160499572805454331e-18 1.633358916576737329e+03
1.500000000000000000e+02 2.430000000000000160e+00 8.064000000000000000e+08 2.511900000000000000e+07 9.783772233983162314e-01 1.750000000000000167e-01 1.248463137500333753e-19 7.080149688221089264e+02
1.510000000000000000e+02 5.799999999999999600e-01 8.064000000000000000e+08 1.000000000000000000e+07 9.783772233983162314e-01 3.750000000000000000e-01 6.481338540665347408e-20 6.520857281895303004e+02
1.520000000000000000e+02 3.300000000000000155e-01 8.064000000000000000e+08 1.000000000000000000e+07 9.783772233983162314e-01 0.000000000000000000e+00 5.738918269564632422e-19 2.496758447146185063e+03
1.530000000000000000e+02 2.609999999999999876e+00 8.064000000000000000e+08 1.000000000000000000e+07 9.783772233983162314e-01 2.500000000000000139e-02 1.337505572546539156e-19 6.242353206273019168e+02
1.540000000000000000e+02 1.499999999999999944e-01 8.064000000000000000e+08 1.000000000000000000e+07 1.000000000000000000e+00 1.000000000000000056e-01 9.350880550193382401e-18 1.080931946326790694e+03
1.550000000000000000e+02 2.999999999999999889e-02 8.064000000000000000e+08 1.000000000000000000e+07 9.783772233983162314e-01 0.000000000000000000e+00 1.969452699483117368e-19 1.079733927850355940e+03
1.560000000000000000e+02 4.830000000000000071e+00 8.064000000000000000e+08 5.000000000000000000e+07 9.995287145194909906e-01 9.000000000000000222e-01 1.119828165947662378e-19 6.343952634034745870e+02
1.570000000000000000e+02 5.799999999999999600e-01 8.064000000000000000e+08 1.000000000000000000e+07 9.783772233983162314e-01 0.000000000000000000e+00 1.739841554606768531e-19 1.248827175597203450e+03
1.580000000000000000e+02 2.470000000000000195e+00 8.064000000000000000e+08 2.511900000000000000e+07 9.948643875156378824e-01 3.750000000000000000e-01 8.675686299245727905e-20 8.691618493750534071e+02
1.590000000000000000e+02 2.620000000000000107e+00 8.064000000000000000e+08 1.000000000000000000e+07 9.881223837605044302e-01 0.000000000000000000e+00 1.240909965222639831e-19 8.921150442344314797e+02
1.600000000000000000e+02 3.680000000000000160e+00 8.064000000000000000e+08 1.000000000000000000e+07 9.783772233983162314e-01 1.500000000000000000e+00 4.563190351278504409e-19 9.122032157377738031e+02
1.610000000000000000e+02 3.490000000000000213e+00 8.064000000000000000e+08 5.000000000000000000e+07 9.955456022925407433e-01 9.000000000000000222e-01 4.547512404002904898e-19 1.209694187635045864e+03
1.620000000000000000e+02 2.000000000000000111e-01 8.064000000000000000e+08 1.000000000000000000e+07 9.783772233983162314e-01 0.000000000000000000e+00 3.547019079244496309e-19 1.679247699258374269e+03
1.630000000000000000e+02 2.899999999999999800e-01 8.064000000000000000e+08 1.000000000000000000e+07 1.000000000000000000e+00 1.250000000000000000e-01 7.707839702282941075e-18 1.113481067281990590e+03
1.640000000000000000e+02 4.360000000000000320e+00 8.064000000000000000e+08 5.000000000000000000e+07 9.783772233983162314e-01 2.000000000000000111e-01 7.606952996263255326e-19 6.188965109927794401e+03
1.650000000000000000e+02 4.719999999999999751e+00 8.064000000000000000e+08 5.000000000000000000e+07 9.995287145194909906e-01 5.000000000000000000e-01 6.065927776342391137e-20 5.471563329091559353e+02
1.660000000000000000e+02 2.999999999999999889e-02 8.064000000000000000e+08 1.000000000000000000e+07 1.000000000000000000e+00 1.500000000000000000e+00 1.223192637148633150e-16 2.161538789270156940e+03
1.670000000000000000e+02 2.700000000000000178e+00 8.064000000000000000e+08 1.000000000000000000e+07 9.955456022925407433e-01 1.250000000000000000e+00 2.527167194880945531e-18 7.967756424007075111e+03
1.680000000000000000e+02 2.000000000000000042e-02 8.064000000000000000e+08 1.000000000000000000e+07 9.881223837605044302e-01 0.000000000000000000e+00 1.519286069731598459e-19 7.476122368297087633e+02
1.690000000000000000e+02 6.600000000000000311e-01 8.064000000000000000e+08 1.000000000000000000e+07 9.783772233983162314e-01 0.000000000000000000e+00 7.987972966401568774e-20 9.710007874069807485e+02
1.700000000000000000e+02 1.400000000000000133e-01 8.064000000000000000e+08 2.511900000000000000e+07 9.995287145194909906e-01 5.250000000000000222e-01 2.263981536186943577e-20 5.997969793526150170e+03
1.710000000000000000e+02 3.339999999999999858e+00 8.064000000000000000e+08 5.000000000000000000e+07 9.811596849687339583e-01 0.000000000000000000e+00 8.430171720970124471e-20 1.674590246925953807e+03
1.720000000000000000e+02 3.629999999999999893e+00 8.064000000000000000e+08 5.000000000000000000e+07 9.783772233983162314e-01 3.250000000000000111e-01 1.898623649869878283e-19 6.124373536715268074e+02
1.730000000000000000e+02 7.000000000000000666e-02 8.064000000000000000e+08 1.000000000000000000e+07 1.000000000000000000e+00 1.050000000000000044e+00 1.264075065019675200e-16 4.151717741014178500e+03
1.740000000000000000e+02 2.700000000000000178e-01 8.064000000000000000e+08 2.511900000000000000e+07 9.798004827959798657e-01 1.025000000000000133e+00 2.042621868012445484e-18 5.785110847560288676e+03
1.750000000000000000e+02 1.489999999999999991e+00 8.064000000000000000e+08 1.000000000000000000e+07 9.783772233983162314e-01 6.500000000000000222e-01 5.862907932622113351e-19 1.779422213687459134e+03
1.760000000000000000e+02 2.419999999999999929e+00 8.064000000000000000e+08 1.000000000000000000e+07 9.881223837605044302e-01 0.000000000000000000e+00 3.413616956760641523e-19 1.496085052762421810e+03
1.770000000000000000e+02 1.000000000000000021e-02 8.064000000000000000e+08 1.000000000000000000e+07 9.783772233983162314e-01 0.000000000000000000e+00 3.935508417825097293e-19 1.701187771261506668e+03
1.780000000000000000e+02 5.000000000000000278e-02 8.064000000000000000e+08 1.000000000000000000e+07 9.783772233983162314e-01 0.000000000000000000e+00 2.728635426967482506e-19 1.367333708198082604e+03
1.790000000000000000e+02 5.899999999999999689e-01 8.064000000000000000e+08 1.000000000000000000e+07 9.783772233983162314e-01 0.000000000000000000e+00 1.305670005460438777e-19 1.348969122439771581e+03
1.800000000000000000e+02 3.390000000000000124e+00 8.064000000000000000e+08 1.000000000000000000e+07 9.783772233983162314e-01 6.500000000000000222e-01 6.968407753624862758e-19 1.102762041619137563e+03
1.810000000000000000e+02 3.900000000000000133e-01 8.064000000000000000e+08 1.000000000000000000e+07 1.000000000000000000e+00 1.500000000000000222e-01 4.449640905063323155e-18 2.274978603795226263e+03
1.820000000000000000e+02 4.280000000000000249e+00 8.064000000000000000e+08 1.000000000000000000e+07 9.783772233983162314e-01 0.000000000000000000e+00 4.255452387902997690e-20 6.149633173311161727e+02
1.830000000000000000e+02 2.589999999999999858e+00 8.064000000000000000e+08 5.000000000000000000e+07 9.811596849687339583e-01 3.750000000000000000e-01 1.346071185515640483e-19 7.053014903995856457e+02
1.840000000000000000e+02 4.660000000000000142e+00 8.064000000000000000e+08 1.000000000000000000e+07 9.783772233983162314e-01 6.000000000000000888e-01 1.058158364754516444e-18 3.314097102162833380e+03
1.850000000000000000e+02 3.580000000000000071e+00 8.064000000000000000e+08 5.000000000000000000e+07 9.985184637850311740e-01 0.000000000000000000e+00 2.259963745651715576e-19 1.242137962728337698e+04
1.860000000000000000e+02 2.709999999999999964e+00 8.064000000000000000e+08 1.000000000000000000e+07 9.934041309256244068e-01 0.000000000000000000e+00 3.560065598342916035e-20 5.980378527749186333e+02
1.870000000000000000e+02 1.000000000000000021e-02 8.064000000000000000e+08 1.000000000000000000e+07 9.783772233983162314e-01 0.000000000000000000e+00 7.453211586128417106e-19 2.281822784283401234e+03
1.880000000000000000e+02 1.000000000000000021e-02 8.064000000000000000e+08 1.000000000000000000e+07 9.783772233983162314e-01 0.000000000000000000e+00 4.888743726384910943e-19 1.603603917199941634e+03
1.890000000000000000e+02 2.649999999999999911e+00 8.064000000000000000e+08 1.000000000000000000e+07 9.870913234723223129e-01 1.750000000000000167e-01 1.810799547396893678e-19 1.911243967493891432e+03
1.900000000000000000e+02 2.490000000000000213e+00 8.064000000000000000e+08 1.000000000000000000e+07 9.955456022925407433e-01 0.000000000000000000e+00 2.748533021432406413e-20 1.196417390772875706e+03
1.910000000000000000e+02 5.000000000000000278e-02 8.064000000000000000e+08 5.000000000000000000e+07 9.783772233983162314e-01 1.750000000000000167e-01 3.832653052057201206e-19 1.418024284004460242e+03
1.920000000000000000e+02 5.999999999999999778e-02 8.064000000000000000e+08 1.000000000000000000e+07 1.000000000000000000e+00 1.750000000000000167e-01 2.897459851227095155e-17 2.187364706231239779e+03
1.930000000000000000e+02 1.400000000000000133e-01 8.064000000000000000e+08 1.000000000000000000e+07 9.783772233983162314e-01 0.000000000000000000e+00 4.381518304701882851e-19 1.829087759970903562e+03
1.940000000000000000e+02 4.270000000000000462e+00 8.064000000000000000e+08 5.000000000000000000e+07 9.783772233983162314e-01 6.750000000000000444e-01 2.466079341695138328e-19 2.362917976586743862e+03
1.950000000000000000e+02 4.820000000000000284e+00 8.064000000000000000e+08 2.511900000000000000e+07 9.783772233983162314e-01 2.500000000000000000e-01 1.725125378627900436e-19 3.398659756367428145e+03
1.960000000000000000e+02 5.000000000000000278e-02 8.064000000000000000e+08 1.000000000000000000e+07 9.990352180385682068e-01 6.750000000000000444e-01 8.064595402843525470e-20 1.731770981242014386e+03
1.970000000000000000e+02 4.860000000000000320e+00 8.064000000000000000e+08 1.000000000000000000e+07 9.961961573539711567e-01 7.500000000000001110e-02 1.523374239541730641e-19 1.267568885416036437e+03
1.980000000000000000e+02 4.940000000000000391e+00 8.064000000000000000e+08 5.000000000000000000e+07 9.783772233983162314e-01 5.750000000000000666e-01 6.825995154349131245e-20 6.423981578236823680e+02
1.990000000000000000e+02 3.580000000000000071e+00 8.064000000000000000e+08 5.000000000000000000e+07 9.860116708098051186e-01 4.250000000000000444e-01 2.376930254266023426e-19 1.415487256863151970e+03
2.000000000000000000e+02 4.500000000000000111e-01 8.064000000000000000e+08 1.000000000000000000e+07 1.000000000000000000e+00 1.500000000000000000e+00 1.218936987424327229e-16 2.172962276171205303e+03
2.010000000000000000e+02 4.500000000000000111e-01 8.064000000000000000e+08 1.000000000000000000e+07 9.783772233983162314e-01 2.250000000000000056e-01 1.415546388221051793e-19 9.727613599555007795e+02
2.020000000000000000e+02 4.000000000000000083e-02 8.064000000000000000e+08 1.000000000000000000e+07 1.000000000000000000e+00 1.000000000000000056e-01 2.262964393656959149e-17 2.024803643963231480e+03
2.030000000000000000e+02 5.899999999999999689e-01 8.064000000000000000e+08 1.000000000000000000e+07 9.783772233983162314e-01 0.000000000000000000e+00 2.699773066230152990e-19 1.841322095035037592e+03
2.040000000000000000e+02 2.459999999999999964e+00 8.064000000000000000e+08 1.000000000000000000e+07 9.836973200810461559e-01 0.000000000000000000e+00 2.466438425274548909e-19 1.100774667391318189e+03
2.050000000000000000e+02 4.099999999999999645e+00 8.064000000000000000e+08 1.000000000000000000e+07 9.934041309256244068e-01 6.750000000000000444e-01 1.527809326355360971e-18 3.702786870273117074e+03
2.060000000000000000e+02 1.499999999999999944e-01 8.064000000000000000e+08 1.000000000000000000e+07 9.891070386914596613e-01 0.000000000000000000e+00 1.058152492449996069e-19 1.330599714532933604e+03
2.070000000000000000e+02 5.999999999999999778e-02 8.064000000000000000e+08 1.000000000000000000e+07 9.783772233983162314e-01 0.000000000000000000e+00 1.385174174383487374e-19 9.923759892854922100e+02
2.080000000000000000e+02 4.030000000000000249e+00 8.064000000000000000e+08 1.000000000000000000e+07 9.783772233983162314e-01 2.500000000000000000e-01 1.446994323703774346e-19 1.033956862189547792e+03
2.090000000000000000e+02 2.870000000000000107e+00 8.064000000000000000e+08 5.000000000000000000e+07 9.811596849687339583e-01 1.500000000000000000e+00 2.878608977293636162e-18 2.122670059545809181e+03
2.100000000000000000e+02 3.280000000000000249e+00 8.064000000000000000e+08 1.000000000000000000e+07 9.783772233983162314e-01 0.000000000000000000e+00 7.783573339696100578e-15 3.967183900365144014e+08
2.110000000000000000e+02 1.000000000000000021e-02 8.064000000000000000e+08 1.000000000000000000e+07 9.783772233983162314e-01 0.000000000000000000e+00 1.405381591965345262e-15 3.894954176490131766e+07
2.120000000000000000e+02 4.860000000000000320e+00 8.064000000000000000e+08 1.000000000000000000e+07 9.979773556538258372e-01 8.250000000000000666e-01 6.197623193941154257e-19 1.288855683417555156e+03
2.130000000000000000e+02 6.300000000000000044e-01 8.064000000000000000e+08 1.000000000000000000e+07 9.783772233983162314e-01 0.000000000000000000e+00 2.205045269056120359e-19 1.554849989588979770e+04
2.140000000000000000e+02 4.600000000000000200e-01 8.064000000000000000e+08 1.000000000000000000e+07 9.783772233983162314e-01 0.000000000000000000e+00 1.609559512563848213e-19 1.247758792916671609e+03
2.150000000000000000e+02 7.000000000000000666e-02 8.064000000000000000e+08 1.000000000000000000e+07 1.000000000000000000e+00 2.000000000000000111e-01 9.879116547193729994e-16 3.071427852617831013e+04
2.160000000000000000e+02 2.000000000000000042e-02 8.064000000000000000e+08 1.000000000000000000e+07 1.000000000000000000e+00 2.000000000000000111e-01 9.547747017590319969e-18 8.843721525413707241e+02
2.170000000000000000e+02 3.099999999999999978e-01 8.064000000000000000e+08 1.000000000000000000e+07 9.783772233983162314e-01 1.450000000000000178e+00 2.997918661372058684e-18 4.106352036416786177e+03
2.180000000000000000e+02 5.000000000000000278e-02 8.064000000000000000e+08 1.000000000000000000e+07 9.783772233983162314e-01 0.000000000000000000e+00 8.874062922951428054e-19 2.488475086592312437e+03
2.190000000000000000e+02 2.250000000000000000e+00 8.064000000000000000e+08 1.000000000000000000e+07 9.783772233983162314e-01 0.000000000000000000e+00 7.166429609144477857e-19 3.460645735511582188e+03
2.200000000000000000e+02 3.250000000000000000e+00 8.064000000000000000e+08 5.000000000000000000e+07 9.811596849687339583e-01 1.500000000000000000e+00 6.333701316632422318e-18 2.181066220534637068e+03
2.210000000000000000e+02 4.820000000000000284e+00 8.064000000000000000e+08 1.000000000000000000e+07 9.985184637850311740e-01 0.000000000000000000e+00 1.668842464184082025e-20 5.912611820833679985e+02
2.220000000000000000e+02 2.000000000000000042e-02 8.064000000000000000e+08 1.000000000000000000e+07 9.918029914139001590e-01 0.000000000000000000e+00 1.623051479928622607e-19 1.498235575347360736e+03
2.230000000000000000e+02 4.199999999999999845e-01 8.064000000000000000e+08 1.000000000000000000e+07 1.000000000000000000e+00 2.000000000000000111e-01 1.137643419884903366e-17 1.356091567963337866e+03
2.240000000000000000e+02 4.899999999999999911e-01 8.064000000000000000e+08 1.000000000000000000e+07 1.000000000000000000e+00 2.500000000000000000e-01 5.150311757585581517e-17 4.809633601796175753e+03
2.250000000000000000e+02 1.100000000000000006e-01 8.064000000000000000e+08 1.000000000000000000e+07 1.000000000000000000e+00 1.050000000000000044e+00 2.297540369947406041e-16 8.496269997866420454e+03
2.260000000000000000e+02 3.820000000000000284e+00 8.064000000000000000e+08 1.000000000000000000e+07 9.934041309256244068e-01 1.200000000000000178e+00 2.513525783459170039e-18 5.018239309947194670e+03
2.270000000000000000e+02 4.899999999999999911e-01 8.064000000000000000e+08 1.000000000000000000e+07 9.783772233983162314e-01 0.000000000000000000e+00 1.547533139846644920e-19 6.821072119059523402e+02
2.280000000000000000e+02 1.150000000000000133e+00 8.064000000000000000e+08 1.000000000000000000e+07 9.783772233983162314e-01 5.250000000000000222e-01 2.196881201942149671e-18 3.185411601590085411e+03
2.290000000000000000e+02 2.000000000000000042e-02 8.064000000000000000e+08 1.000000000000000000e+07 1.000000000000000000e+00 0.000000000000000000e+00 3.250371628150095930e-18 7.372577564606366423e+02
2.300000000000000000e+02 4.400000000000000022e-01 8.064000000000000000e+08 1.000000000000000000e+07 1.000000000000000000e+00 7.500000000000001110e-02 6.388908677737909708e-18 1.213454000860587712e+03
2.310000000000000000e+02 4.600000000000000200e-01 8.064000000000000000e+08 1.000000000000000000e+07 9.783772233983162314e-01 1.250000000000000000e-01 3.165119709401504337e-19 1.510462768033892871e+03
2.320000000000000000e+02 4.259999999999999787e+00 8.064000000000000000e+08 1.000000000000000000e+07 9.974107458820583583e-01 6.250000000000000000e-01 1.379095147122155465e-19 5.951173408698969070e+02
2.330000000000000000e+02 5.799999999999999600e-01 8.064000000000000000e+08 1.000000000000000000e+07 1.000000000000000000e+00 1.750000000000000167e-01 7.423197368809543700e-18 1.006984849193773925e+03
2.340000000000000000e+02 4.700000000000000289e-01 8.064000000000000000e+08 1.000000000000000000e+07 9.783772233983162314e-01 0.000000000000000000e+00 2.645464372732702596e-19 1.563608757344479272e+03
2.350000000000000000e+02 4.469999999999999751e+00 8.064000000000000000e+08 1.000000000000000000e+07 9.783772233983162314e-01 6.000000000000000888e-01 4.054100629381666119e-19 9.880044172310093700e+02
2.360000000000000000e+02 9.500000000000000666e-01 8.064000000000000000e+08 1.000000000000000000e+07 9.783772233983162314e-01 0.000000000000000000e+00 3.104886489951336686e-20 7.167955478130588745e+02
2.370000000000000000e+02 3.770000000000000018e+00 8.064000000000000000e+08 1.000000000000000000e+07 9.848811356849042076e-01 1.425000000000000044e+00 2.639948635665353657e-18 3.296546370730548915e+03
2.380000000000000000e+02 7.000000000000000666e-01 8.064000000000000000e+08 1.000000000000000000e+07 1.000000000000000000e+00 4.000000000000000222e-01 3.420114653715784944e-18 7.166341646652039117e+02
2.390000000000000000e+02 4.700000000000000289e-01 8.064000000000000000e+08 1.000000000000000000e+07 1.000000000000000000e+00 5.750000000000000666e-01 5.562751301734552503e-18 9.513909902872624116e+02
2.400000000000000000e+02 6.300000000000000044e-01 8.064000000000000000e+08 1.000000000000000000e+07 1.000000000000000000e+00 1.500000000000000000e+00 3.173780402593489186e-17 1.002292397738378099e+03
2.410000000000000000e+02 7.900000000000000355e-01 8.064000000000000000e+08 1.000000000000000000e+07 1.000000000000000000e+00 0.000000000000000000e+00 4.576437255690021820e-18 9.764764870022900141e+02
2.420000000000000000e+02 4.700000000000000289e-01 8.064000000000000000e+08 1.000000000000000000e+07 1.000000000000000000e+00 2.000000000000000111e-01 6.753583146073944515e-18 1.017242832257993541e+03
2.430000000000000000e+02 3.959999999999999964e+00 8.064000000000000000e+08 1.000000000000000000e+07 9.783772233983162314e-01 0.000000000000000000e+00 -6.741987019948041474e-18 9.420240320083949566e+08
2.440000000000000000e+02 3.959999999999999964e+00 8.064000000000000000e+08 1.000000000000000000e+07 9.783772233983162314e-01 0.000000000000000000e+00 -3.853900061420790932e-18 7.217072772325773239e+08
2.450000000000000000e+02 2.430000000000000160e+00 8.064000000000000000e+08 1.000000000000000000e+07 9.783772233983162314e-01 1.500000000000000222e-01 4.410135183567413213e-19 1.295175126065124687e+03
2.460000000000000000e+02 3.810000000000000053e+00 8.064000000000000000e+08 1.000000000000000000e+07 9.783772233983162314e-01 0.000000000000000000e+00 -2.592796587364012913e-18 2.136759293703147769e+08
2.470000000000000000e+02 4.950000000000000178e+00 8.064000000000000000e+08 1.000000000000000000e+07 9.918029914139001590e-01 1.450000000000000178e+00 7.159849016949796080e-19 1.010860262177418122e+03
2.480000000000000000e+02 4.060000000000000497e+00 8.064000000000000000e+08 1.000000000000000000e+07 9.783772233983162314e-01 0.000000000000000000e+00 -1.623760706903043931e-18 1.709231450071336627e+08
2.490000000000000000e+02 5.999999999999999778e-02 8.064000000000000000e+08 5.000000000000000000e+07 9.783772233983162314e-01 3.500000000000000333e-01 9.716764221915511679e-19 2.121972639549577707e+03
2.500000000000000000e+02 3.439999999999999947e+00 8.064000000000000000e+08 5.000000000000000000e+07 9.783772233983162314e-01 9.000000000000000222e-01 4.115712904286365540e-19 1.274621859606696262e+03
2.510000000000000000e+02 2.000000000000000042e-02 8.064000000000000000e+08 1.000000000000000000e+07 1.000000000000000000e+00 2.750000000000000222e-01 3.621462228412769605e-17 2.023264831536101610e+03
2.520000000000000000e+02 7.199999999999999734e-01 8.064000000000000000e+08 5.000000000000000000e+07 9.900473768503111893e-01 0.000000000000000000e+00 2.250212829914339438e-20 6.413695683527267875e+02
2.530000000000000000e+02 4.600000000000000200e-01 8.064000000000000000e+08 1.000000000000000000e+07 9.783772233983162314e-01 1.250000000000000000e-01 2.662007292950905553e-19 1.263953756846442502e+03
2.540000000000000000e+02 4.259999999999999787e+00 8.064000000000000000e+08 5.000000000000000000e+07 9.961961573539711567e-01 1.500000000000000000e+00 4.171134403319897697e-19 1.431395519944550642e+03
2.550000000000000000e+02 6.099999999999999867e-01 8.064000000000000000e+08 5.000000000000000000e+07 9.900473768503111893e-01 1.000000000000000056e-01 3.970325583644232853e-20 8.084818711488827603e+02
2.560000000000000000e+02 4.400000000000000355e+00 8.064000000000000000e+08 1.000000000000000000e+07 9.783772233983162314e-01 1.500000000000000000e+00 6.714094006720933140e-19 6.645760020690973988e+02
2.570000000000000000e+02 4.160000000000000142e+00 8.064000000000000000e+08 5.000000000000000000e+07 9.783772233983162314e-01 1.500000000000000000e+00 7.807847367585642483e-19 1.043982524100109003e+03
2.580000000000000000e+02 2.899999999999999800e-01 8.064000000000000000e+08 1.000000000000000000e+07 1.000000000000000000e+00 6.750000000000000444e-01 1.854958241911046351e-17 1.215576266358253633e+03
2.590000000000000000e+02 1.100000000000000006e-01 8.064000000000000000e+08 1.000000000000000000e+07 1.000000000000000000e+00 1.250000000000000000e-01 3.387097266361960617e-17 1.842161147979681800e+03
2.600000000000000000e+02 4.400000000000000022e-01 8.064000000000000000e+08 1.000000000000000000e+07 9.783772233983162314e-01 0.000000000000000000e+00 1.877734018745284193e-19 1.557869911980968482e+03
2.610000000000000000e+02 4.490000000000000213e+00 8.064000000000000000e+08 1.000000000000000000e+07 9.985184637850311740e-01 1.275000000000000133e+00 1.756776965601134576e-18 4.049147484071818326e+03
2.620000000000000000e+02 4.509999999999999787e+00 8.064000000000000000e+08 5.000000000000000000e+07 9.783772233983162314e-01 0.000000000000000000e+00 -4.214411599014770014e-19 4.776927396605408192e+07
2.630000000000000000e+02 4.179999999999999716e+00 8.064000000000000000e+08 1.000000000000000000e+07 9.783772233983162314e-01 0.000000000000000000e+00 -2.442455811348904418e-18 2.346103076059816182e+08
2.640000000000000000e+02 4.139999999999999680e+00 8.064000000000000000e+08 1.000000000000000000e+07 9.783772233983162314e-01 0.000000000000000000e+00 -4.694708796728913844e-18 1.113776082517889261e+09
2.650000000000000000e+02 4.139999999999999680e+00 8.064000000000000000e+08 1.000000000000000000e+07 9.783772233983162314e-01 0.000000000000000000e+00 -6.001712314203789008e-18 1.057907796431566000e+09
2.660000000000000000e+02 4.600000000000000200e-01 8.064000000000000000e+08 1.000000000000000000e+07 9.891070386914596613e-01 4.000000000000000222e-01 1.183258408382393130e-19 1.127829215310608333e+03
2.670000000000000000e+02 4.150000000000000355e+00 8.064000000000000000e+08 1.000000000000000000e+07 9.783772233983162314e-01 0.000000000000000000e+00 -7.087361780953543490e-19 1.507018816931476817e+07
2.680000000000000000e+02 1.900000000000000022e-01 8.064000000000000000e+08 1.000000000000000000e+07 1.000000000000000000e+00 2.250000000000000056e-01 6.935041962733619125e-14 4.607345361836498976e+07
2.690000000000000000e+02 2.999999999999999889e-01 8.064000000000000000e+08 1.000000000000000000e+07 1.000000000000000000e+00 1.250000000000000000e-01 4.443997712765895162e-14 4.063033014365527034e+07
2.700000000000000000e+02 1.300000000000000044e-01 8.064000000000000000e+08 1.000000000000000000e+07 1.000000000000000000e+00 3.750000000000000000e-01 1.232122871701973756e-17 1.232527648533480942e+03
2.710000000000000000e+02 5.999999999999999778e-02 8.064000000000000000e+08 1.000000000000000000e+07 9.783772233983162314e-01 0.000000000000000000e+00 8.293294805911061231e-20 6.849063371715623134e+02
2.720000000000000000e+02 1.090000000000000080e+00 8.064000000000000000e+08 1.000000000000000000e+07 1.000000000000000000e+00 2.250000000000000056e-01 5.909996183200507978e-17 2.688285712589875857e+03
2.730000000000000000e+02 2.600000000000000089e-01 8.064000000000000000e+08 5.000000000000000000e+07 9.974107458820583583e-01 9.250000000000000444e-01 4.469273199617501379e-20 1.185021096945414229e+03
2.740000000000000000e+02 4.299999999999999933e-01 8.064000000000000000e+08 1.000000000000000000e+07 1.000000000000000000e+00 0.000000000000000000e+00 5.641378185614828551e-18 1.102653124568397061e+03
2.750000000000000000e+02 2.780000000000000249e+00 8.064000000000000000e+08 5.000000000000000000e+07 9.848811356849042076e-01 1.500000000000000000e+00 1.121551388968948919e-18 1.661332208513520982e+03
2.760000000000000000e+02 1.799999999999999933e-01 8.064000000000000000e+08 1.000000000000000000e+07 1.000000000000000000e+00 9.500000000000000666e-01 3.652806236020431000e-17 1.613000798629828523e+03
2.770000000000000000e+02 4.230000000000000426e+00 8.064000000000000000e+08 5.000000000000000000e+07 9.783772233983162314e-01 4.750000000000000333e-01 1.329648159743185889e-19 5.669740390255600460e+02
2.780000000000000000e+02 4.709999999999999964e+00 8.064000000000000000e+08 1.000000000000000000e+07 9.783772233983162314e-01 5.750000000000000666e-01 4.306413194056066573e-19 1.180881288054641118e+03
2.790000000000000000e+02 6.700000000000000400e-01 8.064000000000000000e+08 1.000000000000000000e+07 9.783772233983162314e-01 0.000000000000000000e+00 8.416931689968560371e-20 8.281444387037166734e+02
2.800000000000000000e+02 4.500000000000000111e-01 8.064000000000000000e+08 1.000000000000000000e+07 1.000000000000000000e+00 0.000000000000000000e+00 3.993716852574234284e-18 7.431238116056680383e+02
2.810000000000000000e+02 4.700000000000000178e+00 8.064000000000000000e+08 5.000000000000000000e+07 9.979773556538258372e-01 9.250000000000000444e-01 3.330901451975486101e-19 8.253150916143393943e+02
2.820000000000000000e+02 1.900000000000000022e-01 8.064000000000000000e+08 1.000000000000000000e+07 1.000000000000000000e+00 2.500000000000000139e-02 8.363078060407327118e-18 1.361919053844888595e+03
2.830000000000000000e+02 2.999999999999999889e-02 8.064000000000000000e+08 2.511900000000000000e+07 9.783772233983162314e-01 3.250000000000000111e-01 2.264480430560286120e-19 8.571967001935901180e+02
2.840000000000000000e+02 4.600000000000000200e-01 8.064000000000000000e+08 1.000000000000000000e+07 9.783772233983162314e-01 0.000000000000000000e+00 1.493839013317189100e-19 1.048809915921519178e+03
2.850000000000000000e+02 3.900000000000000133e-01 8.064000000000000000e+08 1.000000000000000000e+07 1.000000000000000000e+00 2.750000000000000222e-01 1.021983640137133876e-17 1.492261928952573953e+03
2.860000000000000000e+02 4.500000000000000000e+00 8.064000000000000000e+08 1.000000000000000000e+07 9.783772233983162314e-01 6.750000000000000444e-01 4.829056212985196063e-19 1.133890197624618168e+03
2.870000000000000000e+02 3.060000000000000053e+00 8.064000000000000000e+08 5.000000000000000000e+07 9.909453928203675321e-01 1.500000000000000000e+00 7.187647316750868182e-18 4.128671046994870267e+03
2.880000000000000000e+02 1.050000000000000044e+00 8.064000000000000000e+08 1.000000000000000000e+07 1.000000000000000000e+00 2.000000000000000111e-01 5.653136259708060502e-17 2.096643879260452650e+03
2.890000000000000000e+02 2.350000000000000089e+00 8.064000000000000000e+08 1.000000000000000000e+07 9.783772233983162314e-01 2.750000000000000222e-01 2.037796532136666619e-18 2.499136897376602974e+03
2.900000000000000000e+02 1.370000000000000107e+00 8.064000000000000000e+08 1.000000000000000000e+07 9.783772233983162314e-01 1.500000000000000000e+00 5.628804615783105477e-18 2.798839391868419170e+03
2.910000000000000000e+02 3.390000000000000124e+00 8.064000000000000000e+08 5.000000000000000000e+07 9.909453928203675321e-01 1.175000000000000044e+00 4.838367038712803241e-19 9.906521088458355280e+02
2.920000000000000000e+02 1.290000000000000036e+00 8.064000000000000000e+08 1.000000000000000000e+07 9.783772233983162314e-01 8.000000000000000444e-01 1.749680887171976930e-18 1.728815244570182131e+03
2.930000000000000000e+02 1.000000000000000056e-01 8.064000000000000000e+08 1.000000000000000000e+07 1.000000000000000000e+00 0.000000000000000000e+00 7.987755929619831347e-18 1.081439846819988134e+03
2.940000000000000000e+02 1.189999999999999947e+00 8.064000000000000000e+08 1.000000000000000000e+07 9.783772233983162314e-01 4.750000000000000333e-01 1.569085655904964562e-18 2.170502765534479295e+03
2.950000000000000000e+02 2.950000000000000178e+00 8.064000000000000000e+08 5.000000000000000000e+07 9.811596849687339583e-01 1.500000000000000000e+00 6.438358447349483965e-18 1.872105110966418579e+03
2.960000000000000000e+02 2.379999999999999893e+00 8.064000000000000000e+08 1.000000000000000000e+07 9.783772233983162314e-01 3.500000000000000333e-01 5.437770383041720178e-19 1.433710107595093177e+03
2.970000000000000000e+02 4.910000000000000142e+00 8.064000000000000000e+08 1.000000000000000000e+07 9.783772233983162314e-01 0.000000000000000000e+00 2.597472628138648573e-19 4.078062868939790405e+03
2.980000000000000000e+02 2.660000000000000142e+00 8.064000000000000000e+08 5.000000000000000000e+07 9.974107458820583583e-01 9.750000000000000888e-01 7.788736654190339235e-20 6.154851259681745432e+02
2.990000000000000000e+02 4.600000000000000200e-01 8.064000000000000000e+08 1.000000000000000000e+07 1.000000000000000000e+00 2.500000000000000000e-01 7.023587146915336778e-18 1.052026944315920446e+03
3.000000000000000000e+02 5.100000000000000089e-01 8.064000000000000000e+08 1.000000000000000000e+07 9.783772233983162314e-01 0.000000000000000000e+00 1.276607133280467086e-19 1.129865839918527399e+03
3.010000000000000000e+02 1.600000000000000033e-01 8.064000000000000000e+08 1.000000000000000000e+07 1.000000000000000000e+00 1.375000000000000000e+00 1.339460229548391168e-15 1.526460103849276129e+04
3.020000000000000000e+02 3.270000000000000018e+00 8.064000000000000000e+08 1.000000000000000000e+07 9.783772233983162314e-01 1.250000000000000000e-01 1.047873179476720424e-14 2.395257364293423593e+08
3.030000000000000000e+02 4.410000000000000142e+00 8.064000000000000000e+08 5.000000000000000000e+07 9.891070386914596613e-01 2.500000000000000000e-01 3.167067401424415626e-20 6.051763442803207909e+02
3.040000000000000000e+02 1.520000000000000018e+00 8.064000000000000000e+08 1.000000000000000000e+07 9.783772233983162314e-01 7.500000000000000000e-01 3.523715178543023853e-18 2.359428832760758723e+03
3.050000000000000000e+02 2.099999999999999922e-01 8.064000000000000000e+08 1.000000000000000000e+07 9.783772233983162314e-01 0.000000000000000000e+00 6.339832274183740929e-19 1.527467586833116229e+03
3.060000000000000000e+02 1.799999999999999933e-01 8.064000000000000000e+08 1.000000000000000000e+07 1.000000000000000000e+00 1.375000000000000000e+00 4.676491141897895387e-16 4.007434289417750733e+03
3.070000000000000000e+02 4.169999999999999929e+00 8.064000000000000000e+08 1.000000000000000000e+07 9.783772233983162314e-01 1.375000000000000000e+00 5.708417833393647892e-19 6.843131147797026870e+02
3.080000000000000000e+02 3.649999999999999911e+00 8.064000000000000000e+08 1.000000000000000000e+07 9.783772233983162314e-01 9.250000000000000444e-01 9.230789001425226102e-19 9.157176620136539213e+02
3.090000000000000000e+02 4.139999999999999680e+00 8.064000000000000000e+08 1.000000000000000000e+07 9.900473768503111893e-01 0.000000000000000000e+00 7.713263880019642190e-20 1.352207483734868947e+04
3.100000000000000000e+02 2.990000000000000213e+00 8.064000000000000000e+08 1.000000000000000000e+07 9.934041309256244068e-01 3.000000000000000444e-01 8.745952569937302144e-20 7.420063617239061386e+02
3.110000000000000000e+02 4.080000000000000071e+00 8.064000000000000000e+08 5.000000000000000000e+07 9.934041309256244068e-01 1.325000000000000178e+00 3.600456578881925581e-19 4.753058316564992651e+02
3.120000000000000000e+02 3.699999999999999956e-01 8.064000000000000000e+08 1.000000000000000000e+07 1.000000000000000000e+00 1.500000000000000000e+00 2.729191680723090599e-17 7.555207369089804388e+02
3.130000000000000000e+02 2.430000000000000160e+00 8.064000000000000000e+08 2.511900000000000000e+07 9.783772233983162314e-01 2.500000000000000139e-02 3.974473356677547719e-19 8.161559454691338260e+02
3.140000000000000000e+02 1.000000000000000056e-01 8.064000000000000000e+08 1.000000000000000000e+07 1.000000000000000000e+00 2.750000000000000222e-01 5.016386913783050438e-18 5.403212965007770663e+02
3.150000000000000000e+02 1.000000000000000021e-02 8.064000000000000000e+08 1.000000000000000000e+07 9.783772233983162314e-01 0.000000000000000000e+00 2.117105398839325144e-19 6.817111874774277567e+02
3.160000000000000000e+02 1.360000000000000098e+00 8.064000000000000000e+08 1.000000000000000000e+07 1.000000000000000000e+00 6.000000000000000888e-01 1.005623060935108692e-16 1.594902259398277238e+03
3.170000000000000000e+02 2.310000000000000053e+00 8.064000000000000000e+08 5.000000000000000000e+07 9.891070386914596613e-01 0.000000000000000000e+00 2.598238114050431373e-19 7.680292555422524856e+02
3.180000000000000000e+02 2.189999999999999947e+00 8.064000000000000000e+08 1.000000000000000000e+07 9.783772233983162314e-01 1.500000000000000000e+00 3.128676120916045584e-18 1.608446217603039031e+03
3.190000000000000000e+02 7.399999999999999911e-01 8.064000000000000000e+08 1.000000000000000000e+07 1.000000000000000000e+00 1.250000000000000000e-01 3.843750609098334411e-18 5.050379226564176065e+02
3.200000000000000000e+02 3.959999999999999964e+00 8.064000000000000000e+08 1.000000000000000000e+07 9.783772233983162314e-01 2.750000000000000222e-01 1.039689554190408912e-19 4.651721189981592488e+02
3.210000000000000000e+02 2.479999999999999982e+00 8.064000000000000000e+08 1.000000000000000000e+07 9.881223837605044302e-01 5.500000000000000444e-01 1.834656023430014567e-19 4.894396248844477668e+02
3.220000000000000000e+02 4.030000000000000249e+00 8.064000000000000000e+08 1.000000000000000000e+07 9.783772233983162314e-01 1.000000000000000000e+00 2.865064768013359745e-19 5.319929034550355027e+02
3.230000000000000000e+02 6.300000000000000044e-01 8.064000000000000000e+08 1.000000000000000000e+07 9.783772233983162314e-01 0.000000000000000000e+00 1.192952906971868831e-19 8.261780407037856548e+02
3.240000000000000000e+02 5.899999999999999689e-01 8.064000000000000000e+08 1.000000000000000000e+07 9.783772233983162314e-01 2.500000000000000139e-02 1.590541426142569659e-18 1.381498962454705907e+04
3.250000000000000000e+02 2.569999999999999840e+00 8.064000000000000000e+08 5.000000000000000000e+07 9.918029914139001590e-01 2.500000000000000139e-02 9.092019321526167614e-20 3.111357883628797367e+02
3.260000000000000000e+02 4.820000000000000284e+00 8.064000000000000000e+08 2.511900000000000000e+07 9.909453928203675321e-01 1.375000000000000000e+00 2.416709832332743101e-18 1.993510531507400401e+03
3.270000000000000000e+02 2.209999999999999964e+00 8.064000000000000000e+08 1.000000000000000000e+07 1.000000000000000000e+00 0.000000000000000000e+00 6.928400707002564043e-18 1.727553105846616063e+03
3.280000000000000000e+02 4.080000000000000071e+00 8.064000000000000000e+08 1.000000000000000000e+07 9.860116708098051186e-01 0.000000000000000000e+00 1.270572907206058865e-19 3.917700502603220230e+03
3.290000000000000000e+02 3.250000000000000000e+00 8.064000000000000000e+08 5.000000000000000000e+07 9.870913234723223129e-01 2.500000000000000000e-01 1.175868245115455930e-19 9.269093995688701852e+02
3.300000000000000000e+02 3.699999999999999956e-01 8.064000000000000000e+08 1.000000000000000000e+07 9.783772233983162314e-01 0.000000000000000000e+00 1.203343156952910893e-19 8.900478846594071456e+02
3.310000000000000000e+02 2.390000000000000124e+00 8.064000000000000000e+08 1.000000000000000000e+07 9.798004827959798657e-01 0.000000000000000000e+00 6.525488347417909911e-20 7.405112913839870998e+02
3.320000000000000000e+02 4.490000000000000213e+00 8.064000000000000000e+08 1.000000000000000000e+07 9.783772233983162314e-01 0.000000000000000000e+00 4.347765268825222139e-20 7.225397075685061736e+02
3.330000000000000000e+02 4.660000000000000142e+00 8.064000000000000000e+08 2.511900000000000000e+07 9.783772233983162314e-01 8.500000000000000888e-01 4.939955463963457063e-19 1.324574790257773429e+03
3.340000000000000000e+02 1.400000000000000133e-01 8.064000000000000000e+08 1.000000000000000000e+07 9.783772233983162314e-01 9.500000000000000666e-01 4.078574127008235355e-19 7.365577502887458650e+02
3.350000000000000000e+02 2.399999999999999911e+00 8.064000000000000000e+08 1.000000000000000000e+07 9.783772233983162314e-01 0.000000000000000000e+00 2.800289063783198958e-19 1.065739313508001487e+03
3.360000000000000000e+02 7.000000000000000666e-01 8.064000000000000000e+08 1.000000000000000000e+07 9.783772233983162314e-01 0.000000000000000000e+00 5.548829380601121438e-20 7.232264628733421432e+02
3.370000000000000000e+02 4.810000000000000497e+00 8.064000000000000000e+08 5.000000000000000000e+07 9.985184637850311740e-01 1.000000000000000056e-01 1.696211724824310711e-19 9.267180150006239501e+02
3.380000000000000000e+02 3.209999999999999964e+00 8.064000000000000000e+08 5.000000000000000000e+07 9.836973200810461559e-01 1.500000000000000000e+00 5.903767256055301251e-18 1.843326490687305977e+03
3.390000000000000000e+02 8.000000000000000444e-01 8.064000000000000000e+08 1.000000000000000000e+07 1.000000000000000000e+00 0.000000000000000000e+00 3.386853833356444235e-18 1.712868440832016177e+03
3.400000000000000000e+02 1.400000000000000133e-01 8.064000000000000000e+08 1.000000000000000000e+07 9.783772233983162314e-01 0.000000000000000000e+00 5.314502053627620701e-19 4.880408219852704860e+03
3.410000000000000000e+02 1.199999999999999956e-01 8.064000000000000000e+08 1.000000000000000000e+07 1.000000000000000000e+00 1.500000000000000222e-01 1.788862966314864323e-17 1.261867528844282788e+03
3.420000000000000000e+02 2.300000000000000266e+00 8.064000000000000000e+08 1.000000000000000000e+07 9.783772233983162314e-01 0.000000000000000000e+00 1.871938924612347895e-19 8.007643795033247898e+02
3.430000000000000000e+02 2.300000000000000100e-01 8.064000000000000000e+08 1.000000000000000000e+07 1.000000000000000000e+00 5.000000000000000000e-01 4.061170640446598159e-17 4.563319271928632588e+03
3.440000000000000000e+02 3.300000000000000155e-01 8.064000000000000000e+08 1.000000000000000000e+07 9.783772233983162314e-01 0.000000000000000000e+00 1.009096443615673460e-19 9.040637764848743245e+02
3.450000000000000000e+02 4.810000000000000497e+00 8.064000000000000000e+08 2.511900000000000000e+07 9.985184637850311740e-01 3.250000000000000111e-01 1.889233482234377235e-19 9.508983253038235262e+02
3.460000000000000000e+02 2.999999999999999889e-02 8.064000000000000000e+08 1.000000000000000000e+07 1.000000000000000000e+00 1.250000000000000000e-01 1.189168619488856153e-17 1.094929078259726111e+03
3.470000000000000000e+02 2.000000000000000042e-02 8.064000000000000000e+08 1.000000000000000000e+07 1.000000000000000000e+00 4.250000000000000444e-01 4.151728554894194161e-17 1.686229656176709568e+03
3.480000000000000000e+02 1.000000000000000021e-02 8.064000000000000000e+08 1.000000000000000000e+07 9.990352180385682068e-01 4.250000000000000444e-01 5.260417530753723782e-19 1.111589505142050621e+05
3.490000000000000000e+02 2.000000000000000042e-02 8.064000000000000000e+08 1.000000000000000000e+07 1.000000000000000000e+00 1.000000000000000000e+00 3.776858827097641708e-15 2.398027015799214132e+05
3.500000000000000000e+02 6.800000000000000488e-01 8.064000000000000000e+08 1.000000000000000000e+07 1.000000000000000000e+00 7.500000000000001110e-02 3.543660974053843707e-18 7.692285850252906130e+02
3.510000000000000000e+02 4.870000000000000107e+00 8.064000000000000000e+08 1.000000000000000000e+07 9.995287145194909906e-01 1.750000000000000167e-01 1.657185496794370238e-19 2.132615191570385832e+03
3.520000000000000000e+02 2.999999999999999889e-01 8.064000000000000000e+08 1.000000000000000000e+07 9.881223837605044302e-01 0.000000000000000000e+00 4.252558218564197389e-19 3.347568254762872584e+03
3.530000000000000000e+02 3.300000000000000155e-01 8.064000000000000000e+08 1.000000000000000000e+07 1.000000000000000000e+00 0.000000000000000000e+00 3.095546107358005842e-17 2.691859140744801152e+03
3.540000000000000000e+02 5.799999999999999600e-01 8.064000000000000000e+08 1.000000000000000000e+07 1.000000000000000000e+00 5.000000000000000000e-01 2.353843516321389314e-18 4.798102381411873125e+02
3.550000000000000000e+02 2.709999999999999964e+00 8.064000000000000000e+08 1.000000000000000000e+07 9.783772233983162314e-01 0.000000000000000000e+00 1.572153669399806307e-19 7.284795325537786539e+02
3.560000000000000000e+02 2.490000000000000213e+00 8.064000000000000000e+08 1.000000000000000000e+07 9.824577129666183239e-01 9.500000000000000666e-01 7.240074522094993844e-19 1.165371704220693118e+03
3.570000000000000000e+02 7.299999999999999822e-01 8.064000000000000000e+08 1.000000000000000000e+07 1.000000000000000000e+00 1.250000000000000000e-01 5.317112965026471736e-18 1.718446511037458095e+03
3.580000000000000000e+02 4.759999999999999787e+00 8.064000000000000000e+08 1.000000000000000000e+07 9.995287145194909906e-01 3.000000000000000444e-01 1.648045932328942883e-19 1.209438541335920263e+03
3.590000000000000000e+02 2.000000000000000042e-02 8.064000000000000000e+08 2.511900000000000000e+07 9.783772233983162314e-01 4.500000000000000111e-01 2.693106067515958073e-19 7.876916136938344835e+02
3.600000000000000000e+02 2.540000000000000036e+00 8.064000000000000000e+08 2.511900000000000000e+07 9.811596849687339583e-01 1.500000000000000222e-01 1.796648684942950761e-19 7.478666644308358400e+02
3.610000000000000000e+02 3.699999999999999956e-01 8.064000000000000000e+08 1.000000000000000000e+07 9.979773556538258372e-01 0.000000000000000000e+00 4.900955554348270097e-20 2.937256701730257191e+03
3.620000000000000000e+02 4.980000000000000426e+00 8.064000000000000000e+08 5.000000000000000000e+07 9.995287145194909906e-01 6.250000000000000000e-01 2.472291047340684511e-19 9.466740264042603030e+02
3.630000000000000000e+02 4.030000000000000249e+00 8.064000000000000000e+08 1.000000000000000000e+07 9.783772233983162314e-01 0.000000000000000000e+00 -7.145743187987477567e-18 4.436070788500869870e+08
3.640000000000000000e+02 2.430000000000000160e+00 8.064000000000000000e+08 1.000000000000000000e+07 9.995287145194909906e-01 0.000000000000000000e+00 2.823826211268772205e-21 6.583633618267050451e+02
3.650000000000000000e+02 1.260000000000000009e+00 8.064000000000000000e+08 2.511900000000000000e+07 9.955456022925407433e-01 7.250000000000000888e-01 3.219214840250898548e-19 1.301602976471415786e+03
3.660000000000000000e+02 1.340000000000000080e+00 8.064000000000000000e+08 5.000000000000000000e+07 9.961961573539711567e-01 1.000000000000000000e+00 5.174862439696391025e-19 1.468928181259061603e+03
3.670000000000000000e+02 2.129999999999999893e+00 8.064000000000000000e+08 1.000000000000000000e+07 9.836973200810461559e-01 8.750000000000000000e-01 3.398159378754236759e-19 6.400849863477262716e+02
3.680000000000000000e+02 1.060000000000000053e+00 8.064000000000000000e+08 1.000000000000000000e+07 1.000000000000000000e+00 5.250000000000000222e-01 1.415741609558094529e-16 3.488667550278363706e+03
3.690000000000000000e+02 1.130000000000000115e+00 8.064000000000000000e+08 1.000000000000000000e+07 1.000000000000000000e+00 4.000000000000000222e-01 1.923057872318258549e-16 5.890844939399335999e+03
3.700000000000000000e+02 2.720000000000000195e+00 8.064000000000000000e+08 1.000000000000000000e+07 9.941510680753888884e-01 7.500000000000001110e-02 4.539179853916653089e-20 4.172093320393166209e+02
3.710000000000000000e+02 2.550000000000000266e+00 8.064000000000000000e+08 1.000000000000000000e+07 9.783772233983162314e-01 0.000000000000000000e+00 7.598420399903507614e-20 1.379887434329943062e+03
3.720000000000000000e+02 4.000000000000000083e-02 8.064000000000000000e+08 1.000000000000000000e+07 1.000000000000000000e+00 0.000000000000000000e+00 4.891691408395723487e-17 2.225254952911745931e+03
3.730000000000000000e+02 4.139999999999999680e+00 8.064000000000000000e+08 1.000000000000000000e+07 9.783772233983162314e-01 0.000000000000000000e+00 -3.362593792384493502e-18 4.230016154861669540e+08
