# obj_no phot_z age_old age_new f_old_V  EBV norm chi
1.000000000000000000e+00 4.299999999999999933e-01 8.064000000000000000e+08 1.000000000000000000e+07 6.937722339831620122e-01 1.500000000000000222e-01 5.520895473734831008e-18 1.989613466834114206e+03
2.000000000000000000e+00 1.409999999999999920e+00 8.064000000000000000e+08 5.000000000000000000e+07 9.052871451949100479e-01 1.500000000000000000e+00 6.501208451754847277e-18 1.287899843455757036e+03
3.000000000000000000e+00 3.900000000000000133e-01 8.064000000000000000e+08 1.000000000000000000e+07 6.937722339831620122e-01 7.500000000000001110e-02 3.661274618255063794e-18 1.535798691252298113e+03
4.000000000000000000e+00 1.199999999999999956e+00 8.064000000000000000e+08 1.000000000000000000e+07 8.515106807538886935e-01 4.250000000000000444e-01 4.352274689547285944e-19 7.958160801675776383e+02
5.000000000000000000e+00 5.500000000000000444e-01 8.064000000000000000e+08 5.000000000000000000e+07 9.052871451949100479e-01 3.250000000000000111e-01 6.098417519393945603e-19 9.241103634702877798e+02
6.000000000000000000e+00 3.500000000000000333e-01 8.064000000000000000e+08 5.000000000000000000e+07 9.052871451949100479e-01 0.000000000000000000e+00 4.843815105745480058e-19 9.268976442259255464e+02
7.000000000000000000e+00 5.999999999999999778e-01 8.064000000000000000e+08 1.000000000000000000e+07 6.937722339831620122e-01 2.750000000000000222e-01 7.394901294462114030e-19 6.214536865194346547e+02
8.000000000000000000e+00 4.199999999999999845e-01 8.064000000000000000e+08 1.000000000000000000e+07 9.003521803856815442e-01 0.000000000000000000e+00 3.488915787088056251e-19 9.680697453915512369e+02
9.000000000000000000e+00 1.090000000000000080e+00 8.064000000000000000e+08 2.511900000000000000e+07 9.052871451949100479e-01 1.500000000000000000e+00 3.637407473032836134e-17 7.915581410395351668e+03
1.000000000000000000e+01 8.699999999999999956e-01 8.064000000000000000e+08 5.000000000000000000e+07 9.052871451949100479e-01 1.500000000000000000e+00 9.577618318444345215e-18 6.558026975856182617e+03
1.100000000000000000e+01 1.459999999999999964e+00 8.064000000000000000e+08 5.000000000000000000e+07 9.003521803856815442e-01 1.500000000000000000e+00 3.135258269899813585e-17 1.812804918326645520e+03
1.200000000000000000e+01 5.000000000000000000e+00 8.064000000000000000e+08 1.000000000000000000e+07 9.052871451949100479e-01 1.000000000000000056e-01 1.156003081597868477e-19 6.013223311070740920e+02
1.300000000000000000e+01 2.300000000000000266e+00 8.064000000000000000e+08 2.511900000000000000e+07 6.937722339831620122e-01 7.750000000000000222e-01 2.031612903226355416e-18 1.126379282228411057e+03
1.400000000000000000e+01 1.110000000000000098e+00 8.064000000000000000e+08 5.000000000000000000e+07 8.194539282036752414e-01 1.500000000000000000e+00 1.818708733219254376e-17 2.345248821479828166e+03
1.500000000000000000e+01 8.200000000000000622e-01 8.064000000000000000e+08 5.000000000000000000e+07 9.052871451949100479e-01 1.025000000000000133e+00 8.243202182374989840e-19 8.878663849011743423e+02
1.600000000000000000e+01 4.600000000000000200e-01 8.064000000000000000e+08 5.000000000000000000e+07 9.052871451949100479e-01 1.250000000000000000e-01 1.140411297286647460e-18 1.419298574878182535e+03
1.700000000000000000e+01 1.040000000000000036e+00 8.064000000000000000e+08 5.000000000000000000e+07 9.052871451949100479e-01 1.500000000000000000e+00 4.704492102615229718e-17 4.994533490556356810e+03
1.800000000000000000e+01 3.200000000000000067e-01 8.064000000000000000e+08 1.000000000000000000e+07 8.781743261443593074e-01 0.000000000000000000e+00 3.131707214088606807e-18 3.163810928775550565e+03
1.900000000000000000e+01 3.800000000000000044e-01 8.064000000000000000e+08 5.000000000000000000e+07 9.052871451949100479e-01 0.000000000000000000e+00 9.969422116809465675e-19 2.066880653878494741e+03
2.000000000000000000e+01 3.050000000000000266e+00 8.064000000000000000e+08 2.511900000000000000e+07 9.052871451949100479e-01 2.750000000000000222e-01 1.204324749704819381e-19 5.235528296506569177e+02
2.100000000000000000e+01 1.060000000000000053e+00 8.064000000000000000e+08 2.511900000000000000e+07 8.897735565382587364e-01 1.500000000000000000e+00 4.420466991428780308e-17 7.237799793338463132e+03
2.200000000000000000e+01 7.500000000000000000e-01 8.064000000000000000e+08 5.000000000000000000e+07 9.052871451949100479e-01 1.074999999999999956e+00 1.670155403867676309e-18 1.165773168718217448e+03
2.300000000000000000e+01 5.000000000000000000e-01 8.064000000000000000e+08 5.000000000000000000e+07 9.052871451949100479e-01 5.750000000000000666e-01 1.562175063652755737e-18 1.115137780811901621e+03
2.400000000000000000e+01 1.260000000000000009e+00 8.064000000000000000e+08 5.000000000000000000e+07 9.052871451949100479e-01 1.500000000000000000e+00 1.533648138651958602e-17 1.940418556232430319e+03
2.500000000000000000e+01 4.000000000000000222e-01 8.064000000000000000e+08 5.000000000000000000e+07 9.052871451949100479e-01 1.000000000000000056e-01 5.296803547903016126e-19 8.866720724033574470e+02
2.600000000000000000e+01 3.479999999999999982e+00 8.064000000000000000e+08 5.000000000000000000e+07 8.280299141390016215e-01 7.500000000000000000e-01 5.208081569794622110e-19 7.479133223890175941e+02
2.700000000000000000e+01 6.500000000000000222e-01 8.064000000000000000e+08 5.000000000000000000e+07 9.052871451949100479e-01 2.750000000000000222e-01 2.005577791119376631e-18 3.038404382446331056e+03
2.800000000000000000e+01 1.040000000000000036e+00 8.064000000000000000e+08 2.511900000000000000e+07 8.440413092562439878e-01 1.500000000000000000e+00 7.517170404560797471e-18 1.362591719290514447e+03
2.900000000000000000e+01 7.900000000000000355e-01 8.064000000000000000e+08 5.000000000000000000e+07 9.052871451949100479e-01 1.500000000000000000e+00 2.858241687443141059e-18 4.800668252067889262e+04
3.000000000000000000e+01 4.870000000000000107e+00 8.064000000000000000e+08 1.000000000000000000e+07 9.052871451949100479e-01 9.750000000000000888e-01 3.303633521026025765e-19 9.749951628074002201e+02
3.100000000000000000e+01 4.080000000000000071e+00 8.064000000000000000e+08 5.000000000000000000e+07 9.052871451949100479e-01 1.500000000000000000e+00 1.188773412544015821e-18 1.247044197994154501e+03
3.200000000000000000e+01 1.040000000000000036e+00 8.064000000000000000e+08 2.511900000000000000e+07 8.194539282036752414e-01 1.500000000000000000e+00 2.292251241222479561e-17 2.028788612370662349e+03
3.300000000000000000e+01 3.699999999999999956e-01 8.064000000000000000e+08 5.000000000000000000e+07 9.052871451949100479e-01 4.500000000000000111e-01 7.936509828908768311e-19 1.114331292812059928e+03
3.400000000000000000e+01 9.799999999999999822e-01 8.064000000000000000e+08 5.000000000000000000e+07 9.052871451949100479e-01 1.500000000000000000e+00 -8.583882678245900648e-20 5.965062457005718670e+02
3.500000000000000000e+01 1.060000000000000053e+00 8.064000000000000000e+08 5.000000000000000000e+07 9.052871451949100479e-01 1.500000000000000000e+00 4.146319755724778099e-17 6.022716397279490593e+03
3.600000000000000000e+01 6.500000000000000222e-01 8.064000000000000000e+08 5.000000000000000000e+07 9.052871451949100479e-01 3.500000000000000333e-01 3.525061207976928401e-19 8.102725735704316321e+02
3.700000000000000000e+01 6.400000000000000133e-01 8.064000000000000000e+08 5.000000000000000000e+07 9.052871451949100479e-01 1.500000000000000000e+00 1.649490771676828259e-17 3.626399616981615964e+03
3.800000000000000000e+01 2.550000000000000266e+00 8.064000000000000000e+08 1.000000000000000000e+07 6.937722339831620122e-01 6.250000000000000000e-01 2.165503777350627503e-18 1.167540712851520539e+03
3.900000000000000000e+01 4.500000000000000111e-01 8.064000000000000000e+08 5.000000000000000000e+07 8.515106807538886935e-01 0.000000000000000000e+00 1.152618323267446523e-18 1.562230370019184647e+03
4.000000000000000000e+01 2.000000000000000111e-01 8.064000000000000000e+08 5.000000000000000000e+07 9.052871451949100479e-01 4.000000000000000222e-01 1.675802379122091518e-18 1.510199532087380248e+03
4.100000000000000000e+01 3.099999999999999978e-01 8.064000000000000000e+08 1.000000000000000000e+07 8.781743261443593074e-01 0.000000000000000000e+00 3.876879892175907158e-18 2.867950266225478572e+03
4.200000000000000000e+01 5.000000000000000000e+00 8.064000000000000000e+08 1.000000000000000000e+07 6.937722339831620122e-01 1.275000000000000133e+00 5.094944339968860463e-19 1.149706778254173059e+03
4.300000000000000000e+01 5.000000000000000000e+00 8.064000000000000000e+08 5.000000000000000000e+07 9.052871451949100479e-01 7.000000000000000666e-01 4.378511083408491491e-19 1.512258955305552035e+03
4.400000000000000000e+01 5.300000000000000266e-01 8.064000000000000000e+08 5.000000000000000000e+07 7.080048279597983552e-01 1.025000000000000133e+00 1.360471157032668419e-17 1.852527744845215921e+03
4.500000000000000000e+01 3.300000000000000155e-01 8.064000000000000000e+08 5.000000000000000000e+07 9.052871451949100479e-01 7.500000000000001110e-02 7.124952691997103731e-19 9.611243461270944408e+02
4.600000000000000000e+01 3.160000000000000142e+00 8.064000000000000000e+08 2.511900000000000000e+07 6.937722339831620122e-01 1.500000000000000000e+00 6.634885039392818971e-18 1.892661749611200094e+03
4.700000000000000000e+01 3.400000000000000244e-01 8.064000000000000000e+08 5.000000000000000000e+07 9.052871451949100479e-01 1.000000000000000056e-01 1.030281271810233834e-18 1.140033029642662996e+03
4.800000000000000000e+01 4.879999999999999893e+00 8.064000000000000000e+08 1.000000000000000000e+07 6.937722339831620122e-01 1.225000000000000089e+00 9.377362418604109306e-19 1.079669848504781385e+03
4.900000000000000000e+01 2.520000000000000018e+00 8.064000000000000000e+08 1.000000000000000000e+07 6.937722339831620122e-01 9.250000000000000444e-01 4.307842177913570092e-18 2.830558988314164253e+03
5.000000000000000000e+01 4.700000000000000289e-01 8.064000000000000000e+08 1.000000000000000000e+07 6.937722339831620122e-01 0.000000000000000000e+00 3.554228250081999555e-18 2.085952139560391970e+03
5.100000000000000000e+01 9.200000000000000400e-01 8.064000000000000000e+08 2.511900000000000000e+07 7.701167080980508839e-01 1.500000000000000000e+00 1.574320063186764530e-17 1.530195510336511234e+03
5.200000000000000000e+01 5.400000000000000355e-01 8.064000000000000000e+08 5.000000000000000000e+07 9.052871451949100479e-01 2.000000000000000111e-01 3.653864497357471258e-19 8.903692478588254744e+02
5.300000000000000000e+01 3.099999999999999978e-01 8.064000000000000000e+08 5.000000000000000000e+07 9.052871451949100479e-01 3.250000000000000111e-01 9.382600375962759734e-19 1.032743004413294557e+03
5.400000000000000000e+01 4.899999999999999911e-01 8.064000000000000000e+08 1.000000000000000000e+07 8.010703869145960887e-01 0.000000000000000000e+00 3.757956538197477329e-19 8.604207135647711766e+02
5.500000000000000000e+01 2.540000000000000036e+00 8.064000000000000000e+08 1.000000000000000000e+07 9.052871451949100479e-01 1.500000000000000000e+00 2.445976577218722988e-17 1.138996831090088381e+04
5.600000000000000000e+01 9.899999999999999911e-01 8.064000000000000000e+08 5.000000000000000000e+07 9.052871451949100479e-01 1.500000000000000000e+00 3.185877508221177420e-18 9.635500599719500769e+02
5.700000000000000000e+01 2.250000000000000000e+00 8.064000000000000000e+08 1.000000000000000000e+07 6.937722339831620122e-01 7.500000000000000000e-01 5.848829020973537843e-18 1.861137737818336063e+03
5.800000000000000000e+01 4.049999999999999822e+00 8.064000000000000000e+08 5.000000000000000000e+07 6.937722339831620122e-01 5.750000000000000666e-01 4.093367241011526754e-19 2.559398682641077357e+03
5.900000000000000000e+01 2.450000000000000178e+00 8.064000000000000000e+08 5.000000000000000000e+07 9.052871451949100479e-01 8.000000000000000444e-01 2.315347868454923767e-18 2.377780002020971551e+03
6.000000000000000000e+01 1.360000000000000098e+00 8.064000000000000000e+08 5.000000000000000000e+07 8.280299141390016215e-01 1.450000000000000178e+00 5.041772515442987401e-17 6.993060127088127956e+03
6.100000000000000000e+01 1.890000000000000124e+00 8.064000000000000000e+08 5.000000000000000000e+07 9.052871451949100479e-01 3.000000000000000444e-01 4.312060998306394049e-19 4.929042212234684257e+02
6.200000000000000000e+01 3.099999999999999978e-01 8.064000000000000000e+08 2.511900000000000000e+07 6.937722339831620122e-01 5.750000000000000666e-01 4.143414323416392681e-18 6.258593170678676643e+02
6.300000000000000000e+01 1.660000000000000142e+00 8.064000000000000000e+08 5.000000000000000000e+07 9.052871451949100479e-01 1.500000000000000000e+00 8.417449579730318918e-18 1.251415737715762361e+03
6.400000000000000000e+01 1.290000000000000036e+00 8.064000000000000000e+08 5.000000000000000000e+07 9.052871451949100479e-01 1.500000000000000000e+00 5.323392063586936548e-18 2.232013685807683942e+03
6.500000000000000000e+01 3.459999999999999964e+00 8.064000000000000000e+08 5.000000000000000000e+07 6.937722339831620122e-01 9.000000000000000222e-01 1.181590439099422113e-18 1.309776994841219448e+03
6.600000000000000000e+01 3.699999999999999956e-01 8.064000000000000000e+08 5.000000000000000000e+07 9.052871451949100479e-01 2.500000000000000139e-02 1.598360367479763368e-18 2.023870579737295429e+03
6.700000000000000000e+01 4.520000000000000462e+00 8.064000000000000000e+08 5.000000000000000000e+07 9.052871451949100479e-01 0.000000000000000000e+00 6.636501709163550733e-20 7.889457862933705883e+02
6.800000000000000000e+01 1.060000000000000053e+00 8.064000000000000000e+08 5.000000000000000000e+07 9.052871451949100479e-01 1.500000000000000000e+00 2.376480719827382191e-17 2.830052017239577253e+03
6.900000000000000000e+01 2.350000000000000089e+00 8.064000000000000000e+08 1.000000000000000000e+07 6.937722339831620122e-01 9.750000000000000888e-01 1.446688037041065145e-14 1.984393655892347544e+07
7.000000000000000000e+01 2.310000000000000053e+00 8.064000000000000000e+08 2.511900000000000000e+07 6.937722339831620122e-01 7.000000000000000666e-01 3.233949799340438424e-14 2.700452238133716956e+07
7.100000000000000000e+01 5.799999999999999600e-01 8.064000000000000000e+08 5.000000000000000000e+07 8.897735565382587364e-01 0.000000000000000000e+00 4.748519447862949134e-19 9.534234251046863164e+02
7.200000000000000000e+01 4.450000000000000178e+00 8.064000000000000000e+08 1.000000000000000000e+07 9.052871451949100479e-01 3.500000000000000333e-01 1.273723917720283975e-19 1.103545936413476056e+03
7.300000000000000000e+01 3.689999999999999947e+00 8.064000000000000000e+08 5.000000000000000000e+07 9.052871451949100479e-01 0.000000000000000000e+00 7.217006574225462792e-20 3.965545448978663899e+03
7.400000000000000000e+01 4.870000000000000107e+00 8.064000000000000000e+08 1.000000000000000000e+07 6.937722339831620122e-01 1.500000000000000000e+00 1.806541666330234619e-19 4.753401789941585776e+02
7.500000000000000000e+01 4.750000000000000000e+00 8.064000000000000000e+08 1.000000000000000000e+07 9.052871451949100479e-01 1.025000000000000133e+00 3.432193323694388562e-19 1.512413372378728354e+03
7.600000000000000000e+01 6.400000000000000133e-01 8.064000000000000000e+08 5.000000000000000000e+07 9.052871451949100479e-01 1.750000000000000167e-01 7.038311016029460774e-19 1.123315920752422471e+03
7.700000000000000000e+01 1.929999999999999938e+00 8.064000000000000000e+08 5.000000000000000000e+07 9.052871451949100479e-01 1.500000000000000000e+00 9.601407130567385251e-18 1.184587800393555335e+04
7.800000000000000000e+01 4.160000000000000142e+00 8.064000000000000000e+08 2.511900000000000000e+07 9.052871451949100479e-01 0.000000000000000000e+00 1.892494662771953565e-19 2.898291986513615484e+03
7.900000000000000000e+01 4.799999999999999822e-01 8.064000000000000000e+08 1.000000000000000000e+07 7.080048279597983552e-01 0.000000000000000000e+00 1.012873456442874147e-18 9.201322121704980646e+02
8.000000000000000000e+01 2.290000000000000036e+00 8.064000000000000000e+08 1.000000000000000000e+07 6.937722339831620122e-01 6.750000000000000444e-01 3.685709325310780376e-18 1.379226617256045756e+03
8.100000000000000000e+01 1.090000000000000080e+00 8.064000000000000000e+08 1.000000000000000000e+07 7.215968496873395033e-01 1.475000000000000089e+00 9.807132061041890994e-18 6.423970615872794951e+02
8.200000000000000000e+01 2.040000000000000036e+00 8.064000000000000000e+08 1.000000000000000000e+07 6.937722339831620122e-01 1.175000000000000044e+00 5.155775330456399900e-18 1.184585146424872619e+03
8.300000000000000000e+01 8.100000000000000533e-01 8.064000000000000000e+08 5.000000000000000000e+07 9.052871451949100479e-01 1.150000000000000133e+00 1.135190904778344732e-18 8.691751493251484817e+02
8.400000000000000000e+01 5.200000000000000178e-01 8.064000000000000000e+08 5.000000000000000000e+07 9.052871451949100479e-01 0.000000000000000000e+00 8.137486145055427334e-19 1.094916244217900839e+03
8.500000000000000000e+01 3.900000000000000133e-01 8.064000000000000000e+08 1.000000000000000000e+07 7.588113568490419958e-01 0.000000000000000000e+00 1.736744416660180700e-18 1.015190386698852194e+03
8.600000000000000000e+01 9.400000000000000577e-01 8.064000000000000000e+08 2.511900000000000000e+07 8.280299141390016215e-01 0.000000000000000000e+00 6.828814027333407251e-19 1.221837670752295253e+03
8.700000000000000000e+01 1.929999999999999938e+00 8.064000000000000000e+08 5.000000000000000000e+07 8.280299141390016215e-01 7.250000000000000888e-01 7.012775547335103636e-19 5.711491109579130807e+02
8.800000000000000000e+01 9.100000000000000311e-01 8.064000000000000000e+08 5.000000000000000000e+07 9.003521803856815442e-01 0.000000000000000000e+00 1.631000002463351766e-19 8.398508791506560556e+02
8.900000000000000000e+01 5.600000000000000533e-01 8.064000000000000000e+08 5.000000000000000000e+07 6.937722339831620122e-01 0.000000000000000000e+00 4.372297401060042501e-19 5.959543493311015254e+02
9.000000000000000000e+01 1.929999999999999938e+00 8.064000000000000000e+08 1.000000000000000000e+07 6.937722339831620122e-01 8.500000000000000888e-01 1.252390646101069070e-17 5.017526312100590985e+03
9.100000000000000000e+01 5.600000000000000533e-01 8.064000000000000000e+08 5.000000000000000000e+07 6.937722339831620122e-01 0.000000000000000000e+00 1.456183970210964887e-18 1.080599230005334221e+03
9.200000000000000000e+01 1.090000000000000080e+00 8.064000000000000000e+08 5.000000000000000000e+07 9.052871451949100479e-01 1.500000000000000000e+00 3.509845405549322254e-18 5.356116534798774410e+03
9.300000000000000000e+01 1.110000000000000098e+00 8.064000000000000000e+08 2.511900000000000000e+07 7.469732008104619236e-01 1.500000000000000000e+00 4.735941384514776312e-17 3.042855222748615233e+03
9.400000000000000000e+01 8.300000000000000711e-01 8.064000000000000000e+08 5.000000000000000000e+07 9.052871451949100479e-01 1.250000000000000000e+00 9.376116062179119359e-19 3.005487321174142380e+03
9.500000000000000000e+01 1.030000000000000027e+00 8.064000000000000000e+08 2.511900000000000000e+07 7.912238376050446664e-01 1.500000000000000000e+00 5.244274560183380538e-17 3.930559356777612265e+03
9.600000000000000000e+01 1.700000000000000122e-01 8.064000000000000000e+08 1.000000000000000000e+07 9.052871451949100479e-01 5.500000000000000444e-01 2.540563392297373631e-18 1.413803014811766388e+03
9.700000000000000000e+01 4.650000000000000355e+00 8.064000000000000000e+08 5.000000000000000000e+07 6.937722339831620122e-01 1.250000000000000000e+00 7.196763268838151273e-19 7.375193725248476539e+02
9.800000000000000000e+01 1.989999999999999991e+00 8.064000000000000000e+08 5.000000000000000000e+07 8.951846378503116597e-01 7.500000000000000000e-01 1.548383943127004948e-18 8.064000097181708497e+02
9.900000000000000000e+01 1.900000000000000133e+00 8.064000000000000000e+08 2.511900000000000000e+07 6.937722339831620122e-01 7.750000000000000222e-01 9.671793088133390743e-18 4.168258975883027233e+03
1.000000000000000000e+02 5.700000000000000622e-01 8.064000000000000000e+08 5.000000000000000000e+07 9.052871451949100479e-01 1.500000000000000222e-01 6.120694585530235380e-19 9.695778504265010724e+02
1.010000000000000000e+02 3.400000000000000244e-01 8.064000000000000000e+08 1.000000000000000000e+07 9.003521803856815442e-01 0.000000000000000000e+00 1.412266739504733211e-18 1.568569718037448183e+03
1.020000000000000000e+02 1.090000000000000080e+00 8.064000000000000000e+08 5.000000000000000000e+07 8.781743261443593074e-01 1.500000000000000000e+00 1.699769385403161548e-17 2.309704432799140250e+03
1.030000000000000000e+02 2.319999999999999840e+00 8.064000000000000000e+08 5.000000000000000000e+07 7.701167080980508839e-01 1.500000000000000000e+00 8.053143835076497658e-17 7.999748495254532827e+03
1.040000000000000000e+02 5.700000000000000622e-01 8.064000000000000000e+08 1.000000000000000000e+07 8.951846378503116597e-01 0.000000000000000000e+00 2.940290489829334390e-19 7.198096966644286567e+02
1.050000000000000000e+02 5.200000000000000178e-01 8.064000000000000000e+08 5.000000000000000000e+07 8.654560229254073533e-01 2.750000000000000222e-01 1.184993534022483219e-18 9.714763106144747553e+02
1.060000000000000000e+02 4.799999999999999822e-01 8.064000000000000000e+08 5.000000000000000000e+07 9.052871451949100479e-01 1.750000000000000167e-01 1.135394898240918227e-18 1.454613827709972384e+03
1.070000000000000000e+02 4.650000000000000355e+00 8.064000000000000000e+08 5.000000000000000000e+07 6.937722339831620122e-01 7.750000000000000222e-01 1.609835521481968296e-19 7.185452541422413333e+02
1.080000000000000000e+02 3.750000000000000000e+00 8.064000000000000000e+08 5.000000000000000000e+07 6.937722339831620122e-01 7.750000000000000222e-01 1.978283166564839782e-19 5.783964808646046549e+02
1.090000000000000000e+02 1.919999999999999929e+00 8.064000000000000000e+08 1.000000000000000000e+07 7.469732008104619236e-01 1.350000000000000089e+00 4.784697127241417016e-18 1.183374604282487553e+03
1.100000000000000000e+02 2.439999999999999947e+00 8.064000000000000000e+08 5.000000000000000000e+07 9.052871451949100479e-01 8.250000000000000666e-01 1.902353944309399220e-18 1.273752276640191894e+03
1.110000000000000000e+02 4.600000000000000200e-01 8.064000000000000000e+08 1.000000000000000000e+07 8.841074588205832807e-01 0.000000000000000000e+00 9.911429990821654096e-19 1.345981181360805522e+03
1.120000000000000000e+02 2.040000000000000036e+00 8.064000000000000000e+08 1.000000000000000000e+07 6.937722339831620122e-01 8.500000000000000888e-01 3.499698805660752224e-18 1.177124162554394843e+03
1.130000000000000000e+02 4.600000000000000200e-01 8.064000000000000000e+08 5.000000000000000000e+07 9.052871451949100479e-01 5.000000000000000278e-02 6.954265815996712510e-19 6.762237271567064454e+02
1.140000000000000000e+02 2.260000000000000231e+00 8.064000000000000000e+08 1.000000000000000000e+07 8.010703869145960887e-01 1.175000000000000044e+00 5.495406488067481133e-18 1.536657314009197762e+03
1.150000000000000000e+02 4.299999999999999933e-01 8.064000000000000000e+08 5.000000000000000000e+07 9.052871451949100479e-01 4.000000000000000222e-01 6.635125466517003520e-19 8.439169483577170467e+02
1.160000000000000000e+02 4.299999999999999933e-01 8.064000000000000000e+08 5.000000000000000000e+07 9.052871451949100479e-01 4.750000000000000333e-01 2.472404590565829647e-18 1.509183153200625839e+03
1.170000000000000000e+02 1.360000000000000098e+00 8.064000000000000000e+08 5.000000000000000000e+07 9.052871451949100479e-01 1.425000000000000044e+00 3.953621763292362559e-18 2.056027657621733397e+03
1.180000000000000000e+02 1.949999999999999956e+00 8.064000000000000000e+08 1.000000000000000000e+07 6.937722339831620122e-01 1.074999999999999956e+00 5.113484474379862051e-18 1.397822286789415102e+03
1.190000000000000000e+02 5.799999999999999600e-01 8.064000000000000000e+08 5.000000000000000000e+07 9.052871451949100479e-01 5.000000000000000278e-02 3.774465362608442975e-19 9.041010254857289965e+02
1.200000000000000000e+02 3.400000000000000244e-01 8.064000000000000000e+08 5.000000000000000000e+07 9.052871451949100479e-01 1.250000000000000000e-01 5.234958194105183753e-19 1.073717345606825120e+03
1.210000000000000000e+02 3.800000000000000044e-01 8.064000000000000000e+08 1.000000000000000000e+07 7.345771296661833816e-01 0.000000000000000000e+00 3.536558361656112937e-18 2.692159011977910268e+03
1.220000000000000000e+02 6.500000000000000222e-01 8.064000000000000000e+08 5.000000000000000000e+07 7.080048279597983552e-01 9.750000000000000888e-01 2.007981025593890316e-18 7.398195333530674134e+02
1.230000000000000000e+02 3.320000000000000284e+00 8.064000000000000000e+08 5.000000000000000000e+07 9.052871451949100479e-01 3.250000000000000111e-01 3.283392488468641980e-19 2.086705374961672078e+03
1.240000000000000000e+02 3.080000000000000071e+00 8.064000000000000000e+08 1.000000000000000000e+07 6.937722339831620122e-01 8.750000000000000000e-01 1.632809523979264044e-18 2.672774141213965777e+03
1.250000000000000000e+02 7.600000000000000089e-01 8.064000000000000000e+08 5.000000000000000000e+07 9.052871451949100479e-01 7.000000000000000666e-01 1.096065810649348994e-18 2.405167158103211477e+03
1.260000000000000000e+02 4.830000000000000071e+00 8.064000000000000000e+08 1.000000000000000000e+07 6.937722339831620122e-01 5.250000000000000222e-01 2.510167161493093554e-19 9.588754234944734662e+02
1.270000000000000000e+02 1.939999999999999947e+00 8.064000000000000000e+08 1.000000000000000000e+07 6.937722339831620122e-01 8.750000000000000000e-01 7.394951552507861560e-18 1.904649389561195903e+03
1.280000000000000000e+02 1.110000000000000098e+00 8.064000000000000000e+08 2.511900000000000000e+07 9.052871451949100479e-01 1.500000000000000000e+00 1.300578667514805525e-17 2.202834436875985375e+03
1.290000000000000000e+02 8.599999999999999867e-01 8.064000000000000000e+08 5.000000000000000000e+07 9.052871451949100479e-01 8.250000000000000666e-01 5.593013595551174629e-19 6.057034208327484066e+02
1.300000000000000000e+02 3.200000000000000178e+00 8.064000000000000000e+08 5.000000000000000000e+07 6.937722339831620122e-01 7.000000000000000666e-01 1.357222917382529149e-18 1.260583806230680011e+03
1.310000000000000000e+02 1.520000000000000018e+00 8.064000000000000000e+08 5.000000000000000000e+07 8.586438751563791882e-01 1.500000000000000000e+00 2.304480038785404208e-17 1.550221778656841707e+03
1.320000000000000000e+02 6.800000000000000488e-01 8.064000000000000000e+08 5.000000000000000000e+07 9.052871451949100479e-01 7.500000000000000000e-01 3.109342679125935605e-18 3.381205890885876670e+03
1.330000000000000000e+02 2.189999999999999947e+00 8.064000000000000000e+08 1.000000000000000000e+07 6.937722339831620122e-01 1.000000000000000000e+00 1.185063984799918807e-14 1.375241629106757045e+07
1.340000000000000000e+02 2.999999999999999889e-01 8.064000000000000000e+08 5.000000000000000000e+07 9.052871451949100479e-01 8.500000000000000888e-01 4.506956210116043870e-15 1.238573609749006294e+07
1.350000000000000000e+02 8.000000000000000444e-01 8.064000000000000000e+08 5.000000000000000000e+07 9.052871451949100479e-01 0.000000000000000000e+00 2.022373535073808276e-19 9.783410661138908608e+02
1.360000000000000000e+02 2.589999999999999858e+00 8.064000000000000000e+08 1.000000000000000000e+07 6.937722339831620122e-01 8.250000000000000666e-01 4.837348747218605628e-19 8.760131656625535470e+02
1.370000000000000000e+02 2.189999999999999947e+00 8.064000000000000000e+08 1.000000000000000000e+07 6.937722339831620122e-01 8.500000000000000888e-01 4.381196845436030129e-18 4.898798622871303451e+03
1.380000000000000000e+02 4.850000000000000533e+00 8.064000000000000000e+08 5.000000000000000000e+07 6.937722339831620122e-01 8.750000000000000000e-01 1.694735323744542675e-18 6.950204265969371772e+04
1.390000000000000000e+02 2.629999999999999893e+00 8.064000000000000000e+08 1.000000000000000000e+07 6.937722339831620122e-01 2.500000000000000000e-01 1.685075126223135385e-18 2.951908135936460894e+03
1.400000000000000000e+02 1.239999999999999991e+00 8.064000000000000000e+08 5.000000000000000000e+07 8.897735565382587364e-01 0.000000000000000000e+00 4.393229778894013177e-19 1.154131695991959532e+03
1.410000000000000000e+02 6.500000000000000222e-01 8.064000000000000000e+08 5.000000000000000000e+07 9.052871451949100479e-01 4.000000000000000222e-01 5.940280704381809974e-19 1.097968220855652362e+03
1.420000000000000000e+02 4.270000000000000462e+00 8.064000000000000000e+08 5.000000000000000000e+07 9.052871451949100479e-01 1.025000000000000133e+00 4.248385273737184150e-19 2.458466936624761274e+03
1.430000000000000000e+02 1.280000000000000027e+00 8.064000000000000000e+08 1.000000000000000000e+07 7.469732008104619236e-01 4.250000000000000444e-01 8.809748848480552904e-19 7.182247489303989596e+02
1.440000000000000000e+02 5.799999999999999600e-01 8.064000000000000000e+08 5.000000000000000000e+07 9.052871451949100479e-01 4.500000000000000111e-01 4.628907192568708779e-19 7.118639275188619422e+02
1.450000000000000000e+02 2.149999999999999911e+00 8.064000000000000000e+08 1.000000000000000000e+07 6.937722339831620122e-01 1.250000000000000000e+00 3.160158585087569791e-17 1.465060799529134783e+04
1.460000000000000000e+02 3.599999999999999867e-01 8.064000000000000000e+08 5.000000000000000000e+07 7.215968496873395033e-01 0.000000000000000000e+00 1.934235937314117486e-18 1.324841810856249140e+03
1.470000000000000000e+02 4.290000000000000036e+00 8.064000000000000000e+08 5.000000000000000000e+07 6.937722339831620122e-01 1.500000000000000000e+00 8.253618331350899213e-19 1.054786462604925646e+03
1.480000000000000000e+02 4.299999999999999933e-01 8.064000000000000000e+08 5.000000000000000000e+07 8.719615735397114875e-01 1.100000000000000089e+00 3.322013693245167935e-18 1.414474938048795138e+03
1.490000000000000000e+02 1.890000000000000124e+00 8.064000000000000000e+08 5.000000000000000000e+07 8.515106807538886935e-01 1.300000000000000044e+00 1.001065166656792775e-17 1.516779157575085037e+03
1.500000000000000000e+02 3.459999999999999964e+00 8.064000000000000000e+08 1.000000000000000000e+07 6.937722339831620122e-01 1.050000000000000044e+00 2.903273999528077224e-19 7.066131489846103477e+02
1.510000000000000000e+02 5.799999999999999600e-01 8.064000000000000000e+08 2.511900000000000000e+07 9.052871451949100479e-01 5.750000000000000666e-01 3.501665101991073458e-19 6.519638534213399907e+02
1.520000000000000000e+02 3.300000000000000155e-01 8.064000000000000000e+08 1.000000000000000000e+07 8.951846378503116597e-01 0.000000000000000000e+00 2.785668735628406822e-18 2.435244652937497449e+03
1.530000000000000000e+02 2.609999999999999876e+00 8.064000000000000000e+08 5.000000000000000000e+07 9.052871451949100479e-01 5.750000000000000666e-01 4.600945808273969467e-19 6.244600153205742572e+02
1.540000000000000000e+02 5.600000000000000533e-01 8.064000000000000000e+08 1.000000000000000000e+07 6.937722339831620122e-01 0.000000000000000000e+00 1.907737763272786884e-18 1.071205380944186118e+03
1.550000000000000000e+02 2.490000000000000213e+00 8.064000000000000000e+08 5.000000000000000000e+07 6.937722339831620122e-01 2.250000000000000056e-01 8.798371769120144496e-19 1.011311800085121263e+03
1.560000000000000000e+02 4.400000000000000022e-01 8.064000000000000000e+08 5.000000000000000000e+07 9.052871451949100479e-01 3.250000000000000111e-01 1.883775559110416677e-19 6.376479360955514721e+02
1.570000000000000000e+02 5.799999999999999600e-01 8.064000000000000000e+08 5.000000000000000000e+07 8.951846378503116597e-01 2.250000000000000056e-01 1.070154947336646592e-18 1.246626567204307321e+03
1.580000000000000000e+02 4.870000000000000107e+00 8.064000000000000000e+08 5.000000000000000000e+07 6.937722339831620122e-01 1.500000000000000000e+00 4.904305259528842226e-19 8.723358401609031034e+02
1.590000000000000000e+02 3.979999999999999982e+00 8.064000000000000000e+08 5.000000000000000000e+07 6.937722339831620122e-01 1.100000000000000089e+00 5.828346642079701404e-19 8.926261437386197031e+02
1.600000000000000000e+02 3.680000000000000160e+00 8.064000000000000000e+08 5.000000000000000000e+07 9.052871451949100479e-01 1.500000000000000000e+00 6.650357672988130213e-19 9.138047717113768158e+02
1.610000000000000000e+02 1.000000000000000000e+00 8.064000000000000000e+08 5.000000000000000000e+07 9.052871451949100479e-01 1.125000000000000000e+00 2.051044233007384971e-18 1.216052350144791944e+03
1.620000000000000000e+02 2.879999999999999893e+00 8.064000000000000000e+08 1.000000000000000000e+07 6.937722339831620122e-01 7.000000000000000666e-01 2.071065840833480474e-18 1.648591474575254324e+03
1.630000000000000000e+02 2.899999999999999800e-01 8.064000000000000000e+08 5.000000000000000000e+07 9.052871451949100479e-01 2.250000000000000056e-01 8.323673697099648638e-19 1.114107273038415542e+03
1.640000000000000000e+02 4.360000000000000320e+00 8.064000000000000000e+08 5.000000000000000000e+07 6.937722339831620122e-01 2.250000000000000056e-01 7.928473537099216506e-19 6.181156987250923521e+03
1.650000000000000000e+02 3.459999999999999964e+00 8.064000000000000000e+08 5.000000000000000000e+07 9.052871451949100479e-01 1.074999999999999956e+00 2.574147038397554974e-19 5.485177499696634413e+02
1.660000000000000000e+02 2.800000000000000266e-01 8.064000000000000000e+08 2.511900000000000000e+07 8.362199171250624952e-01 1.475000000000000089e+00 1.550167390021235117e-17 2.161648690735093624e+03
1.670000000000000000e+02 7.199999999999999734e-01 8.064000000000000000e+08 5.000000000000000000e+07 9.052871451949100479e-01 1.250000000000000000e+00 1.138965669302038988e-17 8.167823911209393373e+03
1.680000000000000000e+02 2.379999999999999893e+00 8.064000000000000000e+08 5.000000000000000000e+07 8.280299141390016215e-01 4.500000000000000111e-01 1.687122683148541808e-18 7.238648901193082565e+02
1.690000000000000000e+02 6.600000000000000311e-01 8.064000000000000000e+08 5.000000000000000000e+07 9.052871451949100479e-01 2.000000000000000111e-01 4.252108974205511834e-19 9.729963306876301203e+02
1.700000000000000000e+02 2.700000000000000178e-01 8.064000000000000000e+08 1.000000000000000000e+07 6.937722339831620122e-01 7.250000000000000888e-01 1.777684485254106021e-17 5.994236990674391564e+03
1.710000000000000000e+02 3.339999999999999858e+00 8.064000000000000000e+08 5.000000000000000000e+07 9.052871451949100479e-01 0.000000000000000000e+00 9.496982604298000216e-20 1.679641295734764981e+03
1.720000000000000000e+02 3.629999999999999893e+00 8.064000000000000000e+08 5.000000000000000000e+07 9.052871451949100479e-01 7.000000000000000666e-01 3.308128747882247692e-19 6.141336468803921207e+02
1.730000000000000000e+02 5.200000000000000178e-01 8.064000000000000000e+08 1.000000000000000000e+07 7.809132347232226046e-01 6.750000000000000444e-01 1.265165740069552858e-17 4.127821277440431913e+03
1.740000000000000000e+02 7.600000000000000089e-01 8.064000000000000000e+08 5.000000000000000000e+07 8.194539282036752414e-01 2.500000000000000139e-02 4.825268871632481090e-18 5.567156246616374119e+03
1.750000000000000000e+02 1.489999999999999991e+00 8.064000000000000000e+08 5.000000000000000000e+07 9.052871451949100479e-01 1.500000000000000000e+00 4.566687968052740544e-18 1.782800738779964604e+03
1.760000000000000000e+02 5.300000000000000266e-01 8.064000000000000000e+08 5.000000000000000000e+07 7.809132347232226046e-01 0.000000000000000000e+00 1.807467987703333310e-18 1.471456951077332633e+03
1.770000000000000000e+02 2.479999999999999982e+00 8.064000000000000000e+08 5.000000000000000000e+07 8.781743261443593074e-01 2.000000000000000111e-01 1.560805310329308255e-18 1.625624899604172697e+03
1.780000000000000000e+02 1.739999999999999991e+00 8.064000000000000000e+08 2.511900000000000000e+07 6.937722339831620122e-01 6.500000000000000222e-01 3.342416437613676083e-18 1.351171208791735125e+03
1.790000000000000000e+02 5.899999999999999689e-01 8.064000000000000000e+08 2.511900000000000000e+07 8.104737685031120353e-01 2.750000000000000222e-01 1.483301786533629319e-18 1.338211154750772494e+03
1.800000000000000000e+02 3.390000000000000124e+00 8.064000000000000000e+08 5.000000000000000000e+07 9.052871451949100479e-01 9.750000000000000888e-01 1.558293698409006197e-18 1.091013892809617346e+03
1.810000000000000000e+02 4.129999999999999893e+00 8.064000000000000000e+08 5.000000000000000000e+07 6.937722339831620122e-01 1.275000000000000133e+00 7.672377500055476515e-19 2.273584130080313571e+03
1.820000000000000000e+02 4.070000000000000284e+00 8.064000000000000000e+08 1.000000000000000000e+07 6.937722339831620122e-01 0.000000000000000000e+00 4.669105592548947864e-20 6.115623809097470485e+02
1.830000000000000000e+02 4.419999999999999929e+00 8.064000000000000000e+08 1.000000000000000000e+07 6.937722339831620122e-01 1.500000000000000000e+00 2.742842852927426335e-19 7.062567712607411750e+02
1.840000000000000000e+02 4.199999999999999845e-01 8.064000000000000000e+08 1.000000000000000000e+07 7.912238376050446664e-01 0.000000000000000000e+00 4.103594032689260490e-18 3.269956913844378960e+03
1.850000000000000000e+02 1.020000000000000018e+00 8.064000000000000000e+08 5.000000000000000000e+07 9.052871451949100479e-01 1.500000000000000000e+00 7.714561544337988879e-18 1.278873406824784615e+04
1.860000000000000000e+02 5.999999999999999778e-01 8.064000000000000000e+08 5.000000000000000000e+07 9.052871451949100479e-01 7.500000000000001110e-02 1.297954994904641113e-19 6.003979714543374939e+02
1.870000000000000000e+02 2.290000000000000036e+00 8.064000000000000000e+08 1.000000000000000000e+07 6.937722339831620122e-01 4.000000000000000222e-01 3.599753826220110198e-18 1.909329917648494984e+03
1.880000000000000000e+02 2.049999999999999822e+00 8.064000000000000000e+08 1.000000000000000000e+07 8.586438751563791882e-01 5.250000000000000222e-01 3.091068085049641317e-18 1.578181697257190535e+03
1.890000000000000000e+02 2.649999999999999911e+00 8.064000000000000000e+08 5.000000000000000000e+07 9.052871451949100479e-01 1.125000000000000000e+00 1.222650754888670619e-18 1.919099302059263891e+03
1.900000000000000000e+02 4.810000000000000497e+00 8.064000000000000000e+08 5.000000000000000000e+07 6.937722339831620122e-01 1.025000000000000133e+00 1.599773238887474464e-19 1.199828782305855157e+03
1.910000000000000000e+02 2.510000000000000231e+00 8.064000000000000000e+08 5.000000000000000000e+07 7.345771296661833816e-01 7.250000000000000888e-01 2.637193742498352725e-18 1.405379794077973656e+03
1.920000000000000000e+02 4.000000000000000222e-01 8.064000000000000000e+08 1.000000000000000000e+07 6.937722339831620122e-01 1.000000000000000056e-01 6.180951275320778758e-18 2.130776041278843422e+03
1.930000000000000000e+02 2.410000000000000142e+00 8.064000000000000000e+08 1.000000000000000000e+07 7.809132347232226046e-01 6.000000000000000888e-01 2.870207299133792292e-18 1.795659706391494410e+03
1.940000000000000000e+02 4.270000000000000462e+00 8.064000000000000000e+08 5.000000000000000000e+07 6.937722339831620122e-01 7.250000000000000888e-01 2.662621333664962911e-19 2.362347320508557459e+03
1.950000000000000000e+02 4.820000000000000284e+00 8.064000000000000000e+08 2.511900000000000000e+07 6.937722339831620122e-01 2.500000000000000000e-01 1.733125176417314307e-19 3.397305896599168591e+03
1.960000000000000000e+02 1.979999999999999982e+00 8.064000000000000000e+08 1.000000000000000000e+07 6.937722339831620122e-01 1.475000000000000089e+00 1.980934298521295680e-17 1.720019488829228067e+03
1.970000000000000000e+02 4.700000000000000289e-01 8.064000000000000000e+08 1.000000000000000000e+07 6.937722339831620122e-01 0.000000000000000000e+00 1.731734609449581568e-18 1.267022437776766310e+03
1.980000000000000000e+02 4.940000000000000391e+00 8.064000000000000000e+08 5.000000000000000000e+07 6.937722339831620122e-01 5.750000000000000666e-01 6.860052026324397927e-20 6.423967305479898187e+02
1.990000000000000000e+02 1.050000000000000044e+00 8.064000000000000000e+08 2.511900000000000000e+07 7.912238376050446664e-01 0.000000000000000000e+00 5.951864950930562373e-19 1.419392568391005398e+03
2.000000000000000000e+02 1.360000000000000098e+00 8.064000000000000000e+08 5.000000000000000000e+07 9.003521803856815442e-01 1.500000000000000000e+00 1.734546349189793241e-17 2.150790355991580327e+03
2.010000000000000000e+02 4.500000000000000111e-01 8.064000000000000000e+08 5.000000000000000000e+07 9.052871451949100479e-01 3.500000000000000333e-01 7.149310675912085173e-19 9.729214204582323191e+02
2.020000000000000000e+02 2.300000000000000266e+00 8.064000000000000000e+08 1.000000000000000000e+07 6.937722339831620122e-01 8.250000000000000666e-01 3.745180048606025645e-18 2.003354435425272186e+03
2.030000000000000000e+02 5.999999999999999778e-01 8.064000000000000000e+08 5.000000000000000000e+07 9.052871451949100479e-01 0.000000000000000000e+00 1.150082248829302440e-18 1.833534688149594786e+03
2.040000000000000000e+02 5.300000000000000266e-01 8.064000000000000000e+08 5.000000000000000000e+07 6.937722339831620122e-01 0.000000000000000000e+00 1.529196812555835246e-18 1.088040647826730947e+03
2.050000000000000000e+02 1.820000000000000062e+00 8.064000000000000000e+08 2.511900000000000000e+07 9.052871451949100479e-01 5.250000000000000222e-01 4.978674014724290555e-18 3.475773045349300901e+03
2.060000000000000000e+02 1.989999999999999991e+00 8.064000000000000000e+08 1.000000000000000000e+07 6.937722339831620122e-01 8.500000000000000888e-01 2.684257530350183786e-18 1.330515857205952443e+03
2.070000000000000000e+02 2.109999999999999876e+00 8.064000000000000000e+08 1.000000000000000000e+07 6.937722339831620122e-01 6.750000000000000444e-01 1.164929767781113137e-18 9.875532798903354887e+02
2.080000000000000000e+02 2.459999999999999964e+00 8.064000000000000000e+08 5.000000000000000000e+07 9.052871451949100479e-01 0.000000000000000000e+00 3.068972216181105119e-19 1.027950513854251767e+03
2.090000000000000000e+02 1.500000000000000000e+00 8.064000000000000000e+08 5.000000000000000000e+07 9.052871451949100479e-01 1.500000000000000000e+00 7.668690940872580635e-18 2.155314206488080799e+03
2.100000000000000000e+02 1.600000000000000089e+00 8.064000000000000000e+08 1.000000000000000000e+07 8.586438751563791882e-01 2.000000000000000111e-01 3.267680865519095523e-14 1.692200601102679968e+08
2.110000000000000000e+02 2.200000000000000178e+00 8.064000000000000000e+08 1.000000000000000000e+07 6.937722339831620122e-01 6.250000000000000000e-01 9.763724075449464622e-15 2.209147528777215630e+07
2.120000000000000000e+02 4.600000000000000200e-01 8.064000000000000000e+08 5.000000000000000000e+07 8.362199171250624952e-01 5.000000000000000278e-02 1.659220150902032309e-18 1.282208024921658989e+03
2.130000000000000000e+02 6.300000000000000044e-01 8.064000000000000000e+08 5.000000000000000000e+07 9.052871451949100479e-01 0.000000000000000000e+00 9.313442806435439264e-19 1.555990158636984415e+04
2.140000000000000000e+02 4.899999999999999911e-01 8.064000000000000000e+08 2.511900000000000000e+07 8.841074588205832807e-01 5.000000000000000278e-02 8.931074133876207738e-19 1.245719760248209695e+03
2.150000000000000000e+02 2.189999999999999947e+00 8.064000000000000000e+08 1.000000000000000000e+07 6.937722339831620122e-01 1.000000000000000000e+00 2.016899303933082165e-16 2.296758834676484548e+04
2.160000000000000000e+02 2.240000000000000213e+00 8.064000000000000000e+08 1.000000000000000000e+07 6.937722339831620122e-01 9.250000000000000444e-01 1.608030814447657625e-18 8.823796920371053147e+02
2.170000000000000000e+02 3.099999999999999978e-01 8.064000000000000000e+08 5.000000000000000000e+07 8.719615735397114875e-01 1.500000000000000000e+00 1.908618287751545312e-17 4.099367183782459506e+03
2.180000000000000000e+02 2.530000000000000249e+00 8.064000000000000000e+08 1.000000000000000000e+07 6.937722339831620122e-01 5.750000000000000666e-01 4.777608501103618328e-18 2.328952320732682892e+03
2.190000000000000000e+02 2.250000000000000000e+00 8.064000000000000000e+08 5.000000000000000000e+07 9.052871451949100479e-01 4.000000000000000222e-01 2.238165842052400439e-18 3.445730201530115210e+03
2.200000000000000000e+02 1.530000000000000027e+00 8.064000000000000000e+08 5.000000000000000000e+07 9.052871451949100479e-01 1.500000000000000000e+00 1.698440049927469870e-17 2.050942319613985092e+03
2.210000000000000000e+02 3.370000000000000107e+00 8.064000000000000000e+08 5.000000000000000000e+07 6.937722339831620122e-01 0.000000000000000000e+00 4.394616159253677486e-20 5.889975603524452481e+02
2.220000000000000000e+02 2.089999999999999858e+00 8.064000000000000000e+08 1.000000000000000000e+07 6.937722339831620122e-01 7.250000000000000888e-01 3.731842088792208988e-18 1.471720157834115525e+03
2.230000000000000000e+02 4.199999999999999845e-01 8.064000000000000000e+08 5.000000000000000000e+07 9.052871451949100479e-01 3.750000000000000000e-01 1.321832000140975130e-18 1.359618090646285054e+03
2.240000000000000000e+02 4.899999999999999911e-01 8.064000000000000000e+08 5.000000000000000000e+07 9.052871451949100479e-01 4.750000000000000333e-01 6.271973477767143355e-18 4.898484712031909112e+03
2.250000000000000000e+02 5.999999999999999778e-01 8.064000000000000000e+08 1.000000000000000000e+07 6.937722339831620122e-01 7.750000000000000222e-01 3.549529854141732465e-17 7.448781237365520610e+03
2.260000000000000000e+02 1.169999999999999929e+00 8.064000000000000000e+08 1.000000000000000000e+07 9.052871451949100479e-01 3.500000000000000333e-01 3.546089072576699271e-18 4.336139820777456407e+03
2.270000000000000000e+02 4.899999999999999911e-01 8.064000000000000000e+08 5.000000000000000000e+07 8.586438751563791882e-01 0.000000000000000000e+00 9.853733360132773278e-19 6.688471590595471525e+02
2.280000000000000000e+02 1.150000000000000133e+00 8.064000000000000000e+08 2.511900000000000000e+07 8.841074588205832807e-01 1.500000000000000000e+00 2.661417077158498131e-17 3.059731495350894420e+03
2.290000000000000000e+02 3.699999999999999956e-01 8.064000000000000000e+08 1.000000000000000000e+07 6.937722339831620122e-01 0.000000000000000000e+00 7.457096525512059571e-19 7.320563294848100213e+02
2.300000000000000000e+02 4.400000000000000022e-01 8.064000000000000000e+08 5.000000000000000000e+07 9.052871451949100479e-01 2.500000000000000000e-01 7.394704729595910867e-19 1.223287718176134149e+03
2.310000000000000000e+02 4.600000000000000200e-01 8.064000000000000000e+08 5.000000000000000000e+07 9.003521803856815442e-01 2.750000000000000222e-01 1.729873623591388039e-18 1.508760427960130301e+03
2.320000000000000000e+02 1.199999999999999956e+00 8.064000000000000000e+08 5.000000000000000000e+07 7.809132347232226046e-01 5.000000000000000278e-02 5.398317481453614466e-19 5.924584658743134469e+02
2.330000000000000000e+02 5.799999999999999600e-01 8.064000000000000000e+08 5.000000000000000000e+07 9.052871451949100479e-01 4.750000000000000333e-01 9.689986812909399205e-19 1.011085458186563301e+03
2.340000000000000000e+02 4.700000000000000289e-01 8.064000000000000000e+08 5.000000000000000000e+07 8.515106807538886935e-01 0.000000000000000000e+00 1.774436314668886452e-18 1.538959524518730177e+03
2.350000000000000000e+02 4.469999999999999751e+00 8.064000000000000000e+08 1.000000000000000000e+07 6.937722339831620122e-01 6.000000000000000888e-01 4.076423858478048598e-19 9.877028834361173040e+02
2.360000000000000000e+02 9.500000000000000666e-01 8.064000000000000000e+08 5.000000000000000000e+07 8.841074588205832807e-01 0.000000000000000000e+00 1.466780378432171555e-19 7.153387293836233312e+02
2.370000000000000000e+02 9.899999999999999911e-01 8.064000000000000000e+08 2.511900000000000000e+07 8.515106807538886935e-01 2.500000000000000139e-02 2.181401398657600456e-18 3.262421711791088001e+03
2.380000000000000000e+02 7.000000000000000666e-01 8.064000000000000000e+08 5.000000000000000000e+07 9.052871451949100479e-01 8.500000000000000888e-01 5.080099445782722707e-19 7.218418569064205030e+02
2.390000000000000000e+02 4.700000000000000289e-01 8.064000000000000000e+08 5.000000000000000000e+07 9.052871451949100479e-01 7.500000000000000000e-01 6.410059680258143473e-19 9.526188603486643842e+02
2.400000000000000000e+02 6.300000000000000044e-01 8.064000000000000000e+08 5.000000000000000000e+07 9.052871451949100479e-01 1.500000000000000000e+00 2.936505277341933104e-18 1.016951702573562557e+03
2.410000000000000000e+02 7.900000000000000355e-01 8.064000000000000000e+08 5.000000000000000000e+07 9.052871451949100479e-01 5.250000000000000222e-01 7.196767759943562874e-19 9.825680128280033614e+02
2.420000000000000000e+02 4.700000000000000289e-01 8.064000000000000000e+08 5.000000000000000000e+07 9.052871451949100479e-01 4.000000000000000222e-01 8.011657237406145502e-19 1.021739786731243612e+03
2.430000000000000000e+02 2.939999999999999947e+00 8.064000000000000000e+08 1.000000000000000000e+07 6.937722339831620122e-01 0.000000000000000000e+00 -1.273925346852784419e-17 9.418073860172328949e+08
2.440000000000000000e+02 2.939999999999999947e+00 8.064000000000000000e+08 1.000000000000000000e+07 6.937722339831620122e-01 0.000000000000000000e+00 -7.247226188412078500e-18 7.214205403576065302e+08
2.450000000000000000e+02 2.490000000000000213e+00 8.064000000000000000e+08 5.000000000000000000e+07 6.937722339831620122e-01 9.000000000000000222e-01 2.206697907088000513e-18 1.283685192988260496e+03
2.460000000000000000e+02 2.830000000000000071e+00 8.064000000000000000e+08 1.000000000000000000e+07 6.937722339831620122e-01 0.000000000000000000e+00 -4.863583485409677472e-18 2.136264401325503290e+08
2.470000000000000000e+02 4.950000000000000178e+00 8.064000000000000000e+08 1.000000000000000000e+07 9.052871451949100479e-01 1.450000000000000178e+00 7.226717469823528498e-19 1.010867417799788882e+03
2.480000000000000000e+02 3.030000000000000249e+00 8.064000000000000000e+08 1.000000000000000000e+07 6.937722339831620122e-01 0.000000000000000000e+00 -2.967826326033963924e-18 1.708973266993610263e+08
2.490000000000000000e+02 1.989999999999999991e+00 8.064000000000000000e+08 5.000000000000000000e+07 7.080048279597983552e-01 1.025000000000000133e+00 1.136449159110021207e-17 2.064590886914160365e+03
2.500000000000000000e+02 3.430000000000000160e+00 8.064000000000000000e+08 5.000000000000000000e+07 9.052871451949100479e-01 1.475000000000000089e+00 9.556496126816640467e-19 1.281225179512793147e+03
2.510000000000000000e+02 1.949999999999999956e+00 8.064000000000000000e+08 2.511900000000000000e+07 6.937722339831620122e-01 9.750000000000000888e-01 8.369695115810743926e-18 1.990820025808303171e+03
2.520000000000000000e+02 7.199999999999999734e-01 8.064000000000000000e+08 5.000000000000000000e+07 9.052871451949100479e-01 2.250000000000000056e-01 2.605833765227996447e-19 6.449872562052157718e+02
2.530000000000000000e+02 4.600000000000000200e-01 8.064000000000000000e+08 5.000000000000000000e+07 9.052871451949100479e-01 2.750000000000000222e-01 1.384025101670855033e-18 1.265721777893023955e+03
2.540000000000000000e+02 1.669999999999999929e+00 8.064000000000000000e+08 2.511900000000000000e+07 9.052871451949100479e-01 1.300000000000000044e+00 1.059830636710101465e-18 1.436450473142634564e+03
2.550000000000000000e+02 6.099999999999999867e-01 8.064000000000000000e+08 5.000000000000000000e+07 9.052871451949100479e-01 3.750000000000000000e-01 5.032281667103619739e-19 8.098019341171161614e+02
2.560000000000000000e+02 2.520000000000000018e+00 8.064000000000000000e+08 5.000000000000000000e+07 9.052871451949100479e-01 1.250000000000000000e+00 1.576767269559826716e-18 6.614686830834567672e+02
2.570000000000000000e+02 6.800000000000000488e-01 8.064000000000000000e+08 5.000000000000000000e+07 8.194539282036752414e-01 1.000000000000000056e-01 5.685999284031988890e-19 1.043678412740496242e+03
2.580000000000000000e+02 2.390000000000000124e+00 8.064000000000000000e+08 2.511900000000000000e+07 8.280299141390016215e-01 1.500000000000000000e+00 4.456818978891958815e-18 1.208743131596115063e+03
2.590000000000000000e+02 4.100000000000000311e-01 8.064000000000000000e+08 1.000000000000000000e+07 6.937722339831620122e-01 1.250000000000000000e-01 8.290001184570626552e-18 1.819766175767422055e+03
2.600000000000000000e+02 4.400000000000000022e-01 8.064000000000000000e+08 5.000000000000000000e+07 9.052871451949100479e-01 2.500000000000000139e-02 8.396402377583121621e-19 1.559303337439308052e+03
2.610000000000000000e+02 3.379999999999999893e+00 8.064000000000000000e+08 5.000000000000000000e+07 6.937722339831620122e-01 1.500000000000000000e+00 5.834326111008536870e-18 4.063069314078400112e+03
2.620000000000000000e+02 4.509999999999999787e+00 8.064000000000000000e+08 5.000000000000000000e+07 6.937722339831620122e-01 0.000000000000000000e+00 -4.244205786801037808e-19 4.776910477584887296e+07
2.630000000000000000e+02 3.120000000000000107e+00 8.064000000000000000e+08 1.000000000000000000e+07 6.937722339831620122e-01 0.000000000000000000e+00 -4.508628597934199405e-18 2.345469240161345005e+08
2.640000000000000000e+02 3.089999999999999858e+00 8.064000000000000000e+08 1.000000000000000000e+07 6.937722339831620122e-01 0.000000000000000000e+00 -8.894718152941256770e-18 1.113466381020169973e+09
2.650000000000000000e+02 3.089999999999999858e+00 8.064000000000000000e+08 1.000000000000000000e+07 6.937722339831620122e-01 0.000000000000000000e+00 -1.096598425851339347e-17 1.057504426396095395e+09
2.660000000000000000e+02 4.600000000000000200e-01 8.064000000000000000e+08 5.000000000000000000e+07 9.052871451949100479e-01 5.500000000000000444e-01 1.218787295576404596e-18 1.128655738014135522e+03
2.670000000000000000e+02 3.100000000000000089e+00 8.064000000000000000e+08 1.000000000000000000e+07 6.937722339831620122e-01 0.000000000000000000e+00 -1.313065188619640834e-18 1.506725436942017078e+07
2.680000000000000000e+02 2.330000000000000071e+00 8.064000000000000000e+08 1.000000000000000000e+07 6.937722339831620122e-01 1.074999999999999956e+00 1.531196818904563660e-14 3.000377815951918438e+07
2.690000000000000000e+02 2.339999999999999858e+00 8.064000000000000000e+08 1.000000000000000000e+07 6.937722339831620122e-01 1.200000000000000178e+00 1.388432300557354785e-14 2.947781962669164687e+07
2.700000000000000000e+02 3.359999999999999876e+00 8.064000000000000000e+08 5.000000000000000000e+07 6.937722339831620122e-01 1.050000000000000044e+00 1.479514179894445654e-18 1.226830144071401037e+03
2.710000000000000000e+02 3.729999999999999982e+00 8.064000000000000000e+08 5.000000000000000000e+07 6.937722339831620122e-01 5.750000000000000666e-01 3.106137819220072928e-19 6.805227692916170099e+02
2.720000000000000000e+02 1.090000000000000080e+00 8.064000000000000000e+08 2.511900000000000000e+07 8.897735565382587364e-01 1.500000000000000000e+00 1.992087718293765177e-17 2.744836866454284518e+03
2.730000000000000000e+02 3.379999999999999893e+00 8.064000000000000000e+08 5.000000000000000000e+07 8.897735565382587364e-01 1.500000000000000000e+00 1.980394241758705015e-18 1.173127063109547635e+03
2.740000000000000000e+02 4.299999999999999933e-01 8.064000000000000000e+08 5.000000000000000000e+07 9.052871451949100479e-01 1.750000000000000167e-01 6.545181552255819822e-19 1.104682835350786036e+03
2.750000000000000000e+02 7.000000000000000666e-01 8.064000000000000000e+08 1.000000000000000000e+07 8.104737685031120353e-01 1.500000000000000000e+00 4.013000948267586941e-18 1.664739322867147166e+03
2.760000000000000000e+02 5.899999999999999689e-01 8.064000000000000000e+08 1.000000000000000000e+07 6.937722339831620122e-01 7.750000000000000222e-01 6.835328921306630200e-18 1.611944489155124302e+03
2.770000000000000000e+02 4.240000000000000213e+00 8.064000000000000000e+08 5.000000000000000000e+07 6.937722339831620122e-01 5.500000000000000444e-01 1.481770303426175138e-19 5.662369843445827655e+02
2.780000000000000000e+02 4.709999999999999964e+00 8.064000000000000000e+08 1.000000000000000000e+07 6.937722339831620122e-01 6.000000000000000888e-01 4.463267471165069554e-19 1.180615660802356160e+03
2.790000000000000000e+02 6.700000000000000400e-01 8.064000000000000000e+08 5.000000000000000000e+07 9.052871451949100479e-01 1.000000000000000056e-01 3.980198058473933967e-19 8.285399725084134843e+02
2.800000000000000000e+02 5.000000000000000000e-01 8.064000000000000000e+08 5.000000000000000000e+07 9.052871451949100479e-01 0.000000000000000000e+00 3.694825645529571368e-19 7.416106313444583975e+02
2.810000000000000000e+02 4.700000000000000178e+00 8.064000000000000000e+08 5.000000000000000000e+07 9.052871451949100479e-01 1.025000000000000133e+00 4.009002854947617579e-19 8.262824392649937408e+02
2.820000000000000000e+02 2.200000000000000178e+00 8.064000000000000000e+08 1.000000000000000000e+07 6.937722339831620122e-01 9.500000000000000666e-01 2.224771518210167544e-18 1.359387867057919493e+03
2.830000000000000000e+02 1.320000000000000062e+00 8.064000000000000000e+08 1.000000000000000000e+07 6.937722339831620122e-01 8.000000000000000444e-01 2.795332025673752262e-18 8.531184243865878898e+02
2.840000000000000000e+02 4.600000000000000200e-01 8.064000000000000000e+08 5.000000000000000000e+07 9.003521803856815442e-01 0.000000000000000000e+00 6.793797262206935727e-19 1.045357632952334825e+03
2.850000000000000000e+02 3.900000000000000133e-01 8.064000000000000000e+08 5.000000000000000000e+07 9.052871451949100479e-01 4.250000000000000444e-01 1.156867051844952032e-18 1.497395404465272122e+03
2.860000000000000000e+02 3.800000000000000044e-01 8.064000000000000000e+08 5.000000000000000000e+07 7.588113568490419958e-01 0.000000000000000000e+00 1.905740755830319513e-18 1.132519815997525257e+03
2.870000000000000000e+02 8.699999999999999956e-01 8.064000000000000000e+08 2.511900000000000000e+07 8.781743261443593074e-01 1.500000000000000000e+00 2.324721061587491488e-17 4.427528226474541952e+03
2.880000000000000000e+02 1.050000000000000044e+00 8.064000000000000000e+08 2.511900000000000000e+07 8.841074588205832807e-01 1.500000000000000000e+00 2.104023206653400143e-17 2.133270702986656033e+03
2.890000000000000000e+02 2.350000000000000089e+00 8.064000000000000000e+08 1.000000000000000000e+07 9.052871451949100479e-01 9.500000000000000666e-01 6.978135877863611190e-18 2.424523818668436888e+03
2.900000000000000000e+02 1.239999999999999991e+00 8.064000000000000000e+08 5.000000000000000000e+07 9.052871451949100479e-01 1.500000000000000000e+00 1.712170570877502758e-17 3.193509071542558104e+03
2.910000000000000000e+02 9.500000000000000666e-01 8.064000000000000000e+08 1.000000000000000000e+07 9.052871451949100479e-01 7.250000000000000888e-01 7.073840466050884774e-19 9.931201115655463809e+02
2.920000000000000000e+02 1.290000000000000036e+00 8.064000000000000000e+08 5.000000000000000000e+07 9.052871451949100479e-01 1.500000000000000000e+00 1.284766170830029602e-17 1.675977555061483145e+03
2.930000000000000000e+02 2.510000000000000231e+00 8.064000000000000000e+08 1.000000000000000000e+07 6.937722339831620122e-01 7.500000000000000000e-01 1.259733428709288324e-18 1.078605949591259787e+03
2.940000000000000000e+02 1.189999999999999947e+00 8.064000000000000000e+08 5.000000000000000000e+07 8.654560229254073533e-01 1.500000000000000000e+00 2.233747293766450946e-17 2.084917583840341649e+03
2.950000000000000000e+02 1.409999999999999920e+00 8.064000000000000000e+08 5.000000000000000000e+07 9.052871451949100479e-01 1.500000000000000000e+00 1.736463439666403484e-17 1.841574846635071708e+03
2.960000000000000000e+02 2.379999999999999893e+00 8.064000000000000000e+08 5.000000000000000000e+07 9.052871451949100479e-01 8.500000000000000888e-01 1.857005101073031978e-18 1.432423884792207446e+03
2.970000000000000000e+02 4.910000000000000142e+00 8.064000000000000000e+08 1.000000000000000000e+07 6.937722339831620122e-01 0.000000000000000000e+00 2.606275215316964261e-19 4.077745576208071725e+03
2.980000000000000000e+02 8.000000000000000444e-01 8.064000000000000000e+08 5.000000000000000000e+07 9.052871451949100479e-01 9.000000000000000222e-01 4.850136243672681809e-19 6.211550658471039696e+02
2.990000000000000000e+02 4.600000000000000200e-01 8.064000000000000000e+08 5.000000000000000000e+07 9.052871451949100479e-01 4.250000000000000444e-01 8.109106148052016095e-19 1.053836961348928298e+03
3.000000000000000000e+02 5.100000000000000089e-01 8.064000000000000000e+08 5.000000000000000000e+07 9.052871451949100479e-01 7.500000000000001110e-02 6.012864361549321688e-19 1.131782360937642807e+03
3.010000000000000000e+02 6.300000000000000044e-01 8.064000000000000000e+08 1.000000000000000000e+07 6.937722339831620122e-01 1.125000000000000000e+00 2.215673613983562643e-16 1.152136410195705685e+04
3.020000000000000000e+02 1.610000000000000098e+00 8.064000000000000000e+08 1.000000000000000000e+07 8.719615735397114875e-01 3.000000000000000444e-01 4.100875211361843480e-14 1.110168251507711112e+08
3.030000000000000000e+02 4.410000000000000142e+00 8.064000000000000000e+08 5.000000000000000000e+07 9.052871451949100479e-01 3.000000000000000444e-01 3.427682482666228838e-20 6.051878515855535170e+02
3.040000000000000000e+02 1.520000000000000018e+00 8.064000000000000000e+08 5.000000000000000000e+07 9.052871451949100479e-01 1.500000000000000000e+00 2.409429402347900846e-17 2.407493111708994093e+03
3.050000000000000000e+02 2.180000000000000160e+00 8.064000000000000000e+08 1.000000000000000000e+07 6.937722339831620122e-01 9.000000000000000222e-01 7.781589845805829070e-18 1.459830175576305464e+03
3.060000000000000000e+02 5.999999999999999778e-01 8.064000000000000000e+08 5.000000000000000000e+07 6.937722339831620122e-01 1.074999999999999956e+00 7.645453472777124996e-17 3.441671184798551621e+03
3.070000000000000000e+02 4.169999999999999929e+00 8.064000000000000000e+08 5.000000000000000000e+07 6.937722339831620122e-01 1.350000000000000089e+00 7.808364899620796242e-19 6.809829333383147514e+02
3.080000000000000000e+02 3.350000000000000089e+00 8.064000000000000000e+08 5.000000000000000000e+07 9.052871451949100479e-01 1.000000000000000000e+00 1.680321828476749520e-18 9.003469915059030200e+02
3.090000000000000000e+02 3.089999999999999858e+00 8.064000000000000000e+08 2.511900000000000000e+07 6.937722339831620122e-01 0.000000000000000000e+00 1.566046633554837234e-19 1.351334508769890454e+04
3.100000000000000000e+02 9.400000000000000577e-01 8.064000000000000000e+08 2.511900000000000000e+07 8.362199171250624952e-01 4.000000000000000222e-01 5.689647770400244357e-19 7.441572398131344244e+02
3.110000000000000000e+02 1.130000000000000115e+00 8.064000000000000000e+08 2.511900000000000000e+07 9.052871451949100479e-01 5.000000000000000278e-02 2.349744609924737312e-19 4.730881725141911716e+02
3.120000000000000000e+02 3.699999999999999956e-01 8.064000000000000000e+08 5.000000000000000000e+07 9.052871451949100479e-01 1.500000000000000000e+00 2.604540415027149017e-18 7.573534587062806622e+02
3.130000000000000000e+02 2.439999999999999947e+00 8.064000000000000000e+08 5.000000000000000000e+07 9.052871451949100479e-01 6.750000000000000444e-01 1.480207505428894938e-18 8.158396883886832711e+02
3.140000000000000000e+02 1.000000000000000056e-01 8.064000000000000000e+08 5.000000000000000000e+07 9.052871451949100479e-01 3.250000000000000111e-01 5.178284198828499559e-19 5.403739346347546189e+02
3.150000000000000000e+02 1.669999999999999929e+00 8.064000000000000000e+08 1.000000000000000000e+07 7.215968496873395033e-01 5.000000000000000000e-01 1.916490603339233012e-18 6.701063422158558751e+02
3.160000000000000000e+02 7.500000000000000000e-01 8.064000000000000000e+08 5.000000000000000000e+07 9.052871451949100479e-01 1.500000000000000000e+00 1.058823256314716062e-17 1.744470624631869441e+03
3.170000000000000000e+02 4.600000000000000200e-01 8.064000000000000000e+08 5.000000000000000000e+07 9.052871451949100479e-01 2.000000000000000111e-01 7.578239117941905691e-19 7.731757549314525022e+02
3.180000000000000000e+02 1.189999999999999947e+00 8.064000000000000000e+08 5.000000000000000000e+07 6.937722339831620122e-01 1.450000000000000178e+00 1.340956315936485524e-17 1.588389160776084736e+03
3.190000000000000000e+02 7.399999999999999911e-01 8.064000000000000000e+08 5.000000000000000000e+07 9.052871451949100479e-01 6.500000000000000222e-01 6.153929848014932834e-19 5.092351875979729243e+02
3.200000000000000000e+02 3.959999999999999964e+00 8.064000000000000000e+08 5.000000000000000000e+07 6.937722339831620122e-01 2.750000000000000222e-01 1.486333604283517397e-19 4.608923672092100219e+02
3.210000000000000000e+02 5.200000000000000178e-01 8.064000000000000000e+08 1.000000000000000000e+07 8.586438751563791882e-01 4.500000000000000111e-01 5.655137983773460890e-19 4.893159301577331348e+02
3.220000000000000000e+02 4.030000000000000249e+00 8.064000000000000000e+08 2.511900000000000000e+07 6.937722339831620122e-01 1.074999999999999956e+00 3.814344601115912954e-19 5.294543221142608900e+02
3.230000000000000000e+02 6.300000000000000044e-01 8.064000000000000000e+08 5.000000000000000000e+07 9.052871451949100479e-01 0.000000000000000000e+00 5.055031390758652103e-19 8.222507240018578614e+02
3.240000000000000000e+02 5.899999999999999689e-01 8.064000000000000000e+08 5.000000000000000000e+07 9.052871451949100479e-01 2.500000000000000000e-01 8.853283390905690670e-18 1.384894192207737069e+04
3.250000000000000000e+02 2.569999999999999840e+00 8.064000000000000000e+08 5.000000000000000000e+07 9.052871451949100479e-01 1.500000000000000000e+00 1.379619931112818732e-18 3.157809191495064169e+02
3.260000000000000000e+02 4.820000000000000284e+00 8.064000000000000000e+08 2.511900000000000000e+07 9.052871451949100479e-01 1.400000000000000133e+00 2.516094904960424920e-18 1.993605265687431483e+03
3.270000000000000000e+02 4.969999999999999751e+00 8.064000000000000000e+08 2.511900000000000000e+07 6.937722339831620122e-01 1.074999999999999956e+00 1.252187999977934382e-19 1.737147034784431071e+03
3.280000000000000000e+02 4.080000000000000071e+00 8.064000000000000000e+08 2.511900000000000000e+07 9.052871451949100479e-01 0.000000000000000000e+00 1.536272580177517843e-19 3.919940352517239717e+03
3.290000000000000000e+02 9.000000000000000222e-01 8.064000000000000000e+08 1.000000000000000000e+07 8.280299141390016215e-01 0.000000000000000000e+00 3.075774513369909158e-19 9.318167182258433741e+02
3.300000000000000000e+02 4.600000000000000200e-01 8.064000000000000000e+08 5.000000000000000000e+07 7.809132347232226046e-01 0.000000000000000000e+00 1.149951539030057735e-18 8.908457511990444573e+02
3.310000000000000000e+02 5.400000000000000355e-01 8.064000000000000000e+08 1.000000000000000000e+07 6.937722339831620122e-01 0.000000000000000000e+00 3.561676390168216873e-19 7.402659056410906260e+02
3.320000000000000000e+02 2.660000000000000142e+00 8.064000000000000000e+08 5.000000000000000000e+07 9.052871451949100479e-01 0.000000000000000000e+00 1.360904670916308110e-19 7.201605883284388483e+02
3.330000000000000000e+02 5.500000000000000444e-01 8.064000000000000000e+08 5.000000000000000000e+07 7.588113568490419958e-01 0.000000000000000000e+00 1.286892420582874998e-18 1.308629237400185048e+03
3.340000000000000000e+02 2.629999999999999893e+00 8.064000000000000000e+08 5.000000000000000000e+07 8.104737685031120353e-01 1.500000000000000000e+00 2.802640095262697833e-18 7.340928817732385596e+02
3.350000000000000000e+02 2.680000000000000160e+00 8.064000000000000000e+08 5.000000000000000000e+07 6.937722339831620122e-01 7.250000000000000888e-01 1.195801925868514371e-18 1.057612042902155508e+03
3.360000000000000000e+02 7.000000000000000666e-01 8.064000000000000000e+08 5.000000000000000000e+07 9.052871451949100479e-01 1.750000000000000167e-01 2.846190968315075377e-19 7.242765907171639128e+02
3.370000000000000000e+02 4.810000000000000497e+00 8.064000000000000000e+08 5.000000000000000000e+07 9.052871451949100479e-01 1.500000000000000222e-01 1.951003937663992370e-19 9.276379496186116285e+02
3.380000000000000000e+02 1.469999999999999973e+00 8.064000000000000000e+08 5.000000000000000000e+07 9.052871451949100479e-01 1.500000000000000000e+00 1.669901804408341242e-17 1.794796890988016230e+03
3.390000000000000000e+02 8.000000000000000444e-01 8.064000000000000000e+08 5.000000000000000000e+07 9.052871451949100479e-01 5.500000000000000444e-01 5.412413089538198731e-19 1.726837089495035116e+03
3.400000000000000000e+02 2.800000000000000266e-01 8.064000000000000000e+08 5.000000000000000000e+07 6.937722339831620122e-01 0.000000000000000000e+00 6.886449600064567898e-18 4.828790986825568325e+03
3.410000000000000000e+02 3.900000000000000133e-01 8.064000000000000000e+08 1.000000000000000000e+07 7.701167080980508839e-01 2.500000000000000139e-02 2.912888756773013577e-18 1.249967008064232004e+03
3.420000000000000000e+02 2.300000000000000266e+00 8.064000000000000000e+08 2.511900000000000000e+07 9.003521803856815442e-01 6.000000000000000888e-01 6.725180667941832376e-19 7.988265605559051892e+02
3.430000000000000000e+02 3.379999999999999893e+00 8.064000000000000000e+08 5.000000000000000000e+07 7.215968496873395033e-01 1.300000000000000044e+00 6.134694924889017519e-18 4.557912183673321124e+03
3.440000000000000000e+02 4.600000000000000200e-01 8.064000000000000000e+08 1.000000000000000000e+07 6.937722339831620122e-01 0.000000000000000000e+00 1.293824511962134023e-18 8.969653943035075372e+02
3.450000000000000000e+02 4.810000000000000497e+00 8.064000000000000000e+08 1.000000000000000000e+07 9.052871451949100479e-01 5.250000000000000222e-01 2.154214760874129739e-19 9.515455068046184124e+02
3.460000000000000000e+02 3.599999999999999867e-01 8.064000000000000000e+08 1.000000000000000000e+07 7.809132347232226046e-01 0.000000000000000000e+00 1.700239119011390150e-18 1.087301351172659906e+03
3.470000000000000000e+02 1.919999999999999929e+00 8.064000000000000000e+08 5.000000000000000000e+07 7.588113568490419958e-01 1.000000000000000000e+00 9.108891313439318238e-18 1.665207365253990702e+03
3.480000000000000000e+02 2.229999999999999982e+00 8.064000000000000000e+08 1.000000000000000000e+07 9.052871451949100479e-01 9.250000000000000444e-01 6.113570381362331123e-17 1.092281316737208690e+05
3.490000000000000000e+02 2.240000000000000213e+00 8.064000000000000000e+08 2.511900000000000000e+07 8.654560229254073533e-01 1.500000000000000000e+00 5.031717195471637016e-16 2.326772835201878916e+05
3.500000000000000000e+02 6.800000000000000488e-01 8.064000000000000000e+08 5.000000000000000000e+07 9.052871451949100479e-01 5.000000000000000000e-01 5.183388511789516141e-19 7.720569932491907821e+02
3.510000000000000000e+02 4.870000000000000107e+00 8.064000000000000000e+08 1.000000000000000000e+07 9.052871451949100479e-01 3.000000000000000444e-01 2.274134449108254851e-19 2.133929169561352865e+03
3.520000000000000000e+02 2.330000000000000071e+00 8.064000000000000000e+08 1.000000000000000000e+07 6.937722339831620122e-01 1.025000000000000133e+00 1.055634160789129689e-17 3.263323042453216658e+03
3.530000000000000000e+02 3.300000000000000155e-01 8.064000000000000000e+08 5.000000000000000000e+07 9.052871451949100479e-01 1.000000000000000056e-01 3.324291966940093395e-18 2.711551862310987417e+03
3.540000000000000000e+02 5.799999999999999600e-01 8.064000000000000000e+08 5.000000000000000000e+07 9.052871451949100479e-01 8.000000000000000444e-01 3.062719094309933465e-19 4.809388594650213804e+02
3.550000000000000000e+02 2.709999999999999964e+00 8.064000000000000000e+08 5.000000000000000000e+07 9.052871451949100479e-01 3.250000000000000111e-01 3.943424511899713327e-19 7.277929772739088321e+02
3.560000000000000000e+02 6.099999999999999867e-01 8.064000000000000000e+08 5.000000000000000000e+07 7.215968496873395033e-01 6.500000000000000222e-01 2.697744047646555795e-18 1.167982268169193731e+03
3.570000000000000000e+02 7.299999999999999822e-01 8.064000000000000000e+08 5.000000000000000000e+07 9.052871451949100479e-01 6.250000000000000000e-01 8.278630327433381848e-19 1.734240299544828076e+03
3.580000000000000000e+02 3.450000000000000178e+00 8.064000000000000000e+08 5.000000000000000000e+07 6.937722339831620122e-01 8.750000000000000000e-01 9.716134742904185987e-19 1.211379757318019301e+03
3.590000000000000000e+02 1.610000000000000098e+00 8.064000000000000000e+08 1.000000000000000000e+07 8.194539282036752414e-01 8.500000000000000888e-01 2.116272211992870064e-18 7.826836388705704621e+02
3.600000000000000000e+02 6.099999999999999867e-01 8.064000000000000000e+08 2.511900000000000000e+07 6.937722339831620122e-01 5.000000000000000278e-02 8.328780613147776424e-19 7.487340004087355965e+02
3.610000000000000000e+02 4.199999999999999845e-01 8.064000000000000000e+08 5.000000000000000000e+07 8.781743261443593074e-01 0.000000000000000000e+00 2.870201766906382223e-18 2.916992443490339610e+03
3.620000000000000000e+02 4.980000000000000426e+00 8.064000000000000000e+08 5.000000000000000000e+07 9.052871451949100479e-01 7.000000000000000666e-01 3.367715359364978315e-19 9.482816478788446375e+02
3.630000000000000000e+02 3.000000000000000000e+00 8.064000000000000000e+08 1.000000000000000000e+07 6.937722339831620122e-01 0.000000000000000000e+00 -1.327457258482232639e-17 4.433914243539717793e+08
3.640000000000000000e+02 4.450000000000000178e+00 8.064000000000000000e+08 5.000000000000000000e+07 9.052871451949100479e-01 1.500000000000000000e+00 2.431404668817443528e-19 6.630283757882306190e+02
3.650000000000000000e+02 1.260000000000000009e+00 8.064000000000000000e+08 5.000000000000000000e+07 9.052871451949100479e-01 1.500000000000000000e+00 1.153744465276595937e-17 1.383693779140502784e+03
3.660000000000000000e+02 7.800000000000000266e-01 8.064000000000000000e+08 5.000000000000000000e+07 9.052871451949100479e-01 1.500000000000000000e+00 9.860027396970773301e-18 1.502453760979823983e+03
3.670000000000000000e+02 2.129999999999999893e+00 8.064000000000000000e+08 5.000000000000000000e+07 9.052871451949100479e-01 1.500000000000000000e+00 1.688428842942214265e-18 6.425984089288344876e+02
3.680000000000000000e+02 1.060000000000000053e+00 8.064000000000000000e+08 5.000000000000000000e+07 9.052871451949100479e-01 1.500000000000000000e+00 3.172825570317889483e-17 3.786748037565683262e+03
3.690000000000000000e+02 1.130000000000000115e+00 8.064000000000000000e+08 5.000000000000000000e+07 9.052871451949100479e-01 1.500000000000000000e+00 4.714960913824356041e-17 6.552695531740729166e+03
3.700000000000000000e+02 5.600000000000000533e-01 8.064000000000000000e+08 1.000000000000000000e+07 9.052871451949100479e-01 6.000000000000000888e-01 3.030127709956436197e-19 4.173851101800514130e+02
3.710000000000000000e+02 4.620000000000000107e+00 8.064000000000000000e+08 5.000000000000000000e+07 6.937722339831620122e-01 5.750000000000000666e-01 1.124681217776896927e-19 1.380313742555732460e+03
3.720000000000000000e+02 2.100000000000000089e+00 8.064000000000000000e+08 1.000000000000000000e+07 6.937722339831620122e-01 7.750000000000000222e-01 1.005218882378568111e-17 2.111709693311463070e+03
3.730000000000000000e+02 3.089999999999999858e+00 8.064000000000000000e+08 1.000000000000000000e+07 6.937722339831620122e-01 0.000000000000000000e+00 -6.173382773366697273e-18 4.229262254806048274e+08
