# obj_no phot_z age_old age_new f_old_V  EBV norm chi
1.000000000000000000e+00 2.899999999999999800e-01 8.064000000000000000e+08 1.000000000000000000e+07 9.187989160644089992e-01 2.500000000000000139e-02 1.483647005162763286e-18 1.990588300845127151e+03
2.000000000000000000e+00 1.409999999999999920e+00 5.088000000000000000e+08 5.000000000000000000e+07 9.736921945229898290e-01 4.000000000000000222e-01 4.787966960514612970e-18 1.278451341438113559e+03
3.000000000000000000e+00 2.999999999999999889e-02 8.064000000000000000e+08 1.000000000000000000e+07 9.736921945229898290e-01 7.500000000000001110e-02 4.881155714498025541e-19 1.537698572487968704e+03
4.000000000000000000e+00 1.699999999999999956e+00 4.000000000000000000e+09 2.511900000000000000e+07 9.469042655519807061e-01 1.750000000000000167e-01 7.072587154141488993e-19 7.929863339693160924e+02
5.000000000000000000e+00 3.910000000000000142e+00 1.700000000000000000e+09 5.000000000000000000e+07 9.100000000000000311e-01 3.750000000000000000e-01 8.693384641443265051e-18 9.105793451568458750e+02
6.000000000000000000e+00 3.500000000000000333e-01 5.088000000000000000e+08 1.000000000000000000e+07 9.736921945229898290e-01 1.000000000000000056e-01 2.041977423713523990e-19 9.251377120213160197e+02
7.000000000000000000e+00 2.470000000000000195e+00 5.088000000000000000e+08 5.000000000000000000e+07 9.736921945229898290e-01 2.000000000000000111e-01 4.330532441726830308e-19 6.207455102708989898e+02
8.000000000000000000e+00 4.199999999999999845e-01 5.088000000000000000e+08 5.000000000000000000e+07 9.736921945229898290e-01 0.000000000000000000e+00 9.253987097402652161e-20 9.612340152043983608e+02
9.000000000000000000e+00 4.700000000000000289e-01 1.139100030000000000e+09 2.511900000000000000e+07 9.100000000000000311e-01 1.000000000000000000e+00 2.860995101141924419e-16 7.431070214048600064e+03
1.000000000000000000e+01 4.860000000000000320e+00 5.088000000000000000e+08 1.000000000000000000e+07 9.663484167759833765e-01 3.750000000000000000e-01 3.168887801848777432e-17 6.035896522823044506e+03
1.100000000000000000e+01 1.459999999999999964e+00 5.088000000000000000e+08 5.000000000000000000e+07 9.100000000000000311e-01 5.750000000000000666e-01 1.789962340723587520e-16 1.845881764622238961e+03
1.200000000000000000e+01 3.510000000000000231e+00 2.000000000000000000e+09 5.000000000000000000e+07 9.100000000000000311e-01 2.250000000000000056e-01 2.173492194600377435e-18 5.932029232070958642e+02
1.300000000000000000e+01 2.300000000000000266e+00 3.000000000000000000e+09 1.000000000000000000e+07 9.100000000000000311e-01 3.000000000000000444e-01 7.306276624834679936e-18 1.130721124721412707e+03
1.400000000000000000e+01 3.040000000000000036e+00 1.434000000000000000e+09 5.000000000000000000e+07 9.736921945229898290e-01 9.250000000000000444e-01 3.404065785865731932e-15 2.264586777451238504e+03
1.500000000000000000e+01 4.990000000000000213e+00 5.088000000000000000e+08 1.000000000000000000e+07 9.736921945229898290e-01 0.000000000000000000e+00 9.670429268250667689e-20 8.661319228690159662e+02
1.600000000000000000e+01 3.580000000000000071e+00 2.000000000000000000e+09 5.000000000000000000e+07 9.100000000000000311e-01 3.500000000000000333e-01 1.597615236068565946e-17 1.411027646296718331e+03
1.700000000000000000e+01 1.040000000000000036e+00 1.434000000000000000e+09 5.000000000000000000e+07 9.736921945229898290e-01 3.500000000000000333e-01 2.127555002526314185e-17 4.310004115452663427e+03
1.800000000000000000e+01 3.200000000000000067e-01 8.064000000000000000e+08 1.000000000000000000e+07 9.100000000000000311e-01 0.000000000000000000e+00 2.314344524837509321e-18 3.170114994890986509e+03
1.900000000000000000e+01 3.189999999999999947e+00 2.000000000000000000e+09 5.000000000000000000e+07 9.100000000000000311e-01 3.500000000000000333e-01 1.657973026682206200e-17 2.062643803563558322e+03
2.000000000000000000e+01 2.580000000000000071e+00 1.434000000000000000e+09 5.000000000000000000e+07 9.736921945229898290e-01 0.000000000000000000e+00 1.153901403124528199e-19 5.230375411064114815e+02
2.100000000000000000e+01 3.890000000000000124e+00 5.088000000000000000e+08 5.000000000000000000e+07 9.736921945229898290e-01 6.500000000000000222e-01 1.149003823031811207e-15 6.144909054145017762e+03
2.200000000000000000e+01 7.500000000000000000e-01 5.088000000000000000e+08 5.000000000000000000e+07 9.736921945229898290e-01 3.500000000000000333e-01 7.097066012146223866e-19 1.157256762133900111e+03
2.300000000000000000e+01 5.000000000000000000e-01 5.088000000000000000e+08 5.000000000000000000e+07 9.736921945229898290e-01 3.000000000000000444e-01 7.789713410047182447e-19 1.110416564557529455e+03
2.400000000000000000e+01 1.260000000000000009e+00 1.700000000000000000e+09 5.000000000000000000e+07 9.736921945229898290e-01 3.000000000000000444e-01 6.925260652633052374e-18 1.645944737257826318e+03
2.500000000000000000e+01 4.000000000000000222e-01 8.064000000000000000e+08 5.000000000000000000e+07 9.736921945229898290e-01 0.000000000000000000e+00 1.308094407192627760e-19 8.854052553274524371e+02
2.600000000000000000e+01 3.479999999999999982e+00 8.064000000000000000e+08 5.000000000000000000e+07 9.575192539750227994e-01 7.500000000000001110e-02 3.922397021374890196e-19 7.392795101724486813e+02
2.700000000000000000e+01 4.360000000000000320e+00 5.088000000000000000e+08 5.000000000000000000e+07 9.663484167759833765e-01 2.500000000000000139e-02 8.972435268627571163e-19 2.232209793429457022e+03
2.800000000000000000e+01 1.040000000000000036e+00 1.434000000000000000e+09 5.000000000000000000e+07 9.187989160644089992e-01 3.500000000000000333e-01 6.328350998698242581e-18 1.351329809055623173e+03
2.900000000000000000e+01 4.540000000000000036e+00 8.064000000000000000e+08 1.000000000000000000e+07 9.524560062662843496e-01 7.500000000000000000e-01 4.374786964349192999e-16 4.777896689455455635e+04
3.000000000000000000e+01 3.609999999999999876e+00 2.000000000000000000e+09 1.000000000000000000e+07 9.100000000000000311e-01 3.750000000000000000e-01 6.100782248468665868e-18 9.725214107296371822e+02
3.100000000000000000e+01 7.299999999999999822e-01 5.088000000000000000e+08 1.000000000000000000e+07 9.100000000000000311e-01 0.000000000000000000e+00 3.708774150353468218e-19 1.247633220451315765e+03
3.200000000000000000e+01 2.370000000000000107e+00 5.088000000000000000e+08 5.000000000000000000e+07 9.701892829446502331e-01 1.000000000000000000e+00 2.717712816837135588e-15 1.788524489511959928e+03
3.300000000000000000e+01 3.699999999999999956e-01 5.088000000000000000e+08 5.000000000000000000e+07 9.736921945229898290e-01 2.750000000000000222e-01 3.866400433297620254e-19 1.111220209472696297e+03
3.400000000000000000e+01 6.140000000000000568e+00 1.139100030000000000e+09 1.000000000000000000e+07 9.100000000000000311e-01 4.000000000000000222e-01 -2.194227588728413275e-18 5.922444903531312548e+02
3.500000000000000000e+01 1.060000000000000053e+00 2.000000000000000000e+09 5.000000000000000000e+07 9.736921945229898290e-01 3.250000000000000111e-01 1.827678514500011708e-17 4.099719579110120321e+03
3.600000000000000000e+01 4.280000000000000249e+00 5.088000000000000000e+08 5.000000000000000000e+07 9.736921945229898290e-01 5.000000000000000278e-02 1.742852980542949452e-19 8.012001575645467710e+02
3.700000000000000000e+01 5.899999999999999689e-01 8.064000000000000000e+08 1.000000000000000000e+07 9.100000000000000311e-01 7.000000000000000666e-01 5.963209125693057476e-17 3.510590173305709413e+03
3.800000000000000000e+01 2.550000000000000266e+00 5.088000000000000000e+08 1.000000000000000000e+07 9.100000000000000311e-01 1.000000000000000056e-01 1.788024999070557539e-18 1.169338519553798278e+03
3.900000000000000000e+01 3.570000000000000284e+00 2.000000000000000000e+09 1.000000000000000000e+07 9.100000000000000311e-01 3.000000000000000444e-01 5.614902437683282986e-18 1.528663830131208215e+03
4.000000000000000000e+01 2.000000000000000111e-01 2.000000000000000000e+09 1.000000000000000000e+07 9.100000000000000311e-01 0.000000000000000000e+00 8.649695481303055704e-19 1.502765543957769523e+03
4.100000000000000000e+01 3.099999999999999978e-01 5.088000000000000000e+08 1.000000000000000000e+07 9.341422424970816651e-01 1.000000000000000056e-01 3.175708241002417180e-18 2.868585872450066290e+03
4.200000000000000000e+01 3.570000000000000284e+00 2.000000000000000000e+09 5.000000000000000000e+07 9.100000000000000311e-01 4.750000000000000333e-01 2.326402891407545685e-17 1.145620726312794204e+03
4.300000000000000000e+01 3.580000000000000071e+00 2.000000000000000000e+09 1.000000000000000000e+07 9.100000000000000311e-01 4.500000000000000111e-01 1.642335970553505157e-17 1.521714944404315702e+03
4.400000000000000000e+01 5.300000000000000266e-01 8.064000000000000000e+08 1.000000000000000000e+07 9.100000000000000311e-01 2.500000000000000000e-01 3.821015098473114219e-18 1.858934393081743110e+03
4.500000000000000000e+01 3.300000000000000155e-01 8.064000000000000000e+08 1.000000000000000000e+07 9.736921945229898290e-01 0.000000000000000000e+00 1.801585246690203289e-19 9.600692692754610107e+02
4.600000000000000000e+01 3.149999999999999911e+00 5.088000000000000000e+08 1.000000000000000000e+07 9.341422424970816651e-01 3.250000000000000111e-01 1.320362393531443828e-17 1.888566016594909797e+03
4.700000000000000000e+01 3.400000000000000244e-01 5.088000000000000000e+08 1.000000000000000000e+07 9.736921945229898290e-01 1.500000000000000222e-01 4.672051843264416372e-19 1.137547034708571800e+03
4.800000000000000000e+01 3.470000000000000195e+00 2.000000000000000000e+09 5.000000000000000000e+07 9.100000000000000311e-01 4.500000000000000111e-01 3.458893298125238490e-17 1.092601833118704917e+03
4.900000000000000000e+01 2.500000000000000000e+00 5.088000000000000000e+08 1.000000000000000000e+07 9.524560062662843496e-01 1.500000000000000222e-01 3.023124324969447960e-18 2.810325247329506510e+03
5.000000000000000000e+01 2.620000000000000107e+00 5.088000000000000000e+08 1.000000000000000000e+07 9.701892829446502331e-01 0.000000000000000000e+00 4.784497283955098868e-19 2.024393145129419963e+03
5.100000000000000000e+01 1.620000000000000107e+00 5.088000000000000000e+08 5.000000000000000000e+07 9.736921945229898290e-01 5.250000000000000222e-01 2.196394715729830450e-17 1.471098766126828650e+03
5.200000000000000000e+01 5.400000000000000355e-01 8.064000000000000000e+08 5.000000000000000000e+07 9.736921945229898290e-01 0.000000000000000000e+00 8.156440669057246761e-20 8.888501939585338505e+02
5.300000000000000000e+01 3.300000000000000155e-01 5.088000000000000000e+08 5.000000000000000000e+07 9.736921945229898290e-01 2.000000000000000111e-01 3.843479813507961760e-19 1.030132774276876717e+03
5.400000000000000000e+01 2.490000000000000213e+00 5.088000000000000000e+08 5.000000000000000000e+07 9.736921945229898290e-01 7.500000000000001110e-02 1.572911163789435131e-19 8.603339531873567694e+02
5.500000000000000000e+01 2.540000000000000036e+00 5.088000000000000000e+08 2.511900000000000000e+07 9.663484167759833765e-01 3.500000000000000333e-01 4.403155322197123360e-17 1.136921015394774076e+04
5.600000000000000000e+01 1.409999999999999920e+00 1.139100030000000000e+09 5.000000000000000000e+07 9.701892829446502331e-01 6.750000000000000444e-01 2.421333903248504389e-17 8.883801382433241542e+02
5.700000000000000000e+01 2.310000000000000053e+00 5.088000000000000000e+08 2.511900000000000000e+07 9.100000000000000311e-01 1.500000000000000222e-01 6.065014698368659909e-18 1.897202924227813355e+03
5.800000000000000000e+01 3.200000000000000067e-01 5.088000000000000000e+08 5.000000000000000000e+07 9.736921945229898290e-01 0.000000000000000000e+00 1.271451965746180158e-19 2.587506542283952513e+03
5.900000000000000000e+01 2.530000000000000249e+00 5.088000000000000000e+08 5.000000000000000000e+07 9.736921945229898290e-01 5.000000000000000278e-02 5.945559531854365037e-19 2.362300809400996513e+03
6.000000000000000000e+01 2.359999999999999876e+00 3.000000000000000000e+09 1.000000000000000000e+07 9.663484167759833765e-01 8.000000000000000444e-01 2.130974181874735071e-15 6.970365876081092210e+03
6.100000000000000000e+01 1.890000000000000124e+00 5.088000000000000000e+08 2.511900000000000000e+07 9.701892829446502331e-01 0.000000000000000000e+00 1.266822626084328605e-19 4.922919096813965893e+02
6.200000000000000000e+01 2.350000000000000089e+00 3.000000000000000000e+09 1.000000000000000000e+07 9.736921945229898290e-01 3.750000000000000000e-01 9.816634068618951232e-18 6.255303003580048653e+02
6.300000000000000000e+01 1.660000000000000142e+00 8.064000000000000000e+08 2.511900000000000000e+07 9.701892829446502331e-01 4.250000000000000444e-01 1.211237310534929669e-17 1.162433790109029360e+03
6.400000000000000000e+01 1.370000000000000107e+00 5.088000000000000000e+08 1.000000000000000000e+07 9.701892829446502331e-01 6.750000000000000444e-01 2.192734961070937898e-17 2.040457226923340841e+03
6.500000000000000000e+01 3.459999999999999964e+00 2.000000000000000000e+09 1.000000000000000000e+07 9.100000000000000311e-01 2.500000000000000000e-01 2.992962035198744642e-18 1.292238225857471207e+03
6.600000000000000000e+01 2.419999999999999929e+00 5.088000000000000000e+08 5.000000000000000000e+07 9.701892829446502331e-01 1.250000000000000000e-01 2.067257512649202533e-18 1.991978161862773050e+03
6.700000000000000000e+01 3.310000000000000053e+00 2.000000000000000000e+09 1.000000000000000000e+07 9.736921945229898290e-01 1.250000000000000000e-01 2.577894894632038214e-19 7.902310616496235980e+02
6.800000000000000000e+01 1.060000000000000053e+00 1.700000000000000000e+09 5.000000000000000000e+07 9.736921945229898290e-01 3.250000000000000111e-01 1.008787960184472243e-17 2.032216582667273997e+03
6.900000000000000000e+01 2.350000000000000089e+00 5.088000000000000000e+08 1.000000000000000000e+07 9.100000000000000311e-01 2.500000000000000000e-01 2.420152483789807418e-14 2.692739889415131882e+07
7.000000000000000000e+01 1.000000000000000021e-02 8.064000000000000000e+08 5.000000000000000000e+07 9.736921945229898290e-01 2.500000000000000139e-02 5.238587116172798244e-15 2.704094459525666013e+07
7.100000000000000000e+01 3.950000000000000178e+00 1.700000000000000000e+09 1.000000000000000000e+07 9.100000000000000311e-01 2.500000000000000000e-01 1.903053475919584339e-18 9.203182722121617871e+02
7.200000000000000000e+01 2.999999999999999889e-01 5.088000000000000000e+08 1.000000000000000000e+07 9.100000000000000311e-01 0.000000000000000000e+00 3.039928948774532781e-19 1.105644560426579574e+03
7.300000000000000000e+01 2.760000000000000231e+00 2.500000000000000000e+09 1.000000000000000000e+07 9.736921945229898290e-01 0.000000000000000000e+00 8.728462048687943555e-20 3.965892270392789214e+03
7.400000000000000000e+01 3.839999999999999858e+00 5.088000000000000000e+08 1.000000000000000000e+07 9.469042655519807061e-01 3.000000000000000444e-01 7.524513333651206924e-19 4.749534479144373904e+02
7.500000000000000000e+01 3.500000000000000333e-01 1.434000000000000000e+09 5.000000000000000000e+07 9.736921945229898290e-01 0.000000000000000000e+00 1.028336341201708322e-19 1.521819514188370704e+03
7.600000000000000000e+01 6.400000000000000133e-01 5.088000000000000000e+08 2.511900000000000000e+07 9.621369907677361777e-01 1.000000000000000056e-01 3.495610266744064607e-19 1.116873143461664540e+03
7.700000000000000000e+01 1.939999999999999947e+00 5.088000000000000000e+08 5.000000000000000000e+07 9.736921945229898290e-01 4.250000000000000444e-01 1.404777156300328614e-17 1.170479243651146135e+04
7.800000000000000000e+01 3.350000000000000089e+00 1.139100030000000000e+09 5.000000000000000000e+07 9.341422424970816651e-01 0.000000000000000000e+00 3.282453747951991721e-19 2.885886897766513812e+03
7.900000000000000000e+01 4.799999999999999822e-01 5.088000000000000000e+08 1.000000000000000000e+07 9.100000000000000311e-01 0.000000000000000000e+00 3.216244551428421729e-19 9.232663401697009249e+02
8.000000000000000000e+01 2.999999999999999889e-02 8.064000000000000000e+08 1.000000000000000000e+07 9.736921945229898290e-01 0.000000000000000000e+00 6.357618166148447353e-19 1.396716253839787214e+03
8.100000000000000000e+01 1.090000000000000080e+00 1.139100030000000000e+09 5.000000000000000000e+07 9.100000000000000311e-01 1.000000000000000056e-01 1.800086806494741800e-18 6.542322927096259946e+02
8.200000000000000000e+01 2.620000000000000107e+00 5.088000000000000000e+08 1.000000000000000000e+07 9.268236228897329676e-01 2.250000000000000056e-01 3.822398255577303089e-18 1.185361722879551962e+03
8.300000000000000000e+01 4.780000000000000249e+00 5.088000000000000000e+08 5.000000000000000000e+07 9.663484167759833765e-01 1.500000000000000222e-01 7.389492123998351223e-19 7.669125334310643893e+02
8.400000000000000000e+01 5.700000000000000622e-01 5.088000000000000000e+08 5.000000000000000000e+07 9.100000000000000311e-01 2.500000000000000139e-02 8.256265219755769452e-19 1.093397706928047000e+03
8.500000000000000000e+01 2.169999999999999929e+00 5.088000000000000000e+08 5.000000000000000000e+07 9.736921945229898290e-01 5.000000000000000278e-02 4.933516219346400517e-19 9.976934027360671280e+02
8.600000000000000000e+01 1.679999999999999938e+00 5.088000000000000000e+08 5.000000000000000000e+07 9.524560062662843496e-01 2.500000000000000000e-01 1.707688829902063707e-18 1.238600647620880181e+03
8.700000000000000000e+01 2.280000000000000249e+00 3.000000000000000000e+09 1.000000000000000000e+07 9.100000000000000311e-01 3.500000000000000333e-01 2.938536186541754863e-18 5.712207826476465016e+02
8.800000000000000000e+01 2.629999999999999893e+00 1.434000000000000000e+09 5.000000000000000000e+07 9.736921945229898290e-01 6.750000000000000444e-01 2.922854383587161364e-17 8.388471436363041676e+02
8.900000000000000000e+01 3.810000000000000053e+00 1.700000000000000000e+09 1.000000000000000000e+07 9.100000000000000311e-01 1.250000000000000000e-01 2.022439790578776327e-19 5.900815075232412710e+02
9.000000000000000000e+01 2.470000000000000195e+00 5.088000000000000000e+08 1.000000000000000000e+07 9.100000000000000311e-01 1.750000000000000167e-01 9.309336875710389022e-18 5.058241347207712352e+03
9.100000000000000000e+01 2.600000000000000089e+00 5.088000000000000000e+08 5.000000000000000000e+07 9.736921945229898290e-01 0.000000000000000000e+00 2.162817936186787062e-19 1.076455398930301726e+03
9.200000000000000000e+01 3.959999999999999964e+00 5.088000000000000000e+08 5.000000000000000000e+07 9.341422424970816651e-01 9.750000000000000888e-01 2.703967063538931560e-15 5.202352184767566541e+03
9.300000000000000000e+01 1.110000000000000098e+00 1.434000000000000000e+09 5.000000000000000000e+07 9.268236228897329676e-01 1.500000000000000222e-01 9.638806493553416930e-18 2.986540079344696551e+03
9.400000000000000000e+01 4.950000000000000178e+00 1.139100030000000000e+09 5.000000000000000000e+07 9.100000000000000311e-01 0.000000000000000000e+00 1.348910981208158590e-19 2.859613411818485474e+03
9.500000000000000000e+01 1.030000000000000027e+00 1.434000000000000000e+09 5.000000000000000000e+07 9.524560062662843496e-01 1.500000000000000222e-01 7.657059793048475363e-18 3.618588649385978897e+03
9.600000000000000000e+01 1.700000000000000122e-01 8.064000000000000000e+08 1.000000000000000000e+07 9.736921945229898290e-01 2.000000000000000111e-01 6.893889530134762262e-19 1.414007108845501079e+03
9.700000000000000000e+01 4.100000000000000311e-01 8.064000000000000000e+08 5.000000000000000000e+07 9.736921945229898290e-01 1.250000000000000000e-01 1.887339208904304350e-19 7.381476604956632173e+02
9.800000000000000000e+01 1.989999999999999991e+00 5.088000000000000000e+08 5.000000000000000000e+07 9.100000000000000311e-01 2.750000000000000222e-01 3.818429911743452590e-18 8.069975770872422345e+02
9.900000000000000000e+01 1.000000000000000021e-02 8.064000000000000000e+08 5.000000000000000000e+07 9.736921945229898290e-01 2.500000000000000139e-02 1.054080104927836897e-18 4.197336196957127868e+03
1.000000000000000000e+02 4.120000000000000107e+00 1.700000000000000000e+09 5.000000000000000000e+07 9.100000000000000311e-01 2.250000000000000056e-01 2.554542282263954140e-18 9.178469346189999669e+02
1.010000000000000000e+02 3.400000000000000244e-01 5.088000000000000000e+08 1.000000000000000000e+07 9.736921945229898290e-01 7.500000000000001110e-02 5.119579531385334059e-19 1.549497432292340363e+03
1.020000000000000000e+02 1.090000000000000080e+00 1.434000000000000000e+09 5.000000000000000000e+07 9.469042655519807061e-01 3.750000000000000000e-01 1.432066138806132849e-17 2.221181118994285043e+03
1.030000000000000000e+02 2.099999999999999922e-01 3.000000000000000000e+09 5.000000000000000000e+07 9.736921945229898290e-01 1.000000000000000056e-01 4.106498814044867343e-18 7.892173762065553092e+03
1.040000000000000000e+02 2.649999999999999911e+00 5.088000000000000000e+08 5.000000000000000000e+07 9.736921945229898290e-01 2.000000000000000111e-01 6.229984204304929848e-19 7.187383634235767431e+02
1.050000000000000000e+02 5.200000000000000178e-01 8.064000000000000000e+08 1.000000000000000000e+07 9.100000000000000311e-01 7.500000000000001110e-02 7.943265436025716383e-19 9.716112103417475510e+02
1.060000000000000000e+02 3.570000000000000284e+00 2.000000000000000000e+09 1.000000000000000000e+07 9.100000000000000311e-01 4.000000000000000222e-01 1.810481286606596981e-17 1.428310730217385299e+03
1.070000000000000000e+02 2.510000000000000231e+00 5.088000000000000000e+08 5.000000000000000000e+07 9.736921945229898290e-01 1.000000000000000056e-01 1.628378500931922870e-19 7.200072956341931558e+02
1.080000000000000000e+02 2.609999999999999876e+00 8.064000000000000000e+08 2.511900000000000000e+07 9.736921945229898290e-01 0.000000000000000000e+00 8.398943826428842311e-20 5.809894680012803292e+02
1.090000000000000000e+02 2.220000000000000195e+00 5.088000000000000000e+08 5.000000000000000000e+07 9.524560062662843496e-01 2.750000000000000222e-01 4.137652400743413962e-18 1.180648188699964066e+03
1.100000000000000000e+02 2.439999999999999947e+00 5.088000000000000000e+08 5.000000000000000000e+07 9.736921945229898290e-01 1.000000000000000056e-01 7.144484445874476872e-19 1.262368101848237984e+03
1.110000000000000000e+02 3.570000000000000284e+00 2.000000000000000000e+09 5.000000000000000000e+07 9.100000000000000311e-01 3.000000000000000444e-01 8.482180723876306419e-18 1.321399666897034876e+03
1.120000000000000000e+02 2.350000000000000089e+00 5.088000000000000000e+08 1.000000000000000000e+07 9.268236228897329676e-01 1.500000000000000222e-01 2.278672581268214720e-18 1.182968150124605245e+03
1.130000000000000000e+02 4.600000000000000200e-01 5.088000000000000000e+08 5.000000000000000000e+07 9.736921945229898290e-01 1.000000000000000056e-01 2.764633834216139678e-19 6.696101565282957608e+02
1.140000000000000000e+02 2.260000000000000231e+00 5.088000000000000000e+08 1.000000000000000000e+07 9.100000000000000311e-01 3.500000000000000333e-01 1.547178589531837539e-17 1.549635495369390583e+03
1.150000000000000000e+02 4.299999999999999933e-01 5.088000000000000000e+08 5.000000000000000000e+07 9.736921945229898290e-01 2.500000000000000000e-01 3.195204391947191690e-19 8.422749880482786011e+02
1.160000000000000000e+02 4.299999999999999933e-01 5.088000000000000000e+08 5.000000000000000000e+07 9.736921945229898290e-01 2.750000000000000222e-01 1.205352937002181886e-18 1.473989625710383734e+03
1.170000000000000000e+02 2.459999999999999964e+00 1.700000000000000000e+09 5.000000000000000000e+07 9.736921945229898290e-01 8.750000000000000000e-01 5.005125995203543736e-16 2.040736078457143776e+03
1.180000000000000000e+02 2.999999999999999889e-02 1.139100030000000000e+09 5.000000000000000000e+07 9.736921945229898290e-01 0.000000000000000000e+00 3.444421896726547006e-19 1.395189460963949159e+03
1.190000000000000000e+02 4.200000000000000178e+00 5.088000000000000000e+08 2.511900000000000000e+07 9.736921945229898290e-01 2.500000000000000139e-02 1.756831337097186790e-19 8.972226325535776823e+02
1.200000000000000000e+02 3.390000000000000124e+00 2.000000000000000000e+09 1.000000000000000000e+07 9.100000000000000311e-01 3.250000000000000111e-01 4.236653423841966452e-18 1.069238745007992520e+03
1.210000000000000000e+02 3.800000000000000044e-01 5.088000000000000000e+08 1.000000000000000000e+07 9.100000000000000311e-01 0.000000000000000000e+00 1.221415574341313249e-18 2.678217244367048352e+03
1.220000000000000000e+02 2.530000000000000249e+00 5.088000000000000000e+08 5.000000000000000000e+07 9.736921945229898290e-01 5.250000000000000222e-01 7.118816786135276108e-18 7.392805108057034431e+02
1.230000000000000000e+02 3.320000000000000284e+00 8.064000000000000000e+08 2.511900000000000000e+07 9.575192539750227994e-01 2.500000000000000139e-02 2.287016992027697567e-19 2.079305809703839714e+03
1.240000000000000000e+02 3.060000000000000053e+00 5.088000000000000000e+08 5.000000000000000000e+07 9.100000000000000311e-01 1.000000000000000056e-01 1.448897885770379499e-18 2.671560956535128298e+03
1.250000000000000000e+02 4.790000000000000036e+00 5.088000000000000000e+08 1.000000000000000000e+07 9.736921945229898290e-01 0.000000000000000000e+00 1.816794510766224925e-19 2.338105429158858897e+03
1.260000000000000000e+02 4.100000000000000311e-01 5.088000000000000000e+08 1.000000000000000000e+07 9.701892829446502331e-01 2.500000000000000139e-02 1.812586286626053262e-19 9.537984098823091017e+02
1.270000000000000000e+02 1.000000000000000021e-02 8.064000000000000000e+08 1.000000000000000000e+07 9.736921945229898290e-01 5.000000000000000278e-02 8.864762238334322570e-19 1.954579615484583428e+03
1.280000000000000000e+02 1.110000000000000098e+00 1.700000000000000000e+09 5.000000000000000000e+07 9.736921945229898290e-01 3.000000000000000444e-01 5.165443911277500745e-18 2.062830871976177605e+03
1.290000000000000000e+02 8.000000000000000444e-01 4.000000000000000000e+09 2.511900000000000000e+07 9.736921945229898290e-01 0.000000000000000000e+00 7.981047210003669959e-20 6.028438840261970881e+02
1.300000000000000000e+02 3.200000000000000178e+00 2.000000000000000000e+09 5.000000000000000000e+07 9.736921945229898290e-01 2.000000000000000111e-01 3.383285469397870752e-18 1.247123430214340942e+03
1.310000000000000000e+02 2.419999999999999929e+00 1.434000000000000000e+09 1.000000000000000000e+07 9.187989160644089992e-01 8.750000000000000000e-01 1.965894024376949913e-15 1.515718375512084776e+03
1.320000000000000000e+02 4.520000000000000462e+00 5.088000000000000000e+08 1.000000000000000000e+07 9.736921945229898290e-01 1.000000000000000056e-01 1.264611902884679521e-18 2.945090315718129659e+03
1.330000000000000000e+02 1.000000000000000021e-02 1.139100030000000000e+09 1.000000000000000000e+07 9.736921945229898290e-01 0.000000000000000000e+00 1.083446996466291690e-15 1.707925055370451510e+07
1.340000000000000000e+02 2.099999999999999922e-01 3.000000000000000000e+09 5.000000000000000000e+07 9.736921945229898290e-01 1.250000000000000000e-01 6.184928159522744318e-16 1.113783012085161917e+07
1.350000000000000000e+02 4.889999999999999680e+00 1.139100030000000000e+09 1.000000000000000000e+07 9.100000000000000311e-01 0.000000000000000000e+00 7.677685324783489924e-20 9.709715057546950447e+02
1.360000000000000000e+02 2.470000000000000195e+00 8.064000000000000000e+08 2.511900000000000000e+07 9.736921945229898290e-01 0.000000000000000000e+00 1.429429004774386809e-19 8.744988077063420633e+02
1.370000000000000000e+02 2.569999999999999840e+00 5.088000000000000000e+08 1.000000000000000000e+07 9.701892829446502331e-01 0.000000000000000000e+00 6.134242532037280834e-19 4.783640423381716573e+03
1.380000000000000000e+02 4.209999999999999964e+00 1.700000000000000000e+09 5.000000000000000000e+07 9.100000000000000311e-01 1.500000000000000222e-01 3.565149877499779760e-18 6.991808722510517691e+04
1.390000000000000000e+02 2.629999999999999893e+00 5.088000000000000000e+08 1.000000000000000000e+07 9.100000000000000311e-01 0.000000000000000000e+00 9.948154341832926496e-19 2.944243578601190620e+03
1.400000000000000000e+02 1.239999999999999991e+00 8.064000000000000000e+08 2.511900000000000000e+07 9.100000000000000311e-01 0.000000000000000000e+00 3.717910537586889783e-19 1.154853715536973368e+03
1.410000000000000000e+02 2.660000000000000142e+00 5.088000000000000000e+08 5.000000000000000000e+07 9.736921945229898290e-01 4.750000000000000333e-01 8.093283752334456422e-18 1.090177266745205543e+03
1.420000000000000000e+02 2.600000000000000089e-01 5.088000000000000000e+08 5.000000000000000000e+07 9.736921945229898290e-01 2.250000000000000056e-01 2.000642597435740608e-19 2.462292400234666275e+03
1.430000000000000000e+02 1.989999999999999991e+00 3.000000000000000000e+09 1.000000000000000000e+07 9.341422424970816651e-01 2.500000000000000000e-01 1.853551078786097340e-18 7.200449164607625789e+02
1.440000000000000000e+02 5.799999999999999600e-01 8.064000000000000000e+08 5.000000000000000000e+07 9.736921945229898290e-01 7.500000000000001110e-02 1.081993168195944525e-19 7.100932312019684787e+02
1.450000000000000000e+02 2.200000000000000178e+00 5.088000000000000000e+08 1.000000000000000000e+07 9.100000000000000311e-01 3.500000000000000333e-01 7.294438473867746945e-17 1.496674012648003554e+04
1.460000000000000000e+02 3.599999999999999867e-01 5.088000000000000000e+08 1.000000000000000000e+07 9.524560062662843496e-01 0.000000000000000000e+00 3.373355322187203394e-19 1.311289709508782153e+03
1.470000000000000000e+02 4.339999999999999858e+00 5.088000000000000000e+08 1.000000000000000000e+07 9.701892829446502331e-01 0.000000000000000000e+00 1.008092882909805804e-19 1.050276857887497954e+03
1.480000000000000000e+02 4.299999999999999933e-01 5.088000000000000000e+08 1.000000000000000000e+07 9.268236228897329676e-01 5.250000000000000222e-01 4.362900411256354311e-18 1.412855111454806092e+03
1.490000000000000000e+02 1.890000000000000124e+00 5.088000000000000000e+08 1.000000000000000000e+07 9.100000000000000311e-01 4.750000000000000333e-01 4.057306864531613148e-17 1.525934232067409766e+03
1.500000000000000000e+02 2.430000000000000160e+00 1.700000000000000000e+09 5.000000000000000000e+07 9.736921945229898290e-01 2.000000000000000111e-01 8.099900155806053994e-19 7.059682731177605319e+02
1.510000000000000000e+02 5.799999999999999600e-01 1.139100030000000000e+09 5.000000000000000000e+07 9.621369907677361777e-01 0.000000000000000000e+00 7.685744471154732465e-20 6.518713380456136974e+02
1.520000000000000000e+02 3.300000000000000155e-01 5.088000000000000000e+08 5.000000000000000000e+07 9.736921945229898290e-01 7.500000000000001110e-02 9.603381262856619276e-19 2.425690416802556683e+03
1.530000000000000000e+02 2.609999999999999876e+00 8.064000000000000000e+08 1.000000000000000000e+07 9.663484167759833765e-01 1.000000000000000056e-01 3.378126540028323838e-19 6.240083122372287789e+02
1.540000000000000000e+02 2.729999999999999982e+00 5.088000000000000000e+08 5.000000000000000000e+07 9.524560062662843496e-01 0.000000000000000000e+00 3.743606005801123549e-19 1.072735785437327650e+03
1.550000000000000000e+02 2.490000000000000213e+00 5.088000000000000000e+08 1.000000000000000000e+07 9.100000000000000311e-01 0.000000000000000000e+00 4.020383586442879145e-19 1.007474290404168642e+03
1.560000000000000000e+02 3.580000000000000071e+00 2.000000000000000000e+09 1.000000000000000000e+07 9.621369907677361777e-01 4.500000000000000111e-01 3.932320931567709321e-18 6.359444219272133978e+02
1.570000000000000000e+02 3.990000000000000213e+00 5.088000000000000000e+08 5.000000000000000000e+07 9.100000000000000311e-01 2.250000000000000056e-01 3.393726978088456792e-18 1.240397666017636311e+03
1.580000000000000000e+02 2.660000000000000142e+00 5.088000000000000000e+08 5.000000000000000000e+07 9.736921945229898290e-01 4.250000000000000444e-01 3.161419471168486014e-18 8.706708223514345946e+02
1.590000000000000000e+02 2.620000000000000107e+00 5.088000000000000000e+08 5.000000000000000000e+07 9.736921945229898290e-01 7.500000000000001110e-02 2.486431041369273244e-19 8.897542398125906402e+02
1.600000000000000000e+02 3.680000000000000160e+00 5.088000000000000000e+08 1.000000000000000000e+07 9.736921945229898290e-01 2.000000000000000111e-01 4.145774167776932783e-19 9.073610528226080305e+02
1.610000000000000000e+02 1.000000000000000000e+00 5.088000000000000000e+08 5.000000000000000000e+07 9.736921945229898290e-01 2.000000000000000111e-01 4.723796069991543298e-19 1.194329219801089039e+03
1.620000000000000000e+02 2.879999999999999893e+00 5.088000000000000000e+08 1.000000000000000000e+07 9.100000000000000311e-01 1.250000000000000000e-01 2.109364361227649142e-18 1.653239263258816663e+03
1.630000000000000000e+02 2.899999999999999800e-01 1.434000000000000000e+09 1.000000000000000000e+07 9.100000000000000311e-01 0.000000000000000000e+00 5.712621631846501431e-19 1.112672735876391016e+03
1.640000000000000000e+02 3.310000000000000053e+00 2.000000000000000000e+09 5.000000000000000000e+07 9.100000000000000311e-01 1.250000000000000000e-01 3.047446049104664589e-18 6.282185345519274051e+03
1.650000000000000000e+02 3.470000000000000195e+00 8.064000000000000000e+08 1.000000000000000000e+07 9.736921945229898290e-01 2.250000000000000056e-01 3.865841411588039773e-19 5.472921012187483711e+02
1.660000000000000000e+02 3.250000000000000000e+00 2.000000000000000000e+09 1.000000000000000000e+07 9.663484167759833765e-01 7.000000000000000666e-01 3.885162061321959429e-16 2.137071110720960860e+03
1.670000000000000000e+02 2.700000000000000178e+00 5.088000000000000000e+08 5.000000000000000000e+07 9.736921945229898290e-01 8.500000000000000888e-01 1.222917134019011512e-15 8.075630944620672381e+03
1.680000000000000000e+02 2.379999999999999893e+00 5.088000000000000000e+08 1.000000000000000000e+07 9.187989160644089992e-01 1.250000000000000000e-01 1.599991857922705495e-18 7.152703514417406723e+02
1.690000000000000000e+02 4.410000000000000142e+00 5.088000000000000000e+08 5.000000000000000000e+07 9.736921945229898290e-01 0.000000000000000000e+00 1.519013869160652566e-19 9.610025759098516573e+02
1.700000000000000000e+02 2.330000000000000071e+00 5.088000000000000000e+08 1.000000000000000000e+07 9.100000000000000311e-01 4.000000000000000222e-01 3.358920986934894441e-17 5.984090144105332911e+03
1.710000000000000000e+02 3.339999999999999858e+00 8.064000000000000000e+08 5.000000000000000000e+07 9.736921945229898290e-01 0.000000000000000000e+00 9.071430980824638615e-20 1.670298109193872506e+03
1.720000000000000000e+02 2.720000000000000195e+00 1.700000000000000000e+09 5.000000000000000000e+07 9.736921945229898290e-01 1.250000000000000000e-01 5.864786583449630279e-19 6.125702295498996364e+02
1.730000000000000000e+02 3.900000000000000133e-01 2.500000000000000000e+09 1.000000000000000000e+07 9.575192539750227994e-01 0.000000000000000000e+00 1.148883361721241447e-18 4.113944830684454246e+03
1.740000000000000000e+02 3.040000000000000036e+00 5.088000000000000000e+08 5.000000000000000000e+07 9.736921945229898290e-01 1.750000000000000167e-01 4.794523445315120000e-18 5.548347798513800626e+03
1.750000000000000000e+02 1.489999999999999991e+00 8.064000000000000000e+08 5.000000000000000000e+07 9.663484167759833765e-01 2.750000000000000222e-01 2.366969574049256194e-18 1.782620146266738857e+03
1.760000000000000000e+02 5.300000000000000266e-01 5.088000000000000000e+08 1.000000000000000000e+07 9.100000000000000311e-01 0.000000000000000000e+00 7.407085435803159555e-19 1.466862815486941145e+03
1.770000000000000000e+02 2.479999999999999982e+00 5.088000000000000000e+08 5.000000000000000000e+07 9.100000000000000311e-01 0.000000000000000000e+00 9.724180924323468136e-19 1.602693769484606037e+03
1.780000000000000000e+02 2.140000000000000124e+00 5.088000000000000000e+08 1.000000000000000000e+07 9.341422424970816651e-01 1.500000000000000222e-01 2.030074539371489851e-18 1.361091785033519955e+03
1.790000000000000000e+02 5.899999999999999689e-01 8.064000000000000000e+08 1.000000000000000000e+07 9.100000000000000311e-01 0.000000000000000000e+00 5.264377981342164857e-19 1.339480184534413183e+03
1.800000000000000000e+02 2.280000000000000249e+00 3.000000000000000000e+09 2.511900000000000000e+07 9.621369907677361777e-01 3.500000000000000333e-01 1.179790184390515450e-17 1.084593498368305518e+03
1.810000000000000000e+02 4.190000000000000391e+00 5.088000000000000000e+08 1.000000000000000000e+07 9.621369907677361777e-01 0.000000000000000000e+00 1.162609237790214037e-19 2.263687499402036337e+03
1.820000000000000000e+02 2.270000000000000018e+00 3.000000000000000000e+09 1.000000000000000000e+07 9.100000000000000311e-01 0.000000000000000000e+00 1.327698791487702773e-19 6.137798530712249203e+02
1.830000000000000000e+02 2.589999999999999858e+00 8.064000000000000000e+08 5.000000000000000000e+07 9.736921945229898290e-01 2.250000000000000056e-01 6.182152914379380197e-19 7.056217503072224417e+02
1.840000000000000000e+02 4.199999999999999845e-01 5.088000000000000000e+08 1.000000000000000000e+07 9.100000000000000311e-01 0.000000000000000000e+00 1.785735564396975255e-18 3.194972075561026486e+03
1.850000000000000000e+02 5.290000000000000036e+00 8.064000000000000000e+08 1.000000000000000000e+07 9.100000000000000311e-01 1.500000000000000222e-01 2.892279174625416070e-18 1.105358167794519250e+04
1.860000000000000000e+02 2.709999999999999964e+00 5.088000000000000000e+08 5.000000000000000000e+07 9.736921945229898290e-01 2.500000000000000000e-01 4.158430682268232781e-19 5.992467272975931110e+02
1.870000000000000000e+02 2.290000000000000036e+00 5.088000000000000000e+08 1.000000000000000000e+07 9.187989160644089992e-01 2.500000000000000139e-02 1.963538663350830176e-18 1.900355673573905278e+03
1.880000000000000000e+02 2.049999999999999822e+00 5.088000000000000000e+08 1.000000000000000000e+07 9.100000000000000311e-01 1.500000000000000222e-01 3.972175732043858936e-18 1.587184679294907028e+03
1.890000000000000000e+02 2.649999999999999911e+00 8.064000000000000000e+08 5.000000000000000000e+07 9.736921945229898290e-01 1.750000000000000167e-01 9.777048677350326152e-19 1.913085384216435386e+03
1.900000000000000000e+02 4.400000000000000355e+00 1.434000000000000000e+09 1.000000000000000000e+07 9.100000000000000311e-01 0.000000000000000000e+00 4.592675951530790733e-20 1.192056307865540703e+03
1.910000000000000000e+02 2.510000000000000231e+00 2.500000000000000000e+09 5.000000000000000000e+07 9.100000000000000311e-01 2.750000000000000222e-01 1.025794043187032009e-17 1.402514215065141798e+03
1.920000000000000000e+02 2.520000000000000018e+00 5.088000000000000000e+08 1.000000000000000000e+07 9.100000000000000311e-01 2.000000000000000111e-01 5.554327089012861756e-18 2.173830972897090760e+03
1.930000000000000000e+02 2.410000000000000142e+00 5.088000000000000000e+08 1.000000000000000000e+07 9.100000000000000311e-01 1.250000000000000000e-01 2.934977740823138971e-18 1.793185094524916849e+03
1.940000000000000000e+02 3.379999999999999893e+00 5.088000000000000000e+08 1.000000000000000000e+07 9.524560062662843496e-01 5.000000000000000278e-02 1.549848788038209476e-19 2.360050782411559339e+03
1.950000000000000000e+02 4.219999999999999751e+00 1.700000000000000000e+09 1.000000000000000000e+07 9.100000000000000311e-01 0.000000000000000000e+00 1.509813822206522731e-19 3.391647807764152731e+03
1.960000000000000000e+02 5.000000000000000278e-02 1.434000000000000000e+09 5.000000000000000000e+07 9.736921945229898290e-01 1.750000000000000167e-01 1.389402757471229897e-18 1.736176896990036994e+03
1.970000000000000000e+02 4.700000000000000289e-01 5.088000000000000000e+08 1.000000000000000000e+07 9.100000000000000311e-01 0.000000000000000000e+00 5.283400106616235895e-19 1.253579482727732739e+03
1.980000000000000000e+02 2.760000000000000231e+00 5.088000000000000000e+08 5.000000000000000000e+07 9.736921945229898290e-01 0.000000000000000000e+00 3.959508647218926211e-20 6.434046958350159002e+02
1.990000000000000000e+02 2.100000000000000089e+00 3.000000000000000000e+09 5.000000000000000000e+07 9.736921945229898290e-01 2.500000000000000000e-01 2.236626165822944273e-18 1.407647702904203015e+03
2.000000000000000000e+02 3.010000000000000231e+00 2.000000000000000000e+09 1.000000000000000000e+07 9.701892829446502331e-01 9.250000000000000444e-01 3.385036325164000779e-15 1.984403075963088440e+03
2.010000000000000000e+02 3.709999999999999964e+00 1.700000000000000000e+09 5.000000000000000000e+07 9.341422424970816651e-01 3.500000000000000333e-01 7.711714822332009633e-18 9.583789842909191066e+02
2.020000000000000000e+02 2.560000000000000053e+00 5.088000000000000000e+08 1.000000000000000000e+07 9.100000000000000311e-01 1.750000000000000167e-01 3.730284061918063973e-18 2.012807777935669947e+03
2.030000000000000000e+02 4.000000000000000000e+00 1.700000000000000000e+09 5.000000000000000000e+07 9.100000000000000311e-01 3.000000000000000444e-01 1.189401690113986914e-17 1.682170651451864842e+03
2.040000000000000000e+02 3.830000000000000071e+00 1.700000000000000000e+09 5.000000000000000000e+07 9.100000000000000311e-01 1.000000000000000056e-01 7.393094514753567619e-19 1.067816990445513966e+03
2.050000000000000000e+02 1.820000000000000062e+00 1.434000000000000000e+09 1.000000000000000000e+07 9.100000000000000311e-01 2.250000000000000056e-01 1.288003238904584889e-17 3.448538782060779340e+03
2.060000000000000000e+02 1.499999999999999944e-01 8.064000000000000000e+08 1.000000000000000000e+07 9.736921945229898290e-01 0.000000000000000000e+00 2.565247932898756274e-19 1.330675949113132674e+03
2.070000000000000000e+02 2.600000000000000089e+00 5.088000000000000000e+08 5.000000000000000000e+07 9.268236228897329676e-01 0.000000000000000000e+00 3.234420808017902699e-19 9.802547089191474470e+02
2.080000000000000000e+02 2.459999999999999964e+00 5.088000000000000000e+08 1.000000000000000000e+07 9.408169029081063783e-01 0.000000000000000000e+00 1.853617979664533010e-19 1.024764680633571288e+03
2.090000000000000000e+02 2.870000000000000107e+00 1.434000000000000000e+09 1.000000000000000000e+07 9.736921945229898290e-01 8.500000000000000888e-01 7.017661708287470553e-16 2.070625323810859300e+03
2.100000000000000000e+02 1.630000000000000115e+00 5.088000000000000000e+08 1.000000000000000000e+07 9.100000000000000311e-01 2.500000000000000139e-02 2.261791271505286024e-14 2.060782568575259447e+08
2.110000000000000000e+02 1.000000000000000021e-02 8.064000000000000000e+08 1.000000000000000000e+07 9.100000000000000311e-01 0.000000000000000000e+00 6.007091456181275907e-15 3.515927346741280705e+07
2.120000000000000000e+02 2.510000000000000231e+00 5.088000000000000000e+08 2.511900000000000000e+07 9.736921945229898290e-01 1.500000000000000222e-01 1.325605038881627789e-18 1.275406556149162952e+03
2.130000000000000000e+02 4.299999999999999822e+00 8.064000000000000000e+08 5.000000000000000000e+07 9.736921945229898290e-01 2.500000000000000139e-02 6.211922035680881994e-19 1.526311478714931036e+04
2.140000000000000000e+02 2.540000000000000036e+00 5.088000000000000000e+08 5.000000000000000000e+07 9.736921945229898290e-01 1.750000000000000167e-01 1.305608284118119969e-18 1.241015740198617777e+03
2.150000000000000000e+02 2.350000000000000089e+00 5.088000000000000000e+08 1.000000000000000000e+07 9.100000000000000311e-01 2.500000000000000000e-01 2.905365008607148656e-16 2.881704994646286650e+04
2.160000000000000000e+02 2.339999999999999858e+00 5.088000000000000000e+08 5.000000000000000000e+07 9.408169029081063783e-01 1.250000000000000000e-01 1.005338061242124656e-18 8.806840505795220224e+02
2.170000000000000000e+02 2.689999999999999947e+00 1.139100030000000000e+09 1.000000000000000000e+07 9.100000000000000311e-01 8.000000000000000444e-01 1.190110100720442513e-15 4.076933834996587848e+03
2.180000000000000000e+02 2.520000000000000018e+00 5.088000000000000000e+08 1.000000000000000000e+07 9.100000000000000311e-01 1.000000000000000056e-01 4.203390992782566817e-18 2.336163392663438117e+03
2.190000000000000000e+02 2.250000000000000000e+00 1.139100030000000000e+09 5.000000000000000000e+07 9.575192539750227994e-01 7.500000000000001110e-02 2.327652753040195877e-18 3.434768016861729848e+03
2.200000000000000000e+02 2.689999999999999947e+00 2.500000000000000000e+09 5.000000000000000000e+07 9.524560062662843496e-01 9.500000000000000666e-01 4.721522832619242771e-15 2.025999462582723254e+03
2.210000000000000000e+02 3.399999999999999911e+00 2.000000000000000000e+09 2.511900000000000000e+07 9.100000000000000311e-01 0.000000000000000000e+00 3.824276480733888160e-20 5.880774308551351623e+02
2.220000000000000000e+02 2.319999999999999840e+00 5.088000000000000000e+08 1.000000000000000000e+07 9.341422424970816651e-01 1.000000000000000056e-01 1.940064164426421184e-18 1.461897919038599866e+03
2.230000000000000000e+02 3.680000000000000160e+00 1.434000000000000000e+09 1.000000000000000000e+07 9.736921945229898290e-01 3.500000000000000333e-01 9.964019006988032144e-18 1.334683160085851114e+03
2.240000000000000000e+02 3.700000000000000178e+00 1.700000000000000000e+09 5.000000000000000000e+07 9.100000000000000311e-01 4.250000000000000444e-01 1.200185141952829629e-16 4.257928028525449008e+03
2.250000000000000000e+02 5.999999999999999778e-01 8.064000000000000000e+08 1.000000000000000000e+07 9.100000000000000311e-01 2.500000000000000139e-02 5.097045808085044408e-18 7.904378649257561847e+03
2.260000000000000000e+02 1.169999999999999929e+00 8.064000000000000000e+08 1.000000000000000000e+07 9.100000000000000311e-01 1.250000000000000000e-01 4.695994440446648366e-18 4.291811031262343931e+03
2.270000000000000000e+02 4.899999999999999911e-01 5.088000000000000000e+08 1.000000000000000000e+07 9.736921945229898290e-01 0.000000000000000000e+00 1.832811459847850160e-19 6.430769690889545700e+02
2.280000000000000000e+02 1.150000000000000133e+00 4.000000000000000000e+09 2.511900000000000000e+07 9.100000000000000311e-01 5.500000000000000444e-01 1.192485552973115964e-16 2.563561815982608550e+03
2.290000000000000000e+02 3.510000000000000231e+00 1.700000000000000000e+09 5.000000000000000000e+07 9.736921945229898290e-01 1.000000000000000056e-01 3.496784947519664292e-19 7.329814174197641705e+02
2.300000000000000000e+02 3.709999999999999964e+00 1.700000000000000000e+09 5.000000000000000000e+07 9.100000000000000311e-01 3.250000000000000111e-01 7.067404153409261986e-18 1.185521062810337071e+03
2.310000000000000000e+02 3.609999999999999876e+00 2.000000000000000000e+09 5.000000000000000000e+07 9.100000000000000311e-01 3.750000000000000000e-01 2.475881809695704344e-17 1.451131215619081559e+03
2.320000000000000000e+02 1.320000000000000062e+00 5.088000000000000000e+08 1.000000000000000000e+07 9.100000000000000311e-01 0.000000000000000000e+00 2.636095562980050198e-19 5.952844112040985465e+02
2.330000000000000000e+02 5.799999999999999600e-01 5.088000000000000000e+08 5.000000000000000000e+07 9.736921945229898290e-01 2.250000000000000056e-01 4.082658043615563377e-19 1.004070882987161440e+03
2.340000000000000000e+02 3.750000000000000000e+00 1.700000000000000000e+09 5.000000000000000000e+07 9.100000000000000311e-01 2.000000000000000111e-01 4.488078236077210777e-18 1.500574707967145287e+03
2.350000000000000000e+02 3.800000000000000044e-01 5.088000000000000000e+08 1.000000000000000000e+07 9.100000000000000311e-01 0.000000000000000000e+00 6.600205563219433073e-19 9.870864193843342491e+02
2.360000000000000000e+02 9.500000000000000666e-01 5.088000000000000000e+08 1.000000000000000000e+07 9.100000000000000311e-01 0.000000000000000000e+00 1.049204276029728512e-19 7.144331842052129105e+02
2.370000000000000000e+02 9.899999999999999911e-01 1.434000000000000000e+09 1.000000000000000000e+07 9.100000000000000311e-01 0.000000000000000000e+00 1.559315878540789855e-18 3.245318698049901741e+03
2.380000000000000000e+02 4.560000000000000497e+00 1.434000000000000000e+09 5.000000000000000000e+07 9.736921945229898290e-01 2.000000000000000111e-01 7.904919482355147857e-19 6.936278228143795559e+02
2.390000000000000000e+02 2.709999999999999964e+00 5.088000000000000000e+08 5.000000000000000000e+07 9.736921945229898290e-01 3.250000000000000111e-01 1.684727302158048008e-18 9.485106667079596718e+02
2.400000000000000000e+02 2.810000000000000053e+00 5.088000000000000000e+08 5.000000000000000000e+07 9.736921945229898290e-01 8.500000000000000888e-01 2.529153645174001142e-16 9.700636591031189937e+02
2.410000000000000000e+02 4.629999999999999893e+00 5.088000000000000000e+08 5.000000000000000000e+07 9.736921945229898290e-01 7.500000000000001110e-02 3.906067032033069561e-19 9.630011224395635736e+02
2.420000000000000000e+02 3.800000000000000266e+00 1.700000000000000000e+09 5.000000000000000000e+07 9.736921945229898290e-01 3.500000000000000333e-01 8.112071140069791485e-18 1.001287324810135715e+03
2.430000000000000000e+02 2.939999999999999947e+00 2.000000000000000000e+09 1.000000000000000000e+07 9.100000000000000311e-01 0.000000000000000000e+00 -1.282059276497698753e-17 9.417915882705327272e+08
2.440000000000000000e+02 2.939999999999999947e+00 2.000000000000000000e+09 1.000000000000000000e+07 9.100000000000000311e-01 0.000000000000000000e+00 -7.291409171724849967e-18 7.213994248018792868e+08
2.450000000000000000e+02 2.490000000000000213e+00 5.088000000000000000e+08 2.511900000000000000e+07 9.100000000000000311e-01 2.250000000000000056e-01 3.019654503451344720e-18 1.285918495989218172e+03
2.460000000000000000e+02 2.830000000000000071e+00 2.500000000000000000e+09 1.000000000000000000e+07 9.100000000000000311e-01 0.000000000000000000e+00 -4.916609564530270809e-18 2.136201927546363175e+08
2.470000000000000000e+02 3.520000000000000018e+00 2.000000000000000000e+09 5.000000000000000000e+07 9.100000000000000311e-01 5.250000000000000222e-01 4.172105531599055327e-17 9.953428144145560736e+02
2.480000000000000000e+02 3.030000000000000249e+00 2.000000000000000000e+09 1.000000000000000000e+07 9.100000000000000311e-01 0.000000000000000000e+00 -2.986621400129978539e-18 1.708947586529729664e+08
2.490000000000000000e+02 5.999999999999999778e-02 2.000000000000000000e+09 1.000000000000000000e+07 9.268236228897329676e-01 0.000000000000000000e+00 1.775376625612712132e-18 2.110207380432640548e+03
2.500000000000000000e+02 3.439999999999999947e+00 8.064000000000000000e+08 5.000000000000000000e+07 9.736921945229898290e-01 2.750000000000000222e-01 1.803931004302129187e-18 1.269854680781689694e+03
2.510000000000000000e+02 4.000000000000000083e-02 1.434000000000000000e+09 1.000000000000000000e+07 9.736921945229898290e-01 0.000000000000000000e+00 5.702809620046141602e-19 2.015856754559653609e+03
2.520000000000000000e+02 4.560000000000000497e+00 5.088000000000000000e+08 1.000000000000000000e+07 9.663484167759833765e-01 2.500000000000000139e-02 9.121484050009958438e-20 6.280168490666961816e+02
2.530000000000000000e+02 4.600000000000000200e-01 8.064000000000000000e+08 1.000000000000000000e+07 9.736921945229898290e-01 5.000000000000000278e-02 3.431136367181046772e-19 1.264811571463017117e+03
2.540000000000000000e+02 3.310000000000000053e+00 5.088000000000000000e+08 5.000000000000000000e+07 9.736921945229898290e-01 2.000000000000000111e-01 4.195351446822178235e-19 1.428046184502858296e+03
2.550000000000000000e+02 4.070000000000000284e+00 1.700000000000000000e+09 5.000000000000000000e+07 9.736921945229898290e-01 3.750000000000000000e-01 6.947523209656789742e-18 7.953522714866205661e+02
2.560000000000000000e+02 2.520000000000000018e+00 5.088000000000000000e+08 5.000000000000000000e+07 9.268236228897329676e-01 4.000000000000000222e-01 6.819207634437803431e-18 6.593271882398645403e+02
2.570000000000000000e+02 5.799999999999999600e-01 1.434000000000000000e+09 1.000000000000000000e+07 9.100000000000000311e-01 0.000000000000000000e+00 2.730985602614617195e-19 1.042436987171766077e+03
2.580000000000000000e+02 2.390000000000000124e+00 3.000000000000000000e+09 1.000000000000000000e+07 9.100000000000000311e-01 6.000000000000000888e-01 7.799332730358119399e-17 1.211270270377258157e+03
2.590000000000000000e+02 1.100000000000000006e-01 8.064000000000000000e+08 1.000000000000000000e+07 9.736921945229898290e-01 7.500000000000001110e-02 9.783036364528128037e-19 1.847935004520468055e+03
2.600000000000000000e+02 3.750000000000000000e+00 1.700000000000000000e+09 1.000000000000000000e+07 9.100000000000000311e-01 2.750000000000000222e-01 4.806603357940174176e-18 1.544019562766160561e+03
2.610000000000000000e+02 2.300000000000000266e+00 3.000000000000000000e+09 1.000000000000000000e+07 9.524560062662843496e-01 5.500000000000000444e-01 9.692206761318625832e-17 4.049837240275075601e+03
2.620000000000000000e+02 3.430000000000000160e+00 2.000000000000000000e+09 5.000000000000000000e+07 9.100000000000000311e-01 0.000000000000000000e+00 -7.064000019818880822e-19 4.776259189547538012e+07
2.630000000000000000e+02 3.120000000000000107e+00 2.000000000000000000e+09 1.000000000000000000e+07 9.100000000000000311e-01 0.000000000000000000e+00 -4.538209852067515202e-18 2.345410821940381229e+08
2.640000000000000000e+02 3.089999999999999858e+00 2.000000000000000000e+09 1.000000000000000000e+07 9.100000000000000311e-01 0.000000000000000000e+00 -8.984403746782394130e-18 1.113432966188594103e+09
2.650000000000000000e+02 3.089999999999999858e+00 2.000000000000000000e+09 1.000000000000000000e+07 9.100000000000000311e-01 0.000000000000000000e+00 -1.103466802445245450e-17 1.057464104966908216e+09
2.660000000000000000e+02 2.629999999999999893e+00 5.088000000000000000e+08 5.000000000000000000e+07 9.736921945229898290e-01 3.000000000000000444e-01 3.264510885060838982e-18 1.122613886500436138e+03
2.670000000000000000e+02 3.100000000000000089e+00 2.000000000000000000e+09 1.000000000000000000e+07 9.100000000000000311e-01 0.000000000000000000e+00 -1.322834183149682258e-18 1.506696635705570132e+07
2.680000000000000000e+02 2.350000000000000089e+00 5.088000000000000000e+08 1.000000000000000000e+07 9.100000000000000311e-01 3.000000000000000444e-01 3.319233237955259111e-14 4.063463063433925062e+07
2.690000000000000000e+02 2.099999999999999922e-01 1.434000000000000000e+09 5.000000000000000000e+07 9.736921945229898290e-01 0.000000000000000000e+00 9.797281990208145443e-16 3.598825074843249470e+07
2.700000000000000000e+02 3.370000000000000107e+00 5.088000000000000000e+08 5.000000000000000000e+07 9.100000000000000311e-01 1.500000000000000222e-01 1.368640384457570879e-18 1.228843176890677341e+03
2.710000000000000000e+02 3.200000000000000067e-01 5.088000000000000000e+08 1.000000000000000000e+07 9.341422424970816651e-01 0.000000000000000000e+00 2.093815612909000890e-19 6.825400472257762203e+02
2.720000000000000000e+02 1.090000000000000080e+00 2.500000000000000000e+09 5.000000000000000000e+07 9.736921945229898290e-01 2.500000000000000000e-01 5.744467618913765120e-18 2.128835203724082930e+03
2.730000000000000000e+02 3.379999999999999893e+00 1.139100030000000000e+09 2.511900000000000000e+07 9.100000000000000311e-01 5.250000000000000222e-01 3.437691521656886667e-17 1.172492181374899246e+03
2.740000000000000000e+02 4.299999999999999933e-01 5.088000000000000000e+08 5.000000000000000000e+07 9.736921945229898290e-01 1.500000000000000222e-01 2.743167364139663816e-19 1.099544444927758377e+03
2.750000000000000000e+02 2.780000000000000249e+00 5.088000000000000000e+08 5.000000000000000000e+07 9.736921945229898290e-01 7.000000000000000666e-01 5.345553017911994152e-17 1.657029001685921230e+03
2.760000000000000000e+02 1.799999999999999933e-01 3.000000000000000000e+09 5.000000000000000000e+07 9.736921945229898290e-01 1.750000000000000167e-01 4.540468254278934591e-19 1.607701555285358154e+03
2.770000000000000000e+02 2.430000000000000160e+00 5.088000000000000000e+08 5.000000000000000000e+07 9.621369907677361777e-01 0.000000000000000000e+00 9.555245201558742352e-20 5.677004652856803659e+02
2.780000000000000000e+02 4.000000000000000222e-01 5.088000000000000000e+08 1.000000000000000000e+07 9.736921945229898290e-01 0.000000000000000000e+00 2.278576774112470090e-19 1.194246231217689456e+03
2.790000000000000000e+02 6.700000000000000400e-01 8.064000000000000000e+08 5.000000000000000000e+07 9.469042655519807061e-01 0.000000000000000000e+00 2.034751216329436722e-19 8.277391695650202337e+02
2.800000000000000000e+02 3.669999999999999929e+00 1.700000000000000000e+09 5.000000000000000000e+07 9.100000000000000311e-01 3.000000000000000444e-01 3.841405420862801957e-18 7.299338380139466835e+02
2.810000000000000000e+02 5.000000000000000000e-01 5.088000000000000000e+08 1.000000000000000000e+07 9.100000000000000311e-01 1.000000000000000056e-01 4.214219741903029565e-19 8.262285550320227685e+02
2.820000000000000000e+02 2.270000000000000018e+00 5.088000000000000000e+08 5.000000000000000000e+07 9.663484167759833765e-01 5.000000000000000278e-02 5.495530163837511972e-19 1.355417688321775813e+03
2.830000000000000000e+02 2.450000000000000178e+00 2.500000000000000000e+09 1.000000000000000000e+07 9.621369907677361777e-01 3.250000000000000111e-01 5.533497779462842204e-18 8.507514940797168492e+02
2.840000000000000000e+02 4.600000000000000200e-01 5.088000000000000000e+08 1.000000000000000000e+07 9.100000000000000311e-01 1.250000000000000000e-01 1.027144789880402017e-18 1.043611124909410819e+03
2.850000000000000000e+02 4.199999999999999845e-01 5.088000000000000000e+08 5.000000000000000000e+07 9.736921945229898290e-01 2.250000000000000056e-01 4.793029719412675245e-19 1.490548131798599798e+03
2.860000000000000000e+02 3.800000000000000044e-01 5.088000000000000000e+08 1.000000000000000000e+07 9.187989160644089992e-01 2.500000000000000139e-02 7.219386473986740735e-19 1.124791949425006123e+03
2.870000000000000000e+02 3.260000000000000231e+00 5.088000000000000000e+08 5.000000000000000000e+07 9.469042655519807061e-01 9.500000000000000666e-01 7.121451083884795606e-15 3.919844338710071952e+03
2.880000000000000000e+02 1.050000000000000044e+00 2.000000000000000000e+09 5.000000000000000000e+07 9.736921945229898290e-01 2.250000000000000056e-01 4.636225435391327262e-18 1.642619411591580956e+03
2.890000000000000000e+02 2.350000000000000089e+00 5.088000000000000000e+08 1.000000000000000000e+07 9.187989160644089992e-01 3.250000000000000111e-01 2.364837173769764714e-17 2.425037899938409282e+03
2.900000000000000000e+02 1.370000000000000107e+00 5.088000000000000000e+08 5.000000000000000000e+07 9.736921945229898290e-01 6.750000000000000444e-01 6.702721678654037708e-17 2.579274648928420447e+03
2.910000000000000000e+02 9.500000000000000666e-01 2.000000000000000000e+09 1.000000000000000000e+07 9.408169029081063783e-01 1.750000000000000167e-01 6.138682271685965903e-19 9.909098841481031741e+02
2.920000000000000000e+02 2.000000000000000000e+00 1.139100030000000000e+09 2.511900000000000000e+07 9.187989160644089992e-01 1.000000000000000000e+00 2.754000681279801842e-15 1.649963281264135048e+03
2.930000000000000000e+02 2.419999999999999929e+00 5.088000000000000000e+08 5.000000000000000000e+07 9.268236228897329676e-01 1.000000000000000056e-01 1.037856121839327791e-18 1.074575073857166672e+03
2.940000000000000000e+02 1.189999999999999947e+00 1.434000000000000000e+09 1.000000000000000000e+07 9.100000000000000311e-01 5.250000000000000222e-01 6.464555322086446007e-17 2.093745978082636157e+03
2.950000000000000000e+02 1.409999999999999920e+00 5.088000000000000000e+08 5.000000000000000000e+07 9.100000000000000311e-01 6.250000000000000000e-01 1.326577097167482144e-16 1.831670893419707681e+03
2.960000000000000000e+02 2.660000000000000142e+00 5.088000000000000000e+08 5.000000000000000000e+07 9.736921945229898290e-01 2.500000000000000139e-02 3.412773475412504420e-19 1.423425464929882537e+03
2.970000000000000000e+02 2.510000000000000231e+00 5.088000000000000000e+08 1.000000000000000000e+07 9.621369907677361777e-01 0.000000000000000000e+00 5.006693858947910678e-19 4.065799348215681675e+03
2.980000000000000000e+02 4.870000000000000107e+00 5.088000000000000000e+08 5.000000000000000000e+07 9.524560062662843496e-01 0.000000000000000000e+00 9.152765704561581189e-20 6.112224789404813237e+02
2.990000000000000000e+02 4.600000000000000200e-01 5.088000000000000000e+08 5.000000000000000000e+07 9.736921945229898290e-01 2.500000000000000000e-01 3.843316436397385329e-19 1.047047306838809163e+03
3.000000000000000000e+02 3.760000000000000231e+00 1.700000000000000000e+09 1.000000000000000000e+07 9.100000000000000311e-01 3.500000000000000333e-01 6.759421807511372930e-18 1.119397135736598102e+03
3.010000000000000000e+02 6.300000000000000044e-01 1.139100030000000000e+09 1.000000000000000000e+07 9.100000000000000311e-01 2.500000000000000139e-02 2.293973776386277844e-17 1.371795925872253065e+04
3.020000000000000000e+02 1.610000000000000098e+00 1.139100030000000000e+09 1.000000000000000000e+07 9.100000000000000311e-01 2.500000000000000139e-02 3.228520599444751003e-14 1.262952458538137674e+08
3.030000000000000000e+02 3.350000000000000089e+00 5.088000000000000000e+08 5.000000000000000000e+07 9.408169029081063783e-01 0.000000000000000000e+00 3.077033142554960893e-20 6.044902972930511851e+02
3.040000000000000000e+02 1.520000000000000018e+00 5.088000000000000000e+08 5.000000000000000000e+07 9.736921945229898290e-01 4.250000000000000444e-01 2.312362166020314247e-17 2.347582842286199138e+03
3.050000000000000000e+02 2.280000000000000249e+00 5.088000000000000000e+08 1.000000000000000000e+07 9.100000000000000311e-01 2.000000000000000111e-01 8.620494814599778263e-18 1.485493100514343041e+03
3.060000000000000000e+02 5.999999999999999778e-01 8.064000000000000000e+08 1.000000000000000000e+07 9.100000000000000311e-01 2.000000000000000111e-01 1.665584720656861502e-17 3.650950986893668869e+03
3.070000000000000000e+02 2.410000000000000142e+00 5.088000000000000000e+08 5.000000000000000000e+07 9.663484167759833765e-01 3.000000000000000444e-01 1.917956327115116184e-18 6.833142145999535160e+02
3.080000000000000000e+02 3.350000000000000089e+00 8.064000000000000000e+08 5.000000000000000000e+07 9.408169029081063783e-01 2.500000000000000000e-01 4.716142796466915824e-18 8.927882191859937393e+02
3.090000000000000000e+02 3.089999999999999858e+00 2.000000000000000000e+09 2.511900000000000000e+07 9.736921945229898290e-01 0.000000000000000000e+00 1.544067330954137182e-19 1.351110784834118203e+04
3.100000000000000000e+02 7.900000000000000355e-01 2.500000000000000000e+09 1.000000000000000000e+07 9.100000000000000311e-01 0.000000000000000000e+00 2.338428339481914868e-19 7.415917844975546132e+02
3.110000000000000000e+02 1.130000000000000115e+00 4.000000000000000000e+09 1.000000000000000000e+07 9.341422424970816651e-01 2.500000000000000139e-02 2.551651302030433019e-19 4.697831646136141899e+02
3.120000000000000000e+02 2.450000000000000178e+00 1.700000000000000000e+09 2.511900000000000000e+07 9.736921945229898290e-01 8.250000000000000666e-01 2.559730087644893995e-16 7.535940335939393435e+02
3.130000000000000000e+02 2.550000000000000266e+00 5.088000000000000000e+08 5.000000000000000000e+07 9.736921945229898290e-01 0.000000000000000000e+00 2.889176056894407986e-19 8.038642168706858229e+02
3.140000000000000000e+02 1.000000000000000056e-01 8.064000000000000000e+08 5.000000000000000000e+07 9.736921945229898290e-01 1.250000000000000000e-01 1.401037673406847869e-19 5.403268751838074877e+02
3.150000000000000000e+02 2.160000000000000142e+00 3.000000000000000000e+09 1.000000000000000000e+07 9.187989160644089992e-01 1.750000000000000167e-01 2.626267135706116781e-18 6.704779233310855489e+02
3.160000000000000000e+02 5.600000000000000533e-01 3.000000000000000000e+09 1.000000000000000000e+07 9.736921945229898290e-01 5.750000000000000666e-01 6.529745783505124766e-18 1.613699232974164715e+03
3.170000000000000000e+02 2.310000000000000053e+00 5.088000000000000000e+08 5.000000000000000000e+07 9.736921945229898290e-01 2.750000000000000222e-01 2.465166906567593372e-18 7.679073586508413882e+02
3.180000000000000000e+02 2.180000000000000160e+00 3.000000000000000000e+09 1.000000000000000000e+07 9.663484167759833765e-01 7.500000000000000000e-01 2.635441555582637283e-16 1.591399599088118066e+03
3.190000000000000000e+02 4.669999999999999929e+00 5.088000000000000000e+08 2.511900000000000000e+07 9.736921945229898290e-01 2.500000000000000139e-02 1.575527576363894711e-19 4.743537441522248059e+02
3.200000000000000000e+02 2.569999999999999840e+00 5.088000000000000000e+08 1.000000000000000000e+07 9.341422424970816651e-01 0.000000000000000000e+00 1.225447376673312770e-19 4.622222398163277148e+02
3.210000000000000000e+02 4.700000000000000289e-01 2.500000000000000000e+09 1.000000000000000000e+07 9.100000000000000311e-01 0.000000000000000000e+00 2.191740937521864027e-19 4.890226598365111954e+02
3.220000000000000000e+02 3.800000000000000044e-01 8.064000000000000000e+08 1.000000000000000000e+07 9.100000000000000311e-01 0.000000000000000000e+00 2.376855683047814658e-19 5.330293876431918534e+02
3.230000000000000000e+02 6.300000000000000044e-01 5.088000000000000000e+08 5.000000000000000000e+07 9.524560062662843496e-01 0.000000000000000000e+00 2.439560106740294038e-19 8.169873122153170470e+02
3.240000000000000000e+02 5.899999999999999689e-01 8.064000000000000000e+08 5.000000000000000000e+07 9.736921945229898290e-01 0.000000000000000000e+00 1.878379479748312718e-18 1.381684366446778586e+04
3.250000000000000000e+02 2.569999999999999840e+00 5.088000000000000000e+08 5.000000000000000000e+07 9.736921945229898290e-01 3.500000000000000333e-01 1.842296881539606441e-18 3.125634961123878384e+02
3.260000000000000000e+02 2.680000000000000160e+00 5.088000000000000000e+08 5.000000000000000000e+07 9.736921945229898290e-01 2.750000000000000222e-01 6.210556197009774852e-18 1.993751624773107324e+03
3.270000000000000000e+02 4.129999999999999893e+00 8.064000000000000000e+08 5.000000000000000000e+07 9.736921945229898290e-01 1.500000000000000222e-01 2.626863963644066087e-19 1.734447965402370528e+03
3.280000000000000000e+02 2.959999999999999964e+00 2.000000000000000000e+09 2.511900000000000000e+07 9.469042655519807061e-01 0.000000000000000000e+00 2.683044243525609935e-19 3.921680137835331607e+03
3.290000000000000000e+02 3.250000000000000000e+00 8.064000000000000000e+08 5.000000000000000000e+07 9.736921945229898290e-01 2.500000000000000000e-01 9.748228519258424122e-19 9.275763265922215624e+02
3.300000000000000000e+02 4.600000000000000200e-01 5.088000000000000000e+08 1.000000000000000000e+07 9.100000000000000311e-01 0.000000000000000000e+00 4.741939467860318698e-19 8.821420973487105357e+02
3.310000000000000000e+02 2.930000000000000160e+00 5.088000000000000000e+08 1.000000000000000000e+07 9.575192539750227994e-01 0.000000000000000000e+00 5.162570952735999902e-20 7.401904036067254538e+02
3.320000000000000000e+02 2.660000000000000142e+00 1.434000000000000000e+09 1.000000000000000000e+07 9.736921945229898290e-01 0.000000000000000000e+00 1.025551346546644701e-19 7.195624037986219719e+02
3.330000000000000000e+02 3.959999999999999964e+00 1.700000000000000000e+09 1.000000000000000000e+07 9.100000000000000311e-01 1.250000000000000000e-01 7.154483100703234054e-19 1.270176006028607844e+03
3.340000000000000000e+02 2.629999999999999893e+00 2.000000000000000000e+09 5.000000000000000000e+07 9.100000000000000311e-01 5.500000000000000444e-01 4.321306069720602351e-17 7.331397472161344240e+02
3.350000000000000000e+02 2.720000000000000195e+00 5.088000000000000000e+08 1.000000000000000000e+07 9.701892829446502331e-01 0.000000000000000000e+00 2.028987115122303911e-19 1.051133639096361094e+03
3.360000000000000000e+02 4.410000000000000142e+00 5.088000000000000000e+08 5.000000000000000000e+07 9.736921945229898290e-01 0.000000000000000000e+00 1.042229127943795537e-19 7.104050383131846047e+02
3.370000000000000000e+02 3.520000000000000018e+00 2.000000000000000000e+09 5.000000000000000000e+07 9.100000000000000311e-01 2.000000000000000111e-01 1.776402141866674268e-18 9.346153273332388380e+02
3.380000000000000000e+02 1.520000000000000018e+00 5.088000000000000000e+08 2.511900000000000000e+07 9.100000000000000311e-01 7.000000000000000666e-01 2.199807646925764554e-16 1.722097985178715817e+03
3.390000000000000000e+02 4.860000000000000320e+00 8.064000000000000000e+08 5.000000000000000000e+07 9.100000000000000311e-01 0.000000000000000000e+00 1.586731729572061051e-19 1.650204767231011829e+03
3.400000000000000000e+02 2.800000000000000266e-01 5.088000000000000000e+08 1.000000000000000000e+07 9.736921945229898290e-01 0.000000000000000000e+00 6.069704849379659477e-19 4.737832799054851421e+03
3.410000000000000000e+02 2.189999999999999947e+00 5.088000000000000000e+08 1.000000000000000000e+07 9.268236228897329676e-01 2.500000000000000000e-01 5.764422712419392927e-18 1.254237997330444841e+03
3.420000000000000000e+02 2.700000000000000178e+00 5.088000000000000000e+08 1.000000000000000000e+07 9.621369907677361777e-01 2.500000000000000139e-02 1.823686341742357031e-19 7.978220516973228769e+02
3.430000000000000000e+02 3.390000000000000124e+00 1.434000000000000000e+09 5.000000000000000000e+07 9.736921945229898290e-01 3.250000000000000111e-01 2.395095672285010454e-17 4.486159000655015916e+03
3.440000000000000000e+02 4.400000000000000022e-01 5.088000000000000000e+08 1.000000000000000000e+07 9.100000000000000311e-01 0.000000000000000000e+00 3.970390315812597085e-19 8.954234973611015675e+02
3.450000000000000000e+02 4.500000000000000111e-01 5.088000000000000000e+08 1.000000000000000000e+07 9.268236228897329676e-01 0.000000000000000000e+00 3.335077856851083228e-19 9.446471151990095905e+02
3.460000000000000000e+02 2.580000000000000071e+00 5.088000000000000000e+08 1.000000000000000000e+07 9.701892829446502331e-01 0.000000000000000000e+00 2.941303826515984219e-19 1.081805562604873558e+03
3.470000000000000000e+02 2.270000000000000018e+00 3.000000000000000000e+09 1.000000000000000000e+07 9.341422424970816651e-01 4.000000000000000222e-01 3.741201908640692334e-17 1.659867196976343394e+03
3.480000000000000000e+02 2.229999999999999982e+00 3.000000000000000000e+09 1.000000000000000000e+07 9.408169029081063783e-01 3.750000000000000000e-01 3.971544440200421188e-16 1.082336766620687704e+05
3.490000000000000000e+02 3.099999999999999978e-01 2.500000000000000000e+09 1.000000000000000000e+07 9.100000000000000311e-01 7.500000000000001110e-02 9.602790398202681959e-17 2.401235174959757715e+05
3.500000000000000000e+02 4.419999999999999929e+00 5.088000000000000000e+08 1.000000000000000000e+07 9.408169029081063783e-01 2.000000000000000111e-01 7.908497340229254882e-19 7.606924526339724935e+02
3.510000000000000000e+02 3.589999999999999858e+00 5.088000000000000000e+08 2.511900000000000000e+07 9.100000000000000311e-01 7.500000000000001110e-02 5.926239697824522628e-19 2.109013447084897507e+03
3.520000000000000000e+02 2.419999999999999929e+00 5.088000000000000000e+08 1.000000000000000000e+07 9.408169029081063783e-01 2.250000000000000056e-01 1.156797350877032928e-17 3.312290626835434523e+03
3.530000000000000000e+02 3.300000000000000155e-01 8.064000000000000000e+08 5.000000000000000000e+07 9.736921945229898290e-01 0.000000000000000000e+00 8.142134047753964486e-19 2.695617358209832673e+03
3.540000000000000000e+02 5.799999999999999600e-01 5.088000000000000000e+08 5.000000000000000000e+07 9.736921945229898290e-01 3.250000000000000111e-01 1.378615836513781992e-19 4.792809888633368018e+02
3.550000000000000000e+02 2.709999999999999964e+00 1.139100030000000000e+09 2.511900000000000000e+07 9.736921945229898290e-01 5.000000000000000278e-02 3.302308467492309103e-19 7.263775836681045348e+02
3.560000000000000000e+02 2.689999999999999947e+00 5.088000000000000000e+08 1.000000000000000000e+07 9.736921945229898290e-01 3.750000000000000000e-01 3.934645934831226602e-18 1.162315743132079660e+03
3.570000000000000000e+02 4.629999999999999893e+00 5.088000000000000000e+08 5.000000000000000000e+07 9.701892829446502331e-01 0.000000000000000000e+00 1.971713669170312595e-19 1.645957087680934592e+03
3.580000000000000000e+02 3.450000000000000178e+00 2.000000000000000000e+09 5.000000000000000000e+07 9.100000000000000311e-01 2.000000000000000111e-01 2.128895466683236370e-18 1.192542108819467330e+03
3.590000000000000000e+02 2.620000000000000107e+00 2.500000000000000000e+09 5.000000000000000000e+07 9.736921945229898290e-01 2.750000000000000222e-01 4.462345784945151567e-18 7.812698939636426303e+02
3.600000000000000000e+02 2.540000000000000036e+00 5.088000000000000000e+08 2.511900000000000000e+07 9.663484167759833765e-01 1.750000000000000167e-01 5.499220184499211295e-19 7.475155002946331706e+02
3.610000000000000000e+02 3.540000000000000036e+00 2.000000000000000000e+09 1.000000000000000000e+07 9.100000000000000311e-01 3.000000000000000444e-01 1.705193288618940269e-17 2.779644051563679113e+03
3.620000000000000000e+02 3.959999999999999964e+00 5.088000000000000000e+08 1.000000000000000000e+07 9.736921945229898290e-01 2.500000000000000139e-02 1.671386284096059755e-19 9.436965480294171584e+02
3.630000000000000000e+02 3.000000000000000000e+00 2.000000000000000000e+09 1.000000000000000000e+07 9.100000000000000311e-01 0.000000000000000000e+00 -1.336668374175055155e-17 4.433717313690274954e+08
3.640000000000000000e+02 4.540000000000000036e+00 5.088000000000000000e+08 1.000000000000000000e+07 9.736921945229898290e-01 0.000000000000000000e+00 3.286957011862175885e-20 6.615435653496253963e+02
3.650000000000000000e+02 1.260000000000000009e+00 1.139100030000000000e+09 5.000000000000000000e+07 9.736921945229898290e-01 3.750000000000000000e-01 7.947749154023942783e-18 1.277888220997132294e+03
3.660000000000000000e+02 1.260000000000000009e+00 2.500000000000000000e+09 5.000000000000000000e+07 9.736921945229898290e-01 3.750000000000000000e-01 1.089134132227180331e-17 1.267355273245577564e+03
3.670000000000000000e+02 2.129999999999999893e+00 8.064000000000000000e+08 5.000000000000000000e+07 9.736921945229898290e-01 3.250000000000000111e-01 2.006726895062992374e-18 6.414649258620017918e+02
3.680000000000000000e+02 1.060000000000000053e+00 2.000000000000000000e+09 5.000000000000000000e+07 9.736921945229898290e-01 3.250000000000000111e-01 1.393762902036912985e-17 2.438457438421698043e+03
3.690000000000000000e+02 1.130000000000000115e+00 2.000000000000000000e+09 5.000000000000000000e+07 9.736921945229898290e-01 3.250000000000000111e-01 2.239817850012240023e-17 3.607799162330635227e+03
3.700000000000000000e+02 5.600000000000000533e-01 1.434000000000000000e+09 1.000000000000000000e+07 9.736921945229898290e-01 0.000000000000000000e+00 4.434165302308979786e-20 4.171382893711556221e+02
3.710000000000000000e+02 2.550000000000000266e+00 1.434000000000000000e+09 5.000000000000000000e+07 9.736921945229898290e-01 5.000000000000000278e-02 1.894356926865765131e-19 1.377695177202597733e+03
3.720000000000000000e+02 2.339999999999999858e+00 5.088000000000000000e+08 1.000000000000000000e+07 9.100000000000000311e-01 1.500000000000000222e-01 8.059122207022515118e-18 2.108501259674201265e+03
3.730000000000000000e+02 3.089999999999999858e+00 2.000000000000000000e+09 1.000000000000000000e+07 9.100000000000000311e-01 0.000000000000000000e+00 -6.211713527513498725e-18 4.229191608962432146e+08
