# obj_no phot_z age_old age_new f_old_V  EBV norm chi
1.000000000000000000e+00 4.299999999999999933e-01 1.434000000000000000e+09 1.000000000000000000e+07 7.080048279597983552e-01 0.000000000000000000e+00 4.414535995230075534e-18 1.978384170446193821e+03
2.000000000000000000e+00 3.370000000000000107e+00 2.000000000000000000e+09 2.511900000000000000e+07 7.080048279597983552e-01 9.750000000000000888e-01 2.987877775118725100e-15 1.283246747384440368e+03
3.000000000000000000e+00 3.900000000000000133e-01 8.064000000000000000e+08 1.000000000000000000e+07 7.080048279597983552e-01 2.500000000000000139e-02 3.526577295791929666e-18 1.536415351653596872e+03
4.000000000000000000e+00 1.699999999999999956e+00 4.000000000000000000e+09 5.000000000000000000e+07 9.003521803856815442e-01 3.250000000000000111e-01 2.575910290234927860e-18 7.940854191093449117e+02
5.000000000000000000e+00 3.910000000000000142e+00 1.700000000000000000e+09 5.000000000000000000e+07 7.080048279597983552e-01 3.750000000000000000e-01 8.715682019619346744e-18 9.104874397009340328e+02
6.000000000000000000e+00 3.500000000000000333e-01 5.088000000000000000e+08 5.000000000000000000e+07 9.003521803856815442e-01 1.250000000000000000e-01 8.525478809815494834e-19 9.255245227430613113e+02
7.000000000000000000e+00 5.100000000000000089e-01 2.500000000000000000e+09 1.000000000000000000e+07 7.345771296661833816e-01 0.000000000000000000e+00 5.052455138932024137e-19 6.214007566484498284e+02
8.000000000000000000e+00 3.649999999999999911e+00 1.700000000000000000e+09 5.000000000000000000e+07 7.080048279597983552e-01 1.750000000000000167e-01 1.023761089908585748e-18 9.628850580218071400e+02
9.000000000000000000e+00 1.090000000000000080e+00 2.500000000000000000e+09 2.511900000000000000e+07 7.080048279597983552e-01 1.000000000000000000e+00 3.981511934817403876e-15 7.338614115117023175e+03
1.000000000000000000e+01 4.860000000000000320e+00 5.088000000000000000e+08 1.000000000000000000e+07 9.003521803856815442e-01 4.250000000000000444e-01 5.471612261696238515e-17 6.037061581914808812e+03
1.100000000000000000e+01 1.459999999999999964e+00 5.088000000000000000e+08 5.000000000000000000e+07 9.003521803856815442e-01 6.000000000000000888e-01 2.232989941678521110e-16 1.846356517369986250e+03
1.200000000000000000e+01 3.510000000000000231e+00 2.000000000000000000e+09 5.000000000000000000e+07 7.080048279597983552e-01 2.250000000000000056e-01 2.181287982425882500e-18 5.927764273821987899e+02
1.300000000000000000e+01 2.300000000000000266e+00 3.000000000000000000e+09 2.511900000000000000e+07 7.080048279597983552e-01 3.250000000000000111e-01 1.043043712277010069e-17 1.127222770221151450e+03
1.400000000000000000e+01 1.570000000000000062e+00 4.000000000000000000e+09 2.511900000000000000e+07 8.362199171250624952e-01 1.000000000000000000e+00 2.211993834610478211e-15 2.249130946819955170e+03
1.500000000000000000e+01 4.990000000000000213e+00 5.088000000000000000e+08 1.000000000000000000e+07 9.003521803856815442e-01 0.000000000000000000e+00 9.983713382070071204e-20 8.677492417842556733e+02
1.600000000000000000e+01 3.580000000000000071e+00 2.000000000000000000e+09 5.000000000000000000e+07 7.080048279597983552e-01 3.750000000000000000e-01 2.031498830201532344e-17 1.410032214171014175e+03
1.700000000000000000e+01 1.040000000000000036e+00 1.434000000000000000e+09 5.000000000000000000e+07 9.003521803856815442e-01 6.000000000000000888e-01 2.572719237872305234e-16 4.806975017215744629e+03
1.800000000000000000e+01 3.200000000000000067e-01 8.064000000000000000e+08 1.000000000000000000e+07 8.781743261443593074e-01 0.000000000000000000e+00 3.131707214088606807e-18 3.163810928775550565e+03
1.900000000000000000e+01 3.189999999999999947e+00 2.000000000000000000e+09 5.000000000000000000e+07 7.080048279597983552e-01 3.500000000000000333e-01 1.672041681942856341e-17 2.059825773874993956e+03
2.000000000000000000e+01 1.179999999999999938e+00 4.000000000000000000e+09 1.000000000000000000e+07 8.010703869145960887e-01 0.000000000000000000e+00 3.004827628055394048e-19 5.234537577274018076e+02
2.100000000000000000e+01 4.299999999999999933e-01 4.000000000000000000e+09 1.000000000000000000e+07 7.588113568490419958e-01 1.000000000000000000e+00 7.549238537802866821e-16 6.327168265961164252e+03
2.200000000000000000e+01 7.500000000000000000e-01 5.088000000000000000e+08 5.000000000000000000e+07 9.003521803856815442e-01 4.500000000000000111e-01 4.135949199565915901e-18 1.159986158310045084e+03
2.300000000000000000e+01 3.879999999999999893e+00 1.700000000000000000e+09 5.000000000000000000e+07 7.080048279597983552e-01 4.250000000000000444e-01 2.678787902169656691e-17 1.110458234599250545e+03
2.400000000000000000e+01 1.260000000000000009e+00 2.500000000000000000e+09 5.000000000000000000e+07 9.003521803856815442e-01 6.750000000000000444e-01 1.800626054583872130e-16 1.757497729098767195e+03
2.500000000000000000e+01 4.400000000000000022e-01 5.088000000000000000e+08 1.000000000000000000e+07 9.003521803856815442e-01 1.250000000000000000e-01 8.121770320713263009e-19 8.865642470609324164e+02
2.600000000000000000e+01 3.479999999999999982e+00 5.088000000000000000e+08 5.000000000000000000e+07 9.003521803856815442e-01 5.000000000000000278e-02 2.966973933460384473e-19 7.395775521289656353e+02
2.700000000000000000e+01 4.360000000000000320e+00 5.088000000000000000e+08 5.000000000000000000e+07 9.003521803856815442e-01 1.000000000000000056e-01 2.071413532678031024e-18 2.265716264799806140e+03
2.800000000000000000e+01 1.040000000000000036e+00 1.434000000000000000e+09 5.000000000000000000e+07 9.003521803856815442e-01 4.000000000000000222e-01 9.754315493202967899e-18 1.351496152959547771e+03
2.900000000000000000e+01 4.540000000000000036e+00 5.088000000000000000e+08 1.000000000000000000e+07 7.345771296661833816e-01 7.500000000000000000e-01 4.341558340428503121e-16 4.777890445299246494e+04
3.000000000000000000e+01 3.609999999999999876e+00 2.000000000000000000e+09 1.000000000000000000e+07 7.080048279597983552e-01 3.750000000000000000e-01 6.116231905776363104e-18 9.723858776402009880e+02
3.100000000000000000e+01 7.299999999999999822e-01 5.088000000000000000e+08 5.000000000000000000e+07 8.362199171250624952e-01 7.500000000000001110e-02 9.353357347562546870e-19 1.247522422651190254e+03
3.200000000000000000e+01 1.040000000000000036e+00 2.500000000000000000e+09 1.000000000000000000e+07 7.080048279597983552e-01 8.250000000000000666e-01 5.408309987370063485e-16 1.804962012097765182e+03
3.300000000000000000e+01 3.290000000000000036e+00 2.000000000000000000e+09 1.000000000000000000e+07 7.080048279597983552e-01 4.750000000000000333e-01 1.738583329207152200e-17 1.110859978610440749e+03
3.400000000000000000e+01 6.140000000000000568e+00 1.139100030000000000e+09 1.000000000000000000e+07 7.080048279597983552e-01 4.000000000000000222e-01 -2.196759087123462105e-18 5.922443099818929113e+02
3.500000000000000000e+01 1.060000000000000053e+00 2.000000000000000000e+09 5.000000000000000000e+07 9.003521803856815442e-01 6.000000000000000888e-01 2.479105508088945888e-16 4.787979338700912194e+03
3.600000000000000000e+01 4.280000000000000249e+00 5.088000000000000000e+08 5.000000000000000000e+07 9.003521803856815442e-01 1.750000000000000167e-01 6.917448017239241347e-19 8.045242829551395971e+02
3.700000000000000000e+01 5.899999999999999689e-01 8.064000000000000000e+08 2.511900000000000000e+07 9.003521803856815442e-01 7.000000000000000666e-01 6.599252822339069055e-17 3.510487052104723261e+03
3.800000000000000000e+01 2.550000000000000266e+00 5.088000000000000000e+08 1.000000000000000000e+07 8.362199171250624952e-01 1.750000000000000167e-01 3.743568400345774720e-18 1.166282839227167869e+03
3.900000000000000000e+01 3.570000000000000284e+00 2.000000000000000000e+09 1.000000000000000000e+07 7.080048279597983552e-01 3.000000000000000444e-01 5.628792640216259796e-18 1.528469785805430092e+03
4.000000000000000000e+01 2.000000000000000111e-01 2.500000000000000000e+09 1.000000000000000000e+07 8.781743261443593074e-01 0.000000000000000000e+00 1.169805195989398274e-18 1.502806247457329619e+03
4.100000000000000000e+01 3.099999999999999978e-01 8.064000000000000000e+08 1.000000000000000000e+07 8.781743261443593074e-01 0.000000000000000000e+00 3.876879892175907158e-18 2.867950266225478572e+03
4.200000000000000000e+01 3.570000000000000284e+00 2.000000000000000000e+09 5.000000000000000000e+07 7.080048279597983552e-01 5.000000000000000000e-01 2.946802941313095233e-17 1.145056110907841003e+03
4.300000000000000000e+01 3.580000000000000071e+00 2.000000000000000000e+09 1.000000000000000000e+07 7.080048279597983552e-01 4.500000000000000111e-01 1.646796223957352456e-17 1.521584512987132484e+03
4.400000000000000000e+01 5.300000000000000266e-01 5.088000000000000000e+08 1.000000000000000000e+07 7.080048279597983552e-01 5.000000000000000000e-01 3.423955354034047735e-17 1.854268870106927352e+03
4.500000000000000000e+01 3.390000000000000124e+00 2.000000000000000000e+09 5.000000000000000000e+07 7.080048279597983552e-01 2.750000000000000222e-01 5.194086985300692678e-18 9.601975185315358203e+02
4.600000000000000000e+01 3.149999999999999911e+00 5.088000000000000000e+08 5.000000000000000000e+07 9.003521803856815442e-01 3.250000000000000111e-01 1.820785614907513431e-17 1.888723774297156524e+03
4.700000000000000000e+01 3.400000000000000244e-01 5.088000000000000000e+08 5.000000000000000000e+07 9.003521803856815442e-01 1.750000000000000167e-01 1.950557183618833861e-18 1.138739134313470231e+03
4.800000000000000000e+01 3.470000000000000195e+00 2.000000000000000000e+09 5.000000000000000000e+07 7.080048279597983552e-01 4.500000000000000111e-01 3.474823474172059906e-17 1.090995824726801402e+03
4.900000000000000000e+01 2.500000000000000000e+00 5.088000000000000000e+08 5.000000000000000000e+07 9.003521803856815442e-01 2.000000000000000111e-01 7.033571237429333393e-18 2.822491890890932609e+03
5.000000000000000000e+01 2.620000000000000107e+00 5.088000000000000000e+08 5.000000000000000000e+07 9.003521803856815442e-01 1.250000000000000000e-01 2.521918148044968059e-18 2.064944736161439323e+03
5.100000000000000000e+01 1.620000000000000107e+00 5.088000000000000000e+08 5.000000000000000000e+07 9.003521803856815442e-01 8.000000000000000444e-01 3.374884949876917605e-16 1.483248968267699638e+03
5.200000000000000000e+01 5.400000000000000355e-01 5.088000000000000000e+08 5.000000000000000000e+07 9.003521803856815442e-01 2.000000000000000111e-01 7.029450722900574291e-19 8.904449220095526698e+02
5.300000000000000000e+01 3.300000000000000155e-01 5.088000000000000000e+08 5.000000000000000000e+07 9.003521803856815442e-01 2.250000000000000056e-01 1.604625253461284682e-18 1.031896474529125271e+03
5.400000000000000000e+01 6.800000000000000488e-01 5.088000000000000000e+08 1.000000000000000000e+07 7.080048279597983552e-01 0.000000000000000000e+00 4.761422943623964972e-19 8.590805566419600154e+02
5.500000000000000000e+01 2.540000000000000036e+00 5.088000000000000000e+08 5.000000000000000000e+07 9.003521803856815442e-01 4.750000000000000333e-01 2.032269565199398268e-16 1.141641497861179596e+04
5.600000000000000000e+01 1.409999999999999920e+00 1.434000000000000000e+09 5.000000000000000000e+07 9.003521803856815442e-01 1.000000000000000000e+00 3.909693546689828102e-16 8.992650067958174986e+02
5.700000000000000000e+01 2.270000000000000018e+00 5.088000000000000000e+08 2.511900000000000000e+07 7.080048279597983552e-01 2.500000000000000000e-01 1.733931240245863937e-17 1.879296536513285218e+03
5.800000000000000000e+01 2.149999999999999911e+00 3.000000000000000000e+09 2.511900000000000000e+07 7.080048279597983552e-01 3.000000000000000444e-01 5.260885687596948445e-18 2.587408748448508049e+03
5.900000000000000000e+01 2.540000000000000036e+00 5.088000000000000000e+08 5.000000000000000000e+07 9.003521803856815442e-01 2.500000000000000000e-01 5.422092016783257539e-18 2.375653956075926544e+03
6.000000000000000000e+01 1.340000000000000080e+00 5.088000000000000000e+08 5.000000000000000000e+07 7.345771296661833816e-01 6.500000000000000222e-01 5.794440221423284639e-16 6.848492914322828256e+03
6.100000000000000000e+01 1.239999999999999991e+00 5.088000000000000000e+08 2.511900000000000000e+07 7.080048279597983552e-01 1.000000000000000056e-01 9.592213101900898559e-19 4.929182644583343631e+02
6.200000000000000000e+01 3.099999999999999978e-01 5.088000000000000000e+08 2.511900000000000000e+07 7.080048279597983552e-01 3.250000000000000111e-01 6.920999054823366282e-18 6.255684957501347299e+02
6.300000000000000000e+01 1.660000000000000142e+00 1.434000000000000000e+09 5.000000000000000000e+07 9.003521803856815442e-01 7.000000000000000666e-01 1.728467335598833481e-16 1.175725439256665368e+03
6.400000000000000000e+01 1.370000000000000107e+00 5.088000000000000000e+08 5.000000000000000000e+07 9.003521803856815442e-01 8.500000000000000888e-01 1.668994873434609356e-16 2.053874055017265164e+03
6.500000000000000000e+01 3.459999999999999964e+00 2.000000000000000000e+09 1.000000000000000000e+07 7.080048279597983552e-01 2.500000000000000000e-01 3.001517619757496433e-18 1.291963970882435888e+03
6.600000000000000000e+01 3.699999999999999956e-01 8.064000000000000000e+08 5.000000000000000000e+07 9.003521803856815442e-01 0.000000000000000000e+00 1.628015659638069609e-18 2.025765657643239820e+03
6.700000000000000000e+01 3.310000000000000053e+00 2.000000000000000000e+09 1.000000000000000000e+07 9.003521803856815442e-01 1.250000000000000000e-01 2.606389667261178636e-19 7.903086298021055427e+02
6.800000000000000000e+01 1.060000000000000053e+00 2.000000000000000000e+09 5.000000000000000000e+07 9.003521803856815442e-01 6.000000000000000888e-01 1.422558908694471327e-16 2.232534936355932132e+03
6.900000000000000000e+01 2.350000000000000089e+00 5.088000000000000000e+08 1.000000000000000000e+07 7.345771296661833816e-01 3.500000000000000333e-01 6.583132386781520740e-14 2.204602290896505862e+07
7.000000000000000000e+01 2.339999999999999858e+00 3.000000000000000000e+09 1.000000000000000000e+07 7.080048279597983552e-01 3.000000000000000444e-01 1.297230582960376306e-13 2.545713209925166517e+07
7.100000000000000000e+01 3.950000000000000178e+00 1.700000000000000000e+09 1.000000000000000000e+07 7.080048279597983552e-01 2.500000000000000000e-01 1.906082381070108007e-18 9.202869086198370496e+02
7.200000000000000000e+01 2.999999999999999889e-01 8.064000000000000000e+08 1.000000000000000000e+07 7.080048279597983552e-01 0.000000000000000000e+00 9.697680731489894797e-19 1.104083245271343458e+03
7.300000000000000000e+01 2.760000000000000231e+00 2.500000000000000000e+09 1.000000000000000000e+07 9.003521803856815442e-01 0.000000000000000000e+00 8.959228210836099016e-20 3.966100410496981567e+03
7.400000000000000000e+01 3.839999999999999858e+00 5.088000000000000000e+08 1.000000000000000000e+07 9.003521803856815442e-01 3.750000000000000000e-01 1.642185161900175201e-18 4.750836431995546150e+02
7.500000000000000000e+01 3.500000000000000333e-01 1.139100030000000000e+09 5.000000000000000000e+07 9.003521803856815442e-01 0.000000000000000000e+00 3.896988759853391792e-19 1.525775211041717739e+03
7.600000000000000000e+01 6.400000000000000133e-01 5.088000000000000000e+08 5.000000000000000000e+07 9.003521803856815442e-01 1.750000000000000167e-01 1.270308986229018429e-18 1.118884104596015050e+03
7.700000000000000000e+01 1.929999999999999938e+00 8.064000000000000000e+08 5.000000000000000000e+07 9.003521803856815442e-01 6.000000000000000888e-01 1.237897344001553044e-16 1.179662409444373588e+04
7.800000000000000000e+01 3.350000000000000089e+00 8.064000000000000000e+08 5.000000000000000000e+07 8.515106807538886935e-01 0.000000000000000000e+00 3.278894045411935955e-19 2.885809415716196327e+03
7.900000000000000000e+01 4.799999999999999822e-01 5.088000000000000000e+08 5.000000000000000000e+07 7.080048279597983552e-01 2.500000000000000139e-02 1.122782357586118196e-18 9.189283164764673302e+02
8.000000000000000000e+01 2.290000000000000036e+00 5.088000000000000000e+08 1.000000000000000000e+07 7.809132347232226046e-01 2.250000000000000056e-01 8.625170190275962200e-18 1.384153387684338895e+03
8.100000000000000000e+01 1.090000000000000080e+00 1.434000000000000000e+09 5.000000000000000000e+07 7.080048279597983552e-01 5.000000000000000000e-01 3.481094096045342618e-17 6.442782092480692882e+02
8.200000000000000000e+01 2.620000000000000107e+00 5.088000000000000000e+08 1.000000000000000000e+07 9.003521803856815442e-01 2.750000000000000222e-01 6.260333371242033240e-18 1.186374889393739068e+03
8.300000000000000000e+01 4.780000000000000249e+00 5.088000000000000000e+08 5.000000000000000000e+07 9.003521803856815442e-01 2.000000000000000111e-01 1.293582501699981449e-18 7.676545569670852274e+02
8.400000000000000000e+01 5.700000000000000622e-01 5.088000000000000000e+08 5.000000000000000000e+07 8.781743261443593074e-01 5.000000000000000278e-02 1.238881261229757691e-18 1.093200498652029864e+03
8.500000000000000000e+01 5.100000000000000089e-01 5.088000000000000000e+08 1.000000000000000000e+07 7.080048279597983552e-01 0.000000000000000000e+00 1.876763410241777258e-18 1.007576207054339534e+03
8.600000000000000000e+01 9.400000000000000577e-01 8.064000000000000000e+08 2.511900000000000000e+07 8.194539282036752414e-01 0.000000000000000000e+00 7.066765200348746841e-19 1.222019720766672663e+03
8.700000000000000000e+01 1.929999999999999938e+00 5.088000000000000000e+08 5.000000000000000000e+07 8.362199171250624952e-01 2.750000000000000222e-01 1.928933130538036981e-18 5.710381057647153966e+02
8.800000000000000000e+01 9.100000000000000311e-01 2.000000000000000000e+09 5.000000000000000000e+07 9.003521803856815442e-01 0.000000000000000000e+00 1.896121905810797416e-19 8.393326343934379565e+02
8.900000000000000000e+01 3.810000000000000053e+00 1.700000000000000000e+09 1.000000000000000000e+07 7.080048279597983552e-01 1.250000000000000000e-01 2.025995703574730303e-19 5.900449912616121537e+02
9.000000000000000000e+01 2.470000000000000195e+00 5.088000000000000000e+08 1.000000000000000000e+07 8.781743261443593074e-01 2.000000000000000111e-01 1.223006828300556724e-17 5.055565705310972589e+03
9.100000000000000000e+01 5.999999999999999778e-01 5.088000000000000000e+08 1.000000000000000000e+07 7.345771296661833816e-01 0.000000000000000000e+00 1.183810567362273377e-18 1.079632523134379881e+03
9.200000000000000000e+01 3.959999999999999964e+00 5.088000000000000000e+08 5.000000000000000000e+07 9.003521803856815442e-01 1.000000000000000000e+00 3.647204559612532575e-15 5.205027819341769828e+03
9.300000000000000000e+01 1.110000000000000098e+00 2.000000000000000000e+09 1.000000000000000000e+07 7.080048279597983552e-01 7.000000000000000666e-01 4.838291184514464947e-16 2.973889636072306985e+03
9.400000000000000000e+01 4.950000000000000178e+00 1.139100030000000000e+09 5.000000000000000000e+07 7.080048279597983552e-01 0.000000000000000000e+00 1.351120642280230610e-19 2.859600486684122188e+03
9.500000000000000000e+01 1.030000000000000027e+00 2.000000000000000000e+09 5.000000000000000000e+07 7.080048279597983552e-01 6.750000000000000444e-01 5.206635316397797420e-16 3.668306584864054912e+03
9.600000000000000000e+01 1.700000000000000122e-01 8.064000000000000000e+08 1.000000000000000000e+07 9.003521803856815442e-01 2.250000000000000056e-01 2.897412570377188497e-18 1.416588016637278088e+03
9.700000000000000000e+01 4.100000000000000311e-01 8.064000000000000000e+08 5.000000000000000000e+07 9.003521803856815442e-01 1.750000000000000167e-01 8.712528205469545440e-19 7.393927979850680003e+02
9.800000000000000000e+01 1.989999999999999991e+00 5.088000000000000000e+08 5.000000000000000000e+07 9.003521803856815442e-01 2.750000000000000222e-01 3.972430987514172318e-18 8.070540403311276805e+02
9.900000000000000000e+01 1.890000000000000124e+00 3.000000000000000000e+09 2.511900000000000000e+07 7.345771296661833816e-01 3.000000000000000444e-01 3.466243694782237951e-17 4.187464808512298987e+03
1.000000000000000000e+02 4.120000000000000107e+00 5.088000000000000000e+08 5.000000000000000000e+07 8.194539282036752414e-01 1.750000000000000167e-01 1.514968590841793881e-18 9.166095582375785398e+02
1.010000000000000000e+02 3.400000000000000244e-01 5.088000000000000000e+08 5.000000000000000000e+07 9.003521803856815442e-01 1.000000000000000056e-01 2.137611330208617745e-18 1.557457394091343758e+03
1.020000000000000000e+02 1.090000000000000080e+00 2.500000000000000000e+09 5.000000000000000000e+07 7.080048279597983552e-01 9.000000000000000222e-01 9.044088909124795903e-16 2.181789003013850561e+03
1.030000000000000000e+02 2.099999999999999922e-01 3.000000000000000000e+09 5.000000000000000000e+07 9.003521803856815442e-01 1.250000000000000000e-01 1.732698707278526420e-17 8.274495408604041586e+03
1.040000000000000000e+02 5.700000000000000622e-01 8.064000000000000000e+08 1.000000000000000000e+07 8.897735565382587364e-01 0.000000000000000000e+00 3.084015873903953240e-19 7.198183310630055303e+02
1.050000000000000000e+02 5.200000000000000178e-01 8.064000000000000000e+08 5.000000000000000000e+07 8.897735565382587364e-01 7.500000000000001110e-02 9.717389579456905462e-19 9.715824483452556706e+02
1.060000000000000000e+02 3.570000000000000284e+00 2.000000000000000000e+09 5.000000000000000000e+07 7.080048279597983552e-01 4.000000000000000222e-01 2.454137575916809998e-17 1.427278244415775589e+03
1.070000000000000000e+02 5.300000000000000266e-01 5.088000000000000000e+08 1.000000000000000000e+07 9.003521803856815442e-01 0.000000000000000000e+00 1.589334592852643230e-19 7.205717006288738276e+02
1.080000000000000000e+02 6.099999999999999867e-01 5.088000000000000000e+08 1.000000000000000000e+07 7.080048279597983552e-01 0.000000000000000000e+00 3.622500171677633945e-19 5.802349327671176979e+02
1.090000000000000000e+02 2.220000000000000195e+00 5.088000000000000000e+08 5.000000000000000000e+07 9.003521803856815442e-01 3.750000000000000000e-01 1.233517197211054708e-17 1.182280055145238975e+03
1.100000000000000000e+02 2.439999999999999947e+00 5.088000000000000000e+08 5.000000000000000000e+07 9.003521803856815442e-01 2.750000000000000222e-01 5.367527774385148194e-18 1.273668848963776099e+03
1.110000000000000000e+02 3.570000000000000284e+00 2.000000000000000000e+09 5.000000000000000000e+07 7.080048279597983552e-01 3.000000000000000444e-01 8.510982103687094623e-18 1.320701011591566839e+03
1.120000000000000000e+02 2.609999999999999876e+00 5.088000000000000000e+08 1.000000000000000000e+07 7.809132347232226046e-01 2.250000000000000056e-01 4.806893129211093490e-18 1.180975605107934825e+03
1.130000000000000000e+02 4.600000000000000200e-01 5.088000000000000000e+08 5.000000000000000000e+07 9.003521803856815442e-01 1.500000000000000222e-01 1.281308225696743274e-18 6.721391454237394782e+02
1.140000000000000000e+02 2.260000000000000231e+00 5.088000000000000000e+08 1.000000000000000000e+07 8.897735565382587364e-01 3.750000000000000000e-01 1.990951059898803414e-17 1.548889597713771536e+03
1.150000000000000000e+02 4.299999999999999933e-01 5.088000000000000000e+08 5.000000000000000000e+07 9.003521803856815442e-01 2.750000000000000222e-01 1.333426209175859649e-18 8.440579748649403200e+02
1.160000000000000000e+02 4.299999999999999933e-01 5.088000000000000000e+08 5.000000000000000000e+07 9.003521803856815442e-01 3.000000000000000444e-01 5.030233661210667254e-18 1.502778075244512593e+03
1.170000000000000000e+02 1.280000000000000027e+00 4.000000000000000000e+09 1.000000000000000000e+07 9.003521803856815442e-01 6.000000000000000888e-01 3.197135197814710879e-17 2.056458789544481988e+03
1.180000000000000000e+02 2.999999999999999889e-02 1.139100030000000000e+09 1.000000000000000000e+07 9.003521803856815442e-01 2.500000000000000139e-02 1.458471843672370584e-18 1.398902458796419978e+03
1.190000000000000000e+02 4.200000000000000178e+00 5.088000000000000000e+08 2.511900000000000000e+07 9.003521803856815442e-01 1.500000000000000222e-01 6.855205861191186443e-19 9.020884187364558784e+02
1.200000000000000000e+02 3.390000000000000124e+00 2.000000000000000000e+09 1.000000000000000000e+07 7.080048279597983552e-01 3.250000000000000111e-01 4.250503456232712440e-18 1.068587986498400369e+03
1.210000000000000000e+02 3.800000000000000044e-01 5.088000000000000000e+08 1.000000000000000000e+07 8.654560229254073533e-01 0.000000000000000000e+00 1.816864256201092345e-18 2.675266102583717839e+03
1.220000000000000000e+02 6.500000000000000222e-01 8.064000000000000000e+08 5.000000000000000000e+07 8.010703869145960887e-01 2.500000000000000000e-01 1.438440333671856743e-18 7.402924676213975772e+02
1.230000000000000000e+02 3.320000000000000284e+00 5.088000000000000000e+08 2.511900000000000000e+07 9.003521803856815442e-01 0.000000000000000000e+00 1.735264919721291170e-19 2.080861480536453655e+03
1.240000000000000000e+02 3.060000000000000053e+00 5.088000000000000000e+08 5.000000000000000000e+07 7.080048279597983552e-01 2.250000000000000056e-01 5.171138356753180913e-18 2.668732262609502868e+03
1.250000000000000000e+02 4.790000000000000036e+00 5.088000000000000000e+08 1.000000000000000000e+07 9.003521803856815442e-01 2.500000000000000139e-02 2.448241439370689355e-19 2.342398844745145652e+03
1.260000000000000000e+02 4.100000000000000311e-01 5.088000000000000000e+08 5.000000000000000000e+07 9.003521803856815442e-01 5.000000000000000278e-02 6.679174648664445230e-19 9.543569876257672604e+02
1.270000000000000000e+02 1.939999999999999947e+00 3.000000000000000000e+09 1.000000000000000000e+07 7.080048279597983552e-01 3.500000000000000333e-01 3.430200860274382141e-17 1.919550398076136389e+03
1.280000000000000000e+02 1.110000000000000098e+00 2.500000000000000000e+09 5.000000000000000000e+07 9.003521803856815442e-01 5.750000000000000666e-01 7.654617403528531443e-17 2.089292650660030176e+03
1.290000000000000000e+02 8.599999999999999867e-01 5.088000000000000000e+08 1.000000000000000000e+07 9.003521803856815442e-01 3.750000000000000000e-01 1.350950207285768310e-18 6.046375603851108735e+02
1.300000000000000000e+02 3.200000000000000178e+00 1.434000000000000000e+09 5.000000000000000000e+07 9.003521803856815442e-01 2.000000000000000111e-01 3.437788179684751742e-18 1.249908952796945414e+03
1.310000000000000000e+02 2.419999999999999929e+00 1.434000000000000000e+09 1.000000000000000000e+07 9.003521803856815442e-01 9.000000000000000222e-01 2.428288010564216023e-15 1.516420305843585311e+03
1.320000000000000000e+02 4.520000000000000462e+00 5.088000000000000000e+08 1.000000000000000000e+07 9.003521803856815442e-01 2.000000000000000111e-01 3.734755175965223240e-18 3.055330668890093875e+03
1.330000000000000000e+02 2.350000000000000089e+00 5.088000000000000000e+08 1.000000000000000000e+07 7.588113568490419958e-01 3.250000000000000111e-01 3.759560082756391274e-14 1.499064389170981199e+07
1.340000000000000000e+02 2.999999999999999889e-01 2.500000000000000000e+09 5.000000000000000000e+07 9.003521803856815442e-01 1.250000000000000000e-01 2.494433340579123279e-15 1.179135191029053740e+07
1.350000000000000000e+02 4.889999999999999680e+00 1.139100030000000000e+09 1.000000000000000000e+07 7.080048279597983552e-01 0.000000000000000000e+00 7.686769254906477350e-20 9.709645196600429244e+02
1.360000000000000000e+02 2.589999999999999858e+00 2.500000000000000000e+09 1.000000000000000000e+07 7.080048279597983552e-01 3.250000000000000111e-01 2.602454370259685083e-18 8.761536868218943255e+02
1.370000000000000000e+02 2.569999999999999840e+00 5.088000000000000000e+08 5.000000000000000000e+07 9.003521803856815442e-01 1.250000000000000000e-01 3.245639598925182692e-18 4.899750916245136068e+03
1.380000000000000000e+02 4.209999999999999964e+00 1.700000000000000000e+09 5.000000000000000000e+07 7.080048279597983552e-01 1.500000000000000222e-01 3.571571450860249892e-18 6.991762501455179881e+04
1.390000000000000000e+02 2.629999999999999893e+00 5.088000000000000000e+08 1.000000000000000000e+07 8.897735565382587364e-01 0.000000000000000000e+00 1.034857145191203127e-18 2.929498951261384718e+03
1.400000000000000000e+02 1.239999999999999991e+00 8.064000000000000000e+08 5.000000000000000000e+07 8.897735565382587364e-01 0.000000000000000000e+00 4.393229778894013177e-19 1.154131695991959532e+03
1.410000000000000000e+02 6.500000000000000222e-01 8.064000000000000000e+08 5.000000000000000000e+07 9.003521803856815442e-01 1.500000000000000222e-01 7.790250870575380650e-19 1.099260483377322771e+03
1.420000000000000000e+02 2.890000000000000124e+00 2.500000000000000000e+09 1.000000000000000000e+07 7.080048279597983552e-01 4.250000000000000444e-01 6.900355550187398628e-18 2.460993325628260664e+03
1.430000000000000000e+02 1.280000000000000027e+00 5.088000000000000000e+08 1.000000000000000000e+07 7.080048279597983552e-01 1.750000000000000167e-01 1.550389476486034704e-18 7.175795657787061828e+02
1.440000000000000000e+02 5.999999999999999778e-01 5.088000000000000000e+08 5.000000000000000000e+07 9.003521803856815442e-01 2.500000000000000000e-01 8.375733728176737693e-19 7.111279682736985706e+02
1.450000000000000000e+02 4.700000000000000289e-01 1.434000000000000000e+09 1.000000000000000000e+07 7.345771296661833816e-01 0.000000000000000000e+00 1.696314969994921636e-17 1.485661491595654661e+04
1.460000000000000000e+02 3.599999999999999867e-01 5.088000000000000000e+08 5.000000000000000000e+07 9.003521803856815442e-01 0.000000000000000000e+00 7.046235423411539005e-19 1.311888776122957552e+03
1.470000000000000000e+02 4.339999999999999858e+00 5.088000000000000000e+08 1.000000000000000000e+07 9.003521803856815442e-01 2.500000000000000139e-02 1.378601290386727527e-19 1.056469477425342120e+03
1.480000000000000000e+02 4.299999999999999933e-01 5.088000000000000000e+08 5.000000000000000000e+07 9.003521803856815442e-01 5.250000000000000222e-01 5.934955841378004208e-18 1.412887428683178314e+03
1.490000000000000000e+02 1.890000000000000124e+00 5.088000000000000000e+08 1.000000000000000000e+07 8.515106807538886935e-01 5.500000000000000444e-01 8.249347303203042623e-17 1.506902166389604190e+03
1.500000000000000000e+02 8.800000000000000044e-01 5.088000000000000000e+08 1.000000000000000000e+07 7.080048279597983552e-01 0.000000000000000000e+00 4.048335090109089260e-19 7.065981415947841242e+02
1.510000000000000000e+02 5.799999999999999600e-01 8.064000000000000000e+08 5.000000000000000000e+07 9.003521803856815442e-01 2.000000000000000111e-01 4.555779337188265467e-19 6.521724940131235826e+02
1.520000000000000000e+02 3.300000000000000155e-01 8.064000000000000000e+08 1.000000000000000000e+07 8.897735565382587364e-01 0.000000000000000000e+00 2.929538883889702992e-18 2.435488743476457330e+03
1.530000000000000000e+02 2.609999999999999876e+00 8.064000000000000000e+08 5.000000000000000000e+07 9.003521803856815442e-01 2.250000000000000056e-01 1.464926345557003766e-18 6.244212798928526809e+02
1.540000000000000000e+02 5.600000000000000533e-01 5.088000000000000000e+08 1.000000000000000000e+07 7.080048279597983552e-01 0.000000000000000000e+00 1.767668832342009339e-18 1.065027781067982914e+03
1.550000000000000000e+02 2.490000000000000213e+00 5.088000000000000000e+08 5.000000000000000000e+07 8.654560229254073533e-01 0.000000000000000000e+00 5.491211753740473103e-19 1.004771312410275414e+03
1.560000000000000000e+02 3.580000000000000071e+00 2.000000000000000000e+09 1.000000000000000000e+07 9.003521803856815442e-01 4.500000000000000111e-01 3.955042257497189143e-18 6.359506381684921053e+02
1.570000000000000000e+02 3.990000000000000213e+00 5.088000000000000000e+08 5.000000000000000000e+07 8.515106807538886935e-01 2.750000000000000222e-01 5.718482159897769417e-18 1.239580806212339439e+03
1.580000000000000000e+02 6.300000000000000044e-01 5.088000000000000000e+08 5.000000000000000000e+07 9.003521803856815442e-01 2.000000000000000111e-01 5.393901524115590627e-19 8.738971593735052465e+02
1.590000000000000000e+02 5.999999999999999778e-01 8.064000000000000000e+08 5.000000000000000000e+07 7.080048279597983552e-01 0.000000000000000000e+00 8.472030034767981147e-19 8.949154036468670483e+02
1.600000000000000000e+02 3.680000000000000160e+00 5.088000000000000000e+08 1.000000000000000000e+07 9.003521803856815442e-01 4.000000000000000222e-01 3.392138476753345643e-18 9.095796322040347377e+02
1.610000000000000000e+02 1.000000000000000000e+00 5.088000000000000000e+08 5.000000000000000000e+07 9.003521803856815442e-01 4.000000000000000222e-01 4.584482732202506895e-18 1.199332597898442373e+03
1.620000000000000000e+02 2.879999999999999893e+00 5.088000000000000000e+08 5.000000000000000000e+07 7.345771296661833816e-01 1.750000000000000167e-01 4.881261787333877884e-18 1.646491547843222634e+03
1.630000000000000000e+02 2.899999999999999800e-01 1.434000000000000000e+09 1.000000000000000000e+07 8.654560229254073533e-01 0.000000000000000000e+00 8.589541949849434177e-19 1.112038080817318814e+03
1.640000000000000000e+02 3.310000000000000053e+00 2.000000000000000000e+09 5.000000000000000000e+07 7.080048279597983552e-01 1.500000000000000222e-01 3.868591689091920230e-18 6.271174035828933484e+03
1.650000000000000000e+02 3.320000000000000284e+00 5.088000000000000000e+08 1.000000000000000000e+07 8.194539282036752414e-01 3.250000000000000111e-01 1.043206285030500361e-18 5.476944965197084230e+02
1.660000000000000000e+02 3.250000000000000000e+00 1.700000000000000000e+09 1.000000000000000000e+07 9.003521803856815442e-01 7.250000000000000888e-01 4.912275798382057512e-16 2.140101635990569321e+03
1.670000000000000000e+02 7.199999999999999734e-01 5.088000000000000000e+08 5.000000000000000000e+07 9.003521803856815442e-01 5.250000000000000222e-01 3.175640639883340439e-17 8.154441129612503573e+03
1.680000000000000000e+02 2.379999999999999893e+00 5.088000000000000000e+08 5.000000000000000000e+07 8.781743261443593074e-01 1.250000000000000000e-01 2.188183673160797332e-18 7.140601373001876482e+02
1.690000000000000000e+02 7.099999999999999645e-01 5.088000000000000000e+08 5.000000000000000000e+07 9.003521803856815442e-01 7.500000000000001110e-02 4.791970803035003708e-19 9.625599259481587069e+02
1.700000000000000000e+02 2.700000000000000178e-01 4.000000000000000000e+09 1.000000000000000000e+07 7.080048279597983552e-01 7.500000000000001110e-02 8.261758016308225409e-18 5.965109473615386378e+03
1.710000000000000000e+02 3.339999999999999858e+00 8.064000000000000000e+08 5.000000000000000000e+07 9.003521803856815442e-01 0.000000000000000000e+00 9.803145006857736456e-20 1.674296046543603097e+03
1.720000000000000000e+02 1.080000000000000071e+00 1.434000000000000000e+09 2.511900000000000000e+07 7.345771296661833816e-01 0.000000000000000000e+00 6.104699014345274036e-19 6.149873564821125456e+02
1.730000000000000000e+02 3.900000000000000133e-01 3.000000000000000000e+09 5.000000000000000000e+07 9.003521803856815442e-01 0.000000000000000000e+00 2.678867854245925601e-18 4.117384806812929128e+03
1.740000000000000000e+02 7.600000000000000089e-01 5.088000000000000000e+08 5.000000000000000000e+07 7.080048279597983552e-01 1.750000000000000167e-01 1.561714820557361546e-17 5.507934119870481481e+03
1.750000000000000000e+02 7.900000000000000355e-01 2.500000000000000000e+09 5.000000000000000000e+07 8.515106807538886935e-01 2.250000000000000056e-01 2.838399165596470160e-18 1.788996351813513456e+03
1.760000000000000000e+02 5.300000000000000266e-01 5.088000000000000000e+08 1.000000000000000000e+07 8.654560229254073533e-01 2.500000000000000139e-02 1.220734891982053976e-18 1.465474931175195479e+03
1.770000000000000000e+02 2.479999999999999982e+00 5.088000000000000000e+08 5.000000000000000000e+07 9.003521803856815442e-01 2.500000000000000139e-02 1.232122400016434480e-18 1.603415366508033685e+03
1.780000000000000000e+02 2.069999999999999840e+00 5.088000000000000000e+08 1.000000000000000000e+07 8.654560229254073533e-01 2.250000000000000056e-01 4.599705932411452694e-18 1.360559167188118408e+03
1.790000000000000000e+02 6.300000000000000044e-01 5.088000000000000000e+08 5.000000000000000000e+07 7.080048279597983552e-01 2.000000000000000111e-01 3.835078409504608896e-18 1.336192698451295655e+03
1.800000000000000000e+02 2.280000000000000249e+00 2.500000000000000000e+09 5.000000000000000000e+07 9.003521803856815442e-01 4.000000000000000222e-01 2.088772267469553622e-17 1.090411055115916724e+03
1.810000000000000000e+02 4.190000000000000391e+00 5.088000000000000000e+08 1.000000000000000000e+07 9.003521803856815442e-01 0.000000000000000000e+00 1.217547788100250037e-19 2.269790381540808994e+03
1.820000000000000000e+02 2.280000000000000249e+00 3.000000000000000000e+09 1.000000000000000000e+07 7.080048279597983552e-01 0.000000000000000000e+00 1.343378725169545466e-19 6.121953267951726048e+02
1.830000000000000000e+02 7.600000000000000089e-01 5.088000000000000000e+08 1.000000000000000000e+07 7.080048279597983552e-01 1.250000000000000000e-01 6.693819434061315264e-19 7.069065396607491039e+02
1.840000000000000000e+02 4.199999999999999845e-01 5.088000000000000000e+08 1.000000000000000000e+07 9.003521803856815442e-01 0.000000000000000000e+00 1.974523034459731680e-18 3.195509910472162119e+03
1.850000000000000000e+02 5.290000000000000036e+00 8.064000000000000000e+08 1.000000000000000000e+07 7.080048279597983552e-01 1.500000000000000222e-01 2.894175282179531172e-18 1.105312247883089913e+04
1.860000000000000000e+02 5.999999999999999778e-01 8.064000000000000000e+08 5.000000000000000000e+07 9.003521803856815442e-01 2.500000000000000139e-02 1.395711828407153787e-19 6.004949759017816859e+02
1.870000000000000000e+02 2.290000000000000036e+00 5.088000000000000000e+08 1.000000000000000000e+07 8.781743261443593074e-01 7.500000000000001110e-02 3.257646521213199601e-18 1.895666756847944953e+03
1.880000000000000000e+02 2.060000000000000053e+00 5.088000000000000000e+08 1.000000000000000000e+07 8.010703869145960887e-01 2.250000000000000056e-01 8.528531658084352472e-18 1.581606595827508045e+03
1.890000000000000000e+02 2.649999999999999911e+00 8.064000000000000000e+08 5.000000000000000000e+07 9.003521803856815442e-01 4.000000000000000222e-01 8.544612037713438727e-18 1.920349986295175313e+03
1.900000000000000000e+02 4.400000000000000355e+00 1.434000000000000000e+09 1.000000000000000000e+07 7.080048279597983552e-01 0.000000000000000000e+00 4.597968154158820145e-20 1.192055956400918149e+03
1.910000000000000000e+02 2.510000000000000231e+00 8.064000000000000000e+08 5.000000000000000000e+07 7.080048279597983552e-01 2.750000000000000222e-01 1.017179755829979967e-17 1.400488892659255953e+03
1.920000000000000000e+02 4.000000000000000222e-01 8.064000000000000000e+08 1.000000000000000000e+07 7.080048279597983552e-01 2.500000000000000139e-02 5.770769670868512761e-18 2.131817750804525531e+03
1.930000000000000000e+02 2.410000000000000142e+00 5.088000000000000000e+08 1.000000000000000000e+07 8.654560229254073533e-01 1.750000000000000167e-01 4.829419818939460347e-18 1.787347663354065844e+03
1.940000000000000000e+02 3.379999999999999893e+00 5.088000000000000000e+08 2.511900000000000000e+07 9.003521803856815442e-01 1.250000000000000000e-01 3.986193650595810368e-19 2.360644195682806640e+03
1.950000000000000000e+02 3.899999999999999911e+00 1.700000000000000000e+09 5.000000000000000000e+07 7.080048279597983552e-01 7.500000000000001110e-02 4.585778376850827974e-19 3.391367680243433824e+03
1.960000000000000000e+02 5.000000000000000278e-02 1.434000000000000000e+09 1.000000000000000000e+07 9.003521803856815442e-01 2.000000000000000111e-01 5.882514213797396265e-18 1.742649808811496769e+03
1.970000000000000000e+02 4.700000000000000289e-01 5.088000000000000000e+08 1.000000000000000000e+07 7.588113568490419958e-01 0.000000000000000000e+00 1.368635796130976486e-18 1.242248977965641870e+03
1.980000000000000000e+02 4.089999999999999858e+00 5.088000000000000000e+08 5.000000000000000000e+07 9.003521803856815442e-01 0.000000000000000000e+00 4.525849891130428518e-20 6.443984315608773841e+02
1.990000000000000000e+02 1.050000000000000044e+00 8.064000000000000000e+08 5.000000000000000000e+07 7.588113568490419958e-01 0.000000000000000000e+00 6.748503233016772366e-19 1.419430847646225857e+03
2.000000000000000000e+02 2.180000000000000160e+00 8.064000000000000000e+08 5.000000000000000000e+07 8.781743261443593074e-01 1.000000000000000000e+00 4.649188183971812551e-15 1.983880227782708289e+03
2.010000000000000000e+02 3.709999999999999964e+00 1.700000000000000000e+09 5.000000000000000000e+07 9.003521803856815442e-01 3.500000000000000333e-01 7.728787914004286441e-18 9.583871532171052650e+02
2.020000000000000000e+02 2.300000000000000266e+00 5.088000000000000000e+08 1.000000000000000000e+07 7.080048279597983552e-01 3.000000000000000444e-01 1.369398768396061477e-17 2.008128632266759496e+03
2.030000000000000000e+02 4.000000000000000000e+00 1.700000000000000000e+09 5.000000000000000000e+07 7.080048279597983552e-01 3.000000000000000444e-01 1.191999430216785993e-17 1.680964460112425741e+03
2.040000000000000000e+02 3.830000000000000071e+00 1.700000000000000000e+09 5.000000000000000000e+07 7.080048279597983552e-01 1.000000000000000056e-01 7.410646921351836983e-19 1.067662775079135372e+03
2.050000000000000000e+02 1.820000000000000062e+00 1.434000000000000000e+09 1.000000000000000000e+07 9.003521803856815442e-01 2.500000000000000000e-01 1.575335092562180479e-17 3.448144611901810549e+03
2.060000000000000000e+02 1.499999999999999944e-01 8.064000000000000000e+08 5.000000000000000000e+07 9.003521803856815442e-01 0.000000000000000000e+00 9.835031024085058906e-19 1.332880162284828430e+03
2.070000000000000000e+02 2.600000000000000089e+00 5.088000000000000000e+08 5.000000000000000000e+07 9.003521803856815442e-01 5.000000000000000278e-02 5.385826588983136322e-19 9.813835833274335982e+02
2.080000000000000000e+02 2.459999999999999964e+00 5.088000000000000000e+08 5.000000000000000000e+07 9.003521803856815442e-01 0.000000000000000000e+00 2.641007902666793846e-19 1.025475823935664721e+03
2.090000000000000000e+02 2.870000000000000107e+00 1.434000000000000000e+09 5.000000000000000000e+07 9.003521803856815442e-01 9.750000000000000888e-01 2.888451873268368159e-15 2.080343770135665181e+03
2.100000000000000000e+02 1.610000000000000098e+00 1.139100030000000000e+09 1.000000000000000000e+07 8.515106807538886935e-01 1.000000000000000056e-01 5.395336279927427976e-14 1.581060274116984010e+08
2.110000000000000000e+02 2.200000000000000178e+00 5.088000000000000000e+08 1.000000000000000000e+07 7.080048279597983552e-01 2.250000000000000056e-01 2.449677470511588585e-14 2.408895758512005955e+07
2.120000000000000000e+02 3.620000000000000107e+00 1.700000000000000000e+09 1.000000000000000000e+07 7.080048279597983552e-01 3.250000000000000111e-01 8.853333586902390586e-18 1.278319527655430193e+03
2.130000000000000000e+02 4.299999999999999822e+00 8.064000000000000000e+08 5.000000000000000000e+07 9.003521803856815442e-01 2.500000000000000139e-02 6.261283469716042882e-19 1.526629803360386177e+04
2.140000000000000000e+02 3.800000000000000044e-01 1.434000000000000000e+09 5.000000000000000000e+07 9.003521803856815442e-01 0.000000000000000000e+00 7.432825215811362555e-19 1.245239063467956612e+03
2.150000000000000000e+02 2.350000000000000089e+00 5.088000000000000000e+08 1.000000000000000000e+07 7.809132347232226046e-01 3.250000000000000111e-01 6.327137271251537093e-16 2.672973126467541442e+04
2.160000000000000000e+02 2.339999999999999858e+00 5.088000000000000000e+08 5.000000000000000000e+07 9.003521803856815442e-01 2.000000000000000111e-01 2.221860512252166305e-18 8.814281813451754033e+02
2.170000000000000000e+02 2.689999999999999947e+00 8.064000000000000000e+08 1.000000000000000000e+07 8.515106807538886935e-01 8.000000000000000444e-01 1.179335681073900350e-15 4.071905018069131529e+03
2.180000000000000000e+02 2.530000000000000249e+00 5.088000000000000000e+08 1.000000000000000000e+07 8.010703869145960887e-01 1.750000000000000167e-01 8.992055843433364822e-18 2.324526505112834457e+03
2.190000000000000000e+02 2.250000000000000000e+00 8.064000000000000000e+08 5.000000000000000000e+07 9.003521803856815442e-01 1.500000000000000222e-01 4.441164227649226343e-18 3.442601838665036212e+03
2.200000000000000000e+02 2.689999999999999947e+00 1.434000000000000000e+09 5.000000000000000000e+07 9.003521803856815442e-01 9.750000000000000888e-01 5.792265697598247235e-15 2.029319827363391823e+03
2.210000000000000000e+02 3.399999999999999911e+00 2.000000000000000000e+09 2.511900000000000000e+07 7.080048279597983552e-01 0.000000000000000000e+00 3.834910137621376656e-20 5.880671187788025236e+02
2.220000000000000000e+02 2.319999999999999840e+00 5.088000000000000000e+08 1.000000000000000000e+07 9.003521803856815442e-01 1.500000000000000222e-01 3.276578805537822955e-18 1.466150711575816558e+03
2.230000000000000000e+02 3.680000000000000160e+00 5.088000000000000000e+08 1.000000000000000000e+07 8.362199171250624952e-01 3.250000000000000111e-01 7.623239289846580842e-18 1.334955146670038630e+03
2.240000000000000000e+02 3.700000000000000178e+00 1.700000000000000000e+09 5.000000000000000000e+07 7.080048279597983552e-01 4.500000000000000111e-01 1.524546507237559615e-16 4.245726781501737605e+03
2.250000000000000000e+02 5.999999999999999778e-01 5.088000000000000000e+08 1.000000000000000000e+07 7.080048279597983552e-01 3.250000000000000111e-01 5.711456842564061864e-17 7.496596549771743412e+03
2.260000000000000000e+02 1.169999999999999929e+00 8.064000000000000000e+08 1.000000000000000000e+07 8.781743261443593074e-01 2.250000000000000056e-01 1.022403598667615608e-17 4.277245706795241858e+03
2.270000000000000000e+02 3.680000000000000160e+00 1.700000000000000000e+09 5.000000000000000000e+07 7.080048279597983552e-01 2.500000000000000000e-01 4.300618126486212281e-18 6.439172582017303057e+02
2.280000000000000000e+02 1.150000000000000133e+00 4.000000000000000000e+09 2.511900000000000000e+07 8.010703869145960887e-01 8.250000000000000666e-01 8.823920925625979318e-16 2.521281189944926155e+03
2.290000000000000000e+02 4.299999999999999933e-01 5.088000000000000000e+08 1.000000000000000000e+07 7.080048279597983552e-01 0.000000000000000000e+00 6.719539309758735240e-19 7.294244684419705891e+02
2.300000000000000000e+02 3.709999999999999964e+00 1.700000000000000000e+09 5.000000000000000000e+07 9.003521803856815442e-01 3.250000000000000111e-01 7.070576943851310918e-18 1.185520072258052096e+03
2.310000000000000000e+02 3.609999999999999876e+00 2.000000000000000000e+09 5.000000000000000000e+07 8.010703869145960887e-01 3.750000000000000000e-01 2.482493952857243057e-17 1.451094243931506753e+03
2.320000000000000000e+02 1.199999999999999956e+00 8.064000000000000000e+08 5.000000000000000000e+07 7.809132347232226046e-01 2.500000000000000139e-02 5.906810861657692484e-19 5.924894589569834125e+02
2.330000000000000000e+02 5.799999999999999600e-01 5.088000000000000000e+08 5.000000000000000000e+07 9.003521803856815442e-01 2.750000000000000222e-01 1.896417278100686678e-18 1.006463481012841385e+03
2.340000000000000000e+02 3.750000000000000000e+00 1.700000000000000000e+09 5.000000000000000000e+07 7.080048279597983552e-01 2.000000000000000111e-01 4.500699018168800128e-18 1.499799052870227342e+03
2.350000000000000000e+02 4.100000000000000311e-01 5.088000000000000000e+08 5.000000000000000000e+07 7.809132347232226046e-01 0.000000000000000000e+00 1.550393592420781168e-18 9.864885470658570057e+02
2.360000000000000000e+02 9.500000000000000666e-01 5.088000000000000000e+08 5.000000000000000000e+07 8.897735565382587364e-01 0.000000000000000000e+00 1.286119406023233256e-19 7.144132485627228561e+02
2.370000000000000000e+02 9.899999999999999911e-01 1.434000000000000000e+09 2.511900000000000000e+07 8.781743261443593074e-01 0.000000000000000000e+00 2.006885500911259760e-18 3.228001054475636010e+03
2.380000000000000000e+02 4.560000000000000497e+00 1.434000000000000000e+09 5.000000000000000000e+07 9.003521803856815442e-01 2.000000000000000111e-01 7.951259020273825414e-19 6.936330472552153878e+02
2.390000000000000000e+02 5.899999999999999689e-01 5.088000000000000000e+08 5.000000000000000000e+07 8.194539282036752414e-01 3.000000000000000444e-01 1.774245680145473375e-18 9.497835379798102622e+02
2.400000000000000000e+02 2.810000000000000053e+00 5.088000000000000000e+08 5.000000000000000000e+07 9.003521803856815442e-01 1.000000000000000000e+00 1.571686352549815355e-15 9.800659635841897170e+02
2.410000000000000000e+02 7.900000000000000355e-01 5.088000000000000000e+08 5.000000000000000000e+07 9.003521803856815442e-01 2.500000000000000000e-01 1.294951104037748639e-18 9.744554955543724191e+02
2.420000000000000000e+02 3.800000000000000266e+00 1.700000000000000000e+09 5.000000000000000000e+07 9.003521803856815442e-01 3.500000000000000333e-01 8.197572068432914698e-18 1.001671018196298633e+03
2.430000000000000000e+02 2.939999999999999947e+00 2.000000000000000000e+09 1.000000000000000000e+07 7.080048279597983552e-01 0.000000000000000000e+00 -1.297910815585120275e-17 9.417698601839931011e+08
2.440000000000000000e+02 2.939999999999999947e+00 2.000000000000000000e+09 1.000000000000000000e+07 7.080048279597983552e-01 0.000000000000000000e+00 -7.377988810651928974e-18 7.213707201726516485e+08
2.450000000000000000e+02 2.490000000000000213e+00 5.088000000000000000e+08 5.000000000000000000e+07 8.654560229254073533e-01 2.500000000000000000e-01 4.551750088303289822e-18 1.285590439189787958e+03
2.460000000000000000e+02 2.830000000000000071e+00 2.500000000000000000e+09 1.000000000000000000e+07 7.080048279597983552e-01 0.000000000000000000e+00 -4.972472229893171580e-18 2.136155530422878265e+08
2.470000000000000000e+02 3.520000000000000018e+00 2.000000000000000000e+09 5.000000000000000000e+07 7.080048279597983552e-01 5.250000000000000222e-01 4.190738510597049161e-17 9.950781284146834196e+02
2.480000000000000000e+02 3.030000000000000249e+00 2.000000000000000000e+09 1.000000000000000000e+07 7.080048279597983552e-01 0.000000000000000000e+00 -3.015431148876913098e-18 1.708920937328403592e+08
2.490000000000000000e+02 2.000000000000000000e+00 3.000000000000000000e+09 1.000000000000000000e+07 7.080048279597983552e-01 4.500000000000000111e-01 7.552999176828562633e-17 2.078538514911433595e+03
2.500000000000000000e+02 3.439999999999999947e+00 5.088000000000000000e+08 5.000000000000000000e+07 9.003521803856815442e-01 3.250000000000000111e-01 2.855340709875083745e-18 1.280784402835020501e+03
2.510000000000000000e+02 4.000000000000000083e-02 1.434000000000000000e+09 1.000000000000000000e+07 9.003521803856815442e-01 2.500000000000000139e-02 2.409555015308814110e-18 2.019815507049488588e+03
2.520000000000000000e+02 4.560000000000000497e+00 5.088000000000000000e+08 1.000000000000000000e+07 9.003521803856815442e-01 5.000000000000000278e-02 1.227362934511335801e-19 6.289814797499775523e+02
2.530000000000000000e+02 4.600000000000000200e-01 5.088000000000000000e+08 5.000000000000000000e+07 9.003521803856815442e-01 2.250000000000000056e-01 2.657316997333357678e-18 1.266115045500721635e+03
2.540000000000000000e+02 3.310000000000000053e+00 5.088000000000000000e+08 5.000000000000000000e+07 9.003521803856815442e-01 5.000000000000000000e-01 9.166356797539425110e-18 1.431879066761512149e+03
2.550000000000000000e+02 4.070000000000000284e+00 1.700000000000000000e+09 5.000000000000000000e+07 9.003521803856815442e-01 3.750000000000000000e-01 6.999919617289275102e-18 7.953865017009241001e+02
2.560000000000000000e+02 2.520000000000000018e+00 5.088000000000000000e+08 5.000000000000000000e+07 9.003521803856815442e-01 4.500000000000000111e-01 1.132159612367282133e-17 6.597144038561768866e+02
2.570000000000000000e+02 6.800000000000000488e-01 5.088000000000000000e+08 1.000000000000000000e+07 8.010703869145960887e-01 1.750000000000000167e-01 1.167953746318422279e-18 1.041408710858434461e+03
2.580000000000000000e+02 2.390000000000000124e+00 1.139100030000000000e+09 1.000000000000000000e+07 7.080048279597983552e-01 6.250000000000000000e-01 9.594932114657416995e-17 1.209531778769111042e+03
2.590000000000000000e+02 4.100000000000000311e-01 8.064000000000000000e+08 1.000000000000000000e+07 7.080048279597983552e-01 5.000000000000000278e-02 8.338071210129252812e-18 1.823301667429539066e+03
2.600000000000000000e+02 3.750000000000000000e+00 1.700000000000000000e+09 1.000000000000000000e+07 7.080048279597983552e-01 2.750000000000000222e-01 4.816794993281958640e-18 1.543449303133601688e+03
2.610000000000000000e+02 2.300000000000000266e+00 3.000000000000000000e+09 2.511900000000000000e+07 9.003521803856815442e-01 5.750000000000000666e-01 1.391365821355534629e-16 4.054210401894592906e+03
2.620000000000000000e+02 3.430000000000000160e+00 2.000000000000000000e+09 5.000000000000000000e+07 7.080048279597983552e-01 0.000000000000000000e+00 -7.080351668166577179e-19 4.776252520624533296e+07
2.630000000000000000e+02 3.120000000000000107e+00 2.000000000000000000e+09 1.000000000000000000e+07 7.080048279597983552e-01 0.000000000000000000e+00 -4.573251719077854510e-18 2.345365817638367116e+08
2.640000000000000000e+02 3.089999999999999858e+00 2.000000000000000000e+09 1.000000000000000000e+07 7.080048279597983552e-01 0.000000000000000000e+00 -9.092879296456892398e-18 1.113401688526248932e+09
2.650000000000000000e+02 3.089999999999999858e+00 2.000000000000000000e+09 1.000000000000000000e+07 7.080048279597983552e-01 0.000000000000000000e+00 -1.112699834017407289e-17 1.057428022176664948e+09
2.660000000000000000e+02 4.600000000000000200e-01 2.500000000000000000e+09 5.000000000000000000e+07 9.003521803856815442e-01 0.000000000000000000e+00 6.710573356413494177e-19 1.126344403267867847e+03
2.670000000000000000e+02 3.100000000000000089e+00 2.000000000000000000e+09 1.000000000000000000e+07 7.080048279597983552e-01 0.000000000000000000e+00 -1.336068075879262426e-18 1.506669352666319534e+07
2.680000000000000000e+02 2.350000000000000089e+00 5.088000000000000000e+08 1.000000000000000000e+07 7.809132347232226046e-01 3.750000000000000000e-01 7.217633476761138307e-14 3.740934866029507667e+07
2.690000000000000000e+02 2.339999999999999858e+00 5.088000000000000000e+08 1.000000000000000000e+07 7.588113568490419958e-01 4.250000000000000444e-01 8.517141761568361687e-14 3.571180136422919482e+07
2.700000000000000000e+02 3.370000000000000107e+00 5.088000000000000000e+08 5.000000000000000000e+07 8.010703869145960887e-01 2.500000000000000000e-01 3.779818611771867335e-18 1.228070181104577159e+03
2.710000000000000000e+02 3.200000000000000067e-01 5.088000000000000000e+08 5.000000000000000000e+07 9.003521803856815442e-01 0.000000000000000000e+00 3.162955319450633692e-19 6.825983090337347221e+02
2.720000000000000000e+02 1.090000000000000080e+00 2.500000000000000000e+09 5.000000000000000000e+07 9.003521803856815442e-01 5.500000000000000444e-01 8.839839268451540166e-17 2.293631490806020793e+03
2.730000000000000000e+02 3.379999999999999893e+00 8.064000000000000000e+08 2.511900000000000000e+07 7.809132347232226046e-01 5.250000000000000222e-01 3.439524711032165865e-17 1.172414609448982446e+03
2.740000000000000000e+02 4.299999999999999933e-01 5.088000000000000000e+08 5.000000000000000000e+07 9.003521803856815442e-01 2.000000000000000111e-01 1.270358155982777470e-18 1.100974651597729689e+03
2.750000000000000000e+02 7.000000000000000666e-01 1.434000000000000000e+09 5.000000000000000000e+07 9.003521803856815442e-01 3.000000000000000444e-01 1.759278154494763180e-18 1.659036485767363047e+03
2.760000000000000000e+02 4.400000000000000022e-01 2.500000000000000000e+09 5.000000000000000000e+07 8.897735565382587364e-01 0.000000000000000000e+00 1.096103659558113901e-18 1.608267967522619301e+03
2.770000000000000000e+02 3.599999999999999867e-01 5.088000000000000000e+08 1.000000000000000000e+07 9.003521803856815442e-01 0.000000000000000000e+00 1.860525590311865025e-19 5.677719462500566578e+02
2.780000000000000000e+02 4.000000000000000222e-01 5.088000000000000000e+08 5.000000000000000000e+07 9.003521803856815442e-01 2.500000000000000139e-02 9.509311428176909048e-19 1.196425199275831119e+03
2.790000000000000000e+02 6.700000000000000400e-01 8.064000000000000000e+08 5.000000000000000000e+07 9.003521803856815442e-01 5.000000000000000278e-02 4.688249988789181895e-19 8.288233717548228014e+02
2.800000000000000000e+02 3.669999999999999929e+00 1.700000000000000000e+09 5.000000000000000000e+07 7.080048279597983552e-01 3.000000000000000444e-01 3.854690555865444508e-18 7.295279371100064054e+02
2.810000000000000000e+02 5.000000000000000000e-01 5.088000000000000000e+08 1.000000000000000000e+07 8.897735565382587364e-01 1.250000000000000000e-01 5.728276315023029556e-19 8.262264646245913582e+02
2.820000000000000000e+02 2.270000000000000018e+00 5.088000000000000000e+08 5.000000000000000000e+07 9.003521803856815442e-01 2.000000000000000111e-01 2.937195437120152950e-18 1.360154982789478026e+03
2.830000000000000000e+02 2.450000000000000178e+00 2.500000000000000000e+09 1.000000000000000000e+07 9.003521803856815442e-01 3.750000000000000000e-01 8.657840436603721576e-18 8.517994346342957215e+02
2.840000000000000000e+02 4.600000000000000200e-01 5.088000000000000000e+08 2.511900000000000000e+07 8.897735565382587364e-01 1.250000000000000000e-01 1.255303971919072381e-18 1.043526151983794989e+03
2.850000000000000000e+02 3.490000000000000213e+00 2.000000000000000000e+09 5.000000000000000000e+07 7.080048279597983552e-01 4.000000000000000222e-01 1.781595822469531947e-17 1.492133866773175441e+03
2.860000000000000000e+02 3.800000000000000044e-01 5.088000000000000000e+08 1.000000000000000000e+07 9.003521803856815442e-01 2.500000000000000139e-02 8.843576768842258443e-19 1.124880171039698780e+03
2.870000000000000000e+02 4.600000000000000200e-01 2.500000000000000000e+09 1.000000000000000000e+07 7.345771296661833816e-01 1.000000000000000000e+00 4.861515554749987271e-16 3.975949195645193413e+03
2.880000000000000000e+02 1.050000000000000044e+00 2.000000000000000000e+09 5.000000000000000000e+07 9.003521803856815442e-01 5.000000000000000000e-01 6.298584934248474041e-17 1.786014592234887004e+03
2.890000000000000000e+02 2.350000000000000089e+00 5.088000000000000000e+08 1.000000000000000000e+07 9.003521803856815442e-01 3.500000000000000333e-01 3.056283679215701855e-17 2.428227121315820568e+03
2.900000000000000000e+02 1.370000000000000107e+00 5.088000000000000000e+08 5.000000000000000000e+07 9.003521803856815442e-01 9.000000000000000222e-01 7.461387032836114978e-16 2.626921818142846405e+03
2.910000000000000000e+02 9.500000000000000666e-01 2.000000000000000000e+09 5.000000000000000000e+07 9.003521803856815442e-01 2.500000000000000000e-01 1.440488577438016336e-18 9.910714815795975028e+02
2.920000000000000000e+02 1.209999999999999964e+00 1.139100030000000000e+09 1.000000000000000000e+07 7.080048279597983552e-01 9.000000000000000222e-01 7.526170358626625226e-16 1.641385156093724163e+03
2.930000000000000000e+02 2.419999999999999929e+00 5.088000000000000000e+08 5.000000000000000000e+07 9.003521803856815442e-01 1.250000000000000000e-01 1.405825339058866223e-18 1.075378818578398068e+03
2.940000000000000000e+02 1.189999999999999947e+00 1.434000000000000000e+09 1.000000000000000000e+07 7.080048279597983552e-01 9.250000000000000444e-01 1.223696032442395868e-15 2.007759448856307017e+03
2.950000000000000000e+02 1.409999999999999920e+00 5.088000000000000000e+08 5.000000000000000000e+07 8.781743261443593074e-01 6.750000000000000444e-01 2.190645458622395870e-16 1.831526968845391366e+03
2.960000000000000000e+02 6.500000000000000222e-01 5.088000000000000000e+08 1.000000000000000000e+07 7.080048279597983552e-01 2.500000000000000139e-02 1.837377815070633541e-18 1.429544445710998616e+03
2.970000000000000000e+02 2.510000000000000231e+00 5.088000000000000000e+08 5.000000000000000000e+07 9.003521803856815442e-01 2.500000000000000139e-02 1.031040750267947973e-18 4.079331413723160495e+03
2.980000000000000000e+02 4.870000000000000107e+00 5.088000000000000000e+08 5.000000000000000000e+07 9.003521803856815442e-01 0.000000000000000000e+00 9.331749946208055109e-20 6.113149363339974798e+02
2.990000000000000000e+02 4.600000000000000200e-01 5.088000000000000000e+08 5.000000000000000000e+07 9.003521803856815442e-01 3.000000000000000444e-01 1.781750764328924751e-18 1.048597298026850012e+03
3.000000000000000000e+02 3.760000000000000231e+00 1.700000000000000000e+09 1.000000000000000000e+07 7.080048279597983552e-01 3.500000000000000333e-01 6.774807505618499783e-18 1.119188701178918109e+03
3.010000000000000000e+02 6.300000000000000044e-01 8.064000000000000000e+08 2.511900000000000000e+07 7.080048279597983552e-01 3.750000000000000000e-01 3.174439465578904554e-16 1.204573671385829402e+04
3.020000000000000000e+02 1.610000000000000098e+00 4.000000000000000000e+09 2.511900000000000000e+07 8.515106807538886935e-01 1.500000000000000222e-01 1.022207271871668113e-13 9.848379448725861311e+07
3.030000000000000000e+02 3.350000000000000089e+00 5.088000000000000000e+08 5.000000000000000000e+07 9.003521803856815442e-01 0.000000000000000000e+00 3.330837878793704822e-20 6.047588242991247398e+02
3.040000000000000000e+02 1.520000000000000018e+00 5.088000000000000000e+08 5.000000000000000000e+07 9.003521803856815442e-01 6.750000000000000444e-01 3.010071612207638806e-16 2.397183925381012614e+03
3.050000000000000000e+02 2.280000000000000249e+00 5.088000000000000000e+08 1.000000000000000000e+07 8.194539282036752414e-01 2.750000000000000222e-01 1.826496526823800950e-17 1.473574291613848345e+03
3.060000000000000000e+02 5.999999999999999778e-01 5.088000000000000000e+08 1.000000000000000000e+07 7.080048279597983552e-01 5.000000000000000000e-01 1.867062992192591914e-16 3.459831278363327783e+03
3.070000000000000000e+02 6.500000000000000222e-01 8.064000000000000000e+08 5.000000000000000000e+07 7.588113568490419958e-01 0.000000000000000000e+00 7.590654919791030182e-19 6.834277284356626296e+02
3.080000000000000000e+02 3.350000000000000089e+00 8.064000000000000000e+08 5.000000000000000000e+07 9.003521803856815442e-01 2.750000000000000222e-01 6.114475868302614175e-18 8.947836295567958587e+02
3.090000000000000000e+02 3.089999999999999858e+00 1.700000000000000000e+09 2.511900000000000000e+07 9.003521803856815442e-01 0.000000000000000000e+00 1.569831347477165629e-19 1.351192566338175857e+04
3.100000000000000000e+02 7.900000000000000355e-01 4.000000000000000000e+09 1.000000000000000000e+07 8.897735565382587364e-01 0.000000000000000000e+00 2.903681976321323933e-19 7.413807726513583702e+02
3.110000000000000000e+02 1.130000000000000115e+00 4.000000000000000000e+09 5.000000000000000000e+07 9.003521803856815442e-01 7.500000000000001110e-02 4.741051817677075793e-19 4.700378949772677970e+02
3.120000000000000000e+02 3.379999999999999893e+00 2.000000000000000000e+09 1.000000000000000000e+07 7.080048279597983552e-01 8.500000000000000888e-01 4.797761693154787463e-16 7.544503005715275776e+02
3.130000000000000000e+02 2.430000000000000160e+00 5.088000000000000000e+08 5.000000000000000000e+07 9.003521803856815442e-01 2.250000000000000056e-01 3.369045435134045146e-18 8.129935667503500554e+02
3.140000000000000000e+02 1.000000000000000056e-01 8.064000000000000000e+08 5.000000000000000000e+07 9.003521803856815442e-01 1.500000000000000222e-01 5.853424136367287814e-19 5.403766625892955062e+02
3.150000000000000000e+02 1.669999999999999929e+00 5.088000000000000000e+08 1.000000000000000000e+07 7.080048279597983552e-01 2.000000000000000111e-01 3.992255537471291369e-18 6.702716659426093884e+02
3.160000000000000000e+02 5.600000000000000533e-01 3.000000000000000000e+09 5.000000000000000000e+07 9.003521803856815442e-01 6.500000000000000222e-01 3.342087318713446211e-17 1.622843150822518510e+03
3.170000000000000000e+02 4.600000000000000200e-01 5.088000000000000000e+08 1.000000000000000000e+07 8.897735565382587364e-01 2.250000000000000056e-01 1.758158658424971004e-18 7.730771654049838162e+02
3.180000000000000000e+02 1.900000000000000133e+00 3.000000000000000000e+09 2.511900000000000000e+07 8.897735565382587364e-01 7.250000000000000888e-01 2.413397144895872679e-16 1.602579497391400764e+03
3.190000000000000000e+02 4.669999999999999929e+00 5.088000000000000000e+08 1.000000000000000000e+07 9.003521803856815442e-01 1.000000000000000056e-01 3.076799755292782796e-19 4.759130076147658315e+02
3.200000000000000000e+02 2.419999999999999929e+00 5.088000000000000000e+08 5.000000000000000000e+07 9.003521803856815442e-01 0.000000000000000000e+00 1.817726570817865660e-19 4.623345169196836082e+02
3.210000000000000000e+02 4.700000000000000289e-01 4.000000000000000000e+09 5.000000000000000000e+07 8.362199171250624952e-01 0.000000000000000000e+00 3.950780149456867037e-19 4.889257116400277710e+02
3.220000000000000000e+02 3.800000000000000044e-01 8.064000000000000000e+08 5.000000000000000000e+07 8.010703869145960887e-01 5.000000000000000278e-02 6.399237307300601973e-19 5.329178969907420651e+02
3.230000000000000000e+02 6.300000000000000044e-01 5.088000000000000000e+08 5.000000000000000000e+07 9.003521803856815442e-01 5.000000000000000278e-02 6.306417483072857021e-19 8.174620225537931901e+02
3.240000000000000000e+02 5.899999999999999689e-01 5.088000000000000000e+08 1.000000000000000000e+07 9.003521803856815442e-01 2.250000000000000056e-01 1.802540836841806197e-17 1.382408052419852356e+04
3.250000000000000000e+02 2.569999999999999840e+00 5.088000000000000000e+08 5.000000000000000000e+07 9.003521803856815442e-01 5.250000000000000222e-01 1.386824304942995701e-17 3.162298928860457750e+02
3.260000000000000000e+02 3.400000000000000244e-01 4.000000000000000000e+09 5.000000000000000000e+07 9.003521803856815442e-01 2.500000000000000139e-02 1.664480043533893432e-18 2.004690982177823116e+03
3.270000000000000000e+02 4.129999999999999893e+00 8.064000000000000000e+08 5.000000000000000000e+07 9.003521803856815442e-01 1.750000000000000167e-01 3.411624877200484934e-19 1.735170594626616548e+03
3.280000000000000000e+02 2.959999999999999964e+00 2.000000000000000000e+09 5.000000000000000000e+07 9.003521803856815442e-01 0.000000000000000000e+00 3.117260445426723710e-19 3.921833331720982642e+03
3.290000000000000000e+02 9.000000000000000222e-01 8.064000000000000000e+08 1.000000000000000000e+07 8.194539282036752414e-01 0.000000000000000000e+00 3.187057970011232521e-19 9.318273614470538178e+02
3.300000000000000000e+02 4.600000000000000200e-01 5.088000000000000000e+08 5.000000000000000000e+07 8.897735565382587364e-01 0.000000000000000000e+00 5.804518044996441993e-19 8.821460930734060639e+02
3.310000000000000000e+02 5.400000000000000355e-01 5.088000000000000000e+08 1.000000000000000000e+07 7.080048279597983552e-01 0.000000000000000000e+00 3.308024813574253931e-19 7.403731859263481283e+02
3.320000000000000000e+02 2.660000000000000142e+00 8.064000000000000000e+08 5.000000000000000000e+07 9.003521803856815442e-01 0.000000000000000000e+00 1.367920842753375637e-19 7.201727667297319613e+02
3.330000000000000000e+02 3.959999999999999964e+00 5.088000000000000000e+08 1.000000000000000000e+07 8.194539282036752414e-01 1.000000000000000056e-01 5.466489801430950893e-19 1.269679868552324933e+03
3.340000000000000000e+02 2.629999999999999893e+00 2.000000000000000000e+09 5.000000000000000000e+07 8.515106807538886935e-01 5.750000000000000666e-01 5.396801226573627158e-17 7.330540920226314938e+02
3.350000000000000000e+02 2.680000000000000160e+00 5.088000000000000000e+08 5.000000000000000000e+07 9.003521803856815442e-01 1.250000000000000000e-01 1.083965537720036746e-18 1.053916343481276272e+03
3.360000000000000000e+02 4.410000000000000142e+00 5.088000000000000000e+08 5.000000000000000000e+07 9.003521803856815442e-01 1.250000000000000000e-01 4.064690275766892860e-19 7.139255496506596046e+02
3.370000000000000000e+02 3.520000000000000018e+00 2.000000000000000000e+09 5.000000000000000000e+07 7.080048279597983552e-01 2.000000000000000111e-01 1.782847588651581649e-18 9.339116905292736419e+02
3.380000000000000000e+02 1.520000000000000018e+00 5.088000000000000000e+08 5.000000000000000000e+07 8.515106807538886935e-01 8.000000000000000444e-01 5.766699704995530375e-16 1.716381776444634852e+03
3.390000000000000000e+02 4.860000000000000320e+00 8.064000000000000000e+08 5.000000000000000000e+07 7.080048279597983552e-01 0.000000000000000000e+00 1.588255551822702295e-19 1.650198746204345298e+03
3.400000000000000000e+02 2.800000000000000266e-01 5.088000000000000000e+08 5.000000000000000000e+07 9.003521803856815442e-01 0.000000000000000000e+00 2.299195963566877107e-18 4.744613427041362229e+03
3.410000000000000000e+02 3.900000000000000133e-01 8.064000000000000000e+08 1.000000000000000000e+07 7.809132347232226046e-01 0.000000000000000000e+00 2.692524934407830284e-18 1.249977035752574238e+03
3.420000000000000000e+02 2.700000000000000178e+00 5.088000000000000000e+08 1.000000000000000000e+07 9.003521803856815442e-01 1.750000000000000167e-01 8.615039004975979384e-19 7.990705824033211684e+02
3.430000000000000000e+02 3.390000000000000124e+00 8.064000000000000000e+08 5.000000000000000000e+07 9.003521803856815442e-01 3.250000000000000111e-01 2.393652315275032183e-17 4.491389398539788090e+03
3.440000000000000000e+02 4.400000000000000022e-01 5.088000000000000000e+08 1.000000000000000000e+07 8.194539282036752414e-01 0.000000000000000000e+00 7.836764493160263147e-19 8.931469124095912093e+02
3.450000000000000000e+02 4.500000000000000111e-01 5.088000000000000000e+08 1.000000000000000000e+07 9.003521803856815442e-01 0.000000000000000000e+00 4.518117206780623191e-19 9.448262735351296442e+02
3.460000000000000000e+02 3.599999999999999867e-01 8.064000000000000000e+08 1.000000000000000000e+07 7.809132347232226046e-01 0.000000000000000000e+00 1.700239119011390150e-18 1.087301351172659906e+03
3.470000000000000000e+02 2.270000000000000018e+00 3.000000000000000000e+09 1.000000000000000000e+07 9.003521803856815442e-01 4.250000000000000444e-01 4.638879990576389116e-17 1.662802154526192453e+03
3.480000000000000000e+02 2.229999999999999982e+00 3.000000000000000000e+09 5.000000000000000000e+07 9.003521803856815442e-01 3.750000000000000000e-01 5.221140084703969156e-16 1.088137980038426904e+05
3.490000000000000000e+02 3.099999999999999978e-01 4.000000000000000000e+09 2.511900000000000000e+07 8.362199171250624952e-01 7.500000000000001110e-02 1.727069723164963623e-16 2.378496831357122282e+05
3.500000000000000000e+02 4.419999999999999929e+00 5.088000000000000000e+08 1.000000000000000000e+07 9.003521803856815442e-01 2.250000000000000056e-01 1.038509343971726647e-18 7.608154649222697117e+02
3.510000000000000000e+02 3.589999999999999858e+00 5.088000000000000000e+08 2.511900000000000000e+07 7.809132347232226046e-01 1.500000000000000222e-01 1.293654859971356175e-18 2.107534733828985281e+03
3.520000000000000000e+02 2.339999999999999858e+00 5.088000000000000000e+08 5.000000000000000000e+07 7.345771296661833816e-01 3.250000000000000111e-01 4.638950181129297765e-17 3.307317015010852629e+03
3.530000000000000000e+02 3.300000000000000155e-01 8.064000000000000000e+08 5.000000000000000000e+07 9.003521803856815442e-01 2.500000000000000139e-02 3.401592098044883890e-18 2.717204414878083298e+03
3.540000000000000000e+02 5.799999999999999600e-01 5.088000000000000000e+08 5.000000000000000000e+07 9.003521803856815442e-01 4.000000000000000222e-01 7.135882921414858877e-19 4.800897193661127744e+02
3.550000000000000000e+02 2.709999999999999964e+00 8.064000000000000000e+08 5.000000000000000000e+07 9.003521803856815442e-01 1.250000000000000000e-01 7.585281854589504423e-19 7.278111269948954032e+02
3.560000000000000000e+02 6.099999999999999867e-01 8.064000000000000000e+08 5.000000000000000000e+07 7.588113568490419958e-01 2.000000000000000111e-01 2.719927235774764280e-18 1.168298677578309707e+03
3.570000000000000000e+02 4.629999999999999893e+00 5.088000000000000000e+08 5.000000000000000000e+07 9.003521803856815442e-01 7.500000000000001110e-02 4.530677837772596845e-19 1.649236500396240899e+03
3.580000000000000000e+02 3.450000000000000178e+00 5.088000000000000000e+08 5.000000000000000000e+07 7.080048279597983552e-01 1.750000000000000167e-01 1.634217620856798335e-18 1.192238635980281060e+03
3.590000000000000000e+02 1.890000000000000124e+00 5.088000000000000000e+08 1.000000000000000000e+07 7.809132347232226046e-01 4.250000000000000444e-01 1.298681546632974202e-17 7.823600541644601662e+02
3.600000000000000000e+02 6.099999999999999867e-01 1.139100030000000000e+09 1.000000000000000000e+07 7.080048279597983552e-01 0.000000000000000000e+00 7.744135008588992282e-19 7.483614316776294118e+02
3.610000000000000000e+02 3.540000000000000036e+00 2.000000000000000000e+09 1.000000000000000000e+07 7.080048279597983552e-01 3.000000000000000444e-01 1.709607340875174969e-17 2.776173019799652593e+03
3.620000000000000000e+02 3.970000000000000195e+00 5.088000000000000000e+08 1.000000000000000000e+07 9.003521803856815442e-01 1.500000000000000222e-01 6.523225830656367799e-19 9.488598923410553425e+02
3.630000000000000000e+02 3.000000000000000000e+00 2.000000000000000000e+09 1.000000000000000000e+07 7.080048279597983552e-01 0.000000000000000000e+00 -1.351555635919249728e-17 4.433491296452388763e+08
3.640000000000000000e+02 4.540000000000000036e+00 5.088000000000000000e+08 1.000000000000000000e+07 9.003521803856815442e-01 0.000000000000000000e+00 3.454349575309535809e-20 6.620045957448510308e+02
3.650000000000000000e+02 1.260000000000000009e+00 1.700000000000000000e+09 5.000000000000000000e+07 9.003521803856815442e-01 7.000000000000000666e-01 1.460130295405154691e-16 1.301330724405058618e+03
3.660000000000000000e+02 6.700000000000000400e-01 5.088000000000000000e+08 2.511900000000000000e+07 8.654560229254073533e-01 1.000000000000000000e+00 2.179643868347784425e-16 1.322273720432826167e+03
3.670000000000000000e+02 3.689999999999999947e+00 1.700000000000000000e+09 5.000000000000000000e+07 7.080048279597983552e-01 4.250000000000000444e-01 7.707939992763074166e-18 6.436452137500174331e+02
3.680000000000000000e+02 1.060000000000000053e+00 2.000000000000000000e+09 5.000000000000000000e+07 9.003521803856815442e-01 6.000000000000000888e-01 1.891307754696076516e-16 2.996418284531775043e+03
3.690000000000000000e+02 1.130000000000000115e+00 2.500000000000000000e+09 5.000000000000000000e+07 9.003521803856815442e-01 6.250000000000000000e-01 3.638174920198541116e-16 4.567530777835892877e+03
3.700000000000000000e+02 5.600000000000000533e-01 1.434000000000000000e+09 5.000000000000000000e+07 9.003521803856815442e-01 7.500000000000001110e-02 2.270568156260638231e-19 4.174038890700884394e+02
3.710000000000000000e+02 2.550000000000000266e+00 8.064000000000000000e+08 5.000000000000000000e+07 9.003521803856815442e-01 1.750000000000000167e-01 5.633735350136761707e-19 1.384078896708901993e+03
3.720000000000000000e+02 2.339999999999999858e+00 5.088000000000000000e+08 1.000000000000000000e+07 8.897735565382587364e-01 1.750000000000000167e-01 1.037471914787738231e-17 2.107174884415129327e+03
3.730000000000000000e+02 3.089999999999999858e+00 2.000000000000000000e+09 1.000000000000000000e+07 7.080048279597983552e-01 0.000000000000000000e+00 -6.263964049461720311e-18 4.229128524364543557e+08
