# obj_no phot_z age_old age_new f_old_V  EBV norm chi
1.000000000000000000e+00 4.299999999999999933e-01 8.064000000000000000e+08 1.000000000000000000e+07 5.088127663727277650e-01 5.000000000000000000e-01 1.340134188755193860e-17 1.984732378959502057e+03
2.000000000000000000e+00 8.699999999999999956e-01 8.064000000000000000e+08 5.000000000000000000e+07 6.788688785174088469e-01 1.500000000000000000e+00 1.230239790421981641e-17 1.301380481009803134e+03
3.000000000000000000e+00 3.900000000000000133e-01 8.064000000000000000e+08 1.000000000000000000e+07 1.000000000000000888e-02 1.175000000000000044e+00 4.625469894009226640e-17 1.531406007686978000e+03
4.000000000000000000e+00 1.199999999999999956e+00 8.064000000000000000e+08 5.000000000000000000e+07 6.788688785174088469e-01 8.750000000000000000e-01 1.202080444388442585e-18 7.969499931969763793e+02
5.000000000000000000e+00 5.500000000000000444e-01 8.064000000000000000e+08 5.000000000000000000e+07 6.788688785174088469e-01 8.750000000000000000e-01 3.722292880773720763e-18 9.378451674717399555e+02
6.000000000000000000e+00 3.500000000000000333e-01 8.064000000000000000e+08 5.000000000000000000e+07 6.788688785174088469e-01 3.000000000000000444e-01 2.382566802318144624e-18 9.308730441945600660e+02
7.000000000000000000e+00 5.999999999999999778e-01 8.064000000000000000e+08 1.000000000000000000e+07 6.788688785174088469e-01 3.250000000000000111e-01 8.186705968315093679e-19 6.214530702699580615e+02
8.000000000000000000e+00 4.969999999999999751e+00 8.064000000000000000e+08 2.511900000000000000e+07 1.000000000000000888e-02 2.500000000000000139e-02 9.865228531666764915e-20 9.685790983370967524e+02
9.000000000000000000e+00 1.020000000000000018e+00 8.064000000000000000e+08 5.000000000000000000e+07 6.788688785174088469e-01 1.500000000000000000e+00 8.790899456926866197e-17 1.196422562157990069e+04
1.000000000000000000e+01 8.699999999999999956e-01 8.064000000000000000e+08 5.000000000000000000e+07 6.788688785174088469e-01 1.500000000000000000e+00 2.700795345745306774e-17 7.106296921406556066e+03
1.100000000000000000e+01 8.300000000000000711e-01 8.064000000000000000e+08 2.511900000000000000e+07 6.469219452298986539e-01 1.500000000000000000e+00 6.208145291500342713e-17 2.177006571332806743e+03
1.200000000000000000e+01 5.000000000000000000e+00 8.064000000000000000e+08 1.000000000000000000e+07 6.788688785174088469e-01 1.000000000000000056e-01 1.156666499266815717e-19 6.013275895733137304e+02
1.300000000000000000e+01 2.300000000000000266e+00 8.064000000000000000e+08 2.511900000000000000e+07 1.000000000000000888e-02 8.750000000000000000e-01 2.404411586553148933e-18 1.125051501908043065e+03
1.400000000000000000e+01 9.899999999999999911e-01 8.064000000000000000e+08 5.000000000000000000e+07 6.788688785174088469e-01 1.500000000000000000e+00 2.638012466571350349e-17 2.694310397952865515e+03
1.500000000000000000e+01 8.300000000000000711e-01 8.064000000000000000e+08 5.000000000000000000e+07 6.788688785174088469e-01 1.500000000000000000e+00 4.020619265806731294e-18 8.977236543250046452e+02
1.600000000000000000e+01 4.600000000000000200e-01 8.064000000000000000e+08 5.000000000000000000e+07 6.788688785174088469e-01 5.750000000000000666e-01 6.462320322664645409e-18 1.426325542575752252e+03
1.700000000000000000e+01 1.040000000000000036e+00 8.064000000000000000e+08 5.000000000000000000e+07 6.788688785174088469e-01 1.500000000000000000e+00 1.181686943827063513e-16 1.578400486463011657e+04
1.800000000000000000e+01 3.200000000000000067e-01 8.064000000000000000e+08 5.000000000000000000e+07 6.788688785174088469e-01 1.750000000000000167e-01 1.030321516295048704e-17 3.212165083731359118e+03
1.900000000000000000e+01 2.220000000000000195e+00 8.064000000000000000e+08 1.000000000000000000e+07 5.313699076773616969e-01 1.275000000000000133e+00 4.939965548594588068e-18 2.072933457577178160e+03
2.000000000000000000e+01 3.050000000000000266e+00 8.064000000000000000e+08 2.511900000000000000e+07 6.788688785174088469e-01 4.500000000000000111e-01 1.579492671613955596e-19 5.237073484387487952e+02
2.100000000000000000e+01 9.899999999999999911e-01 8.064000000000000000e+08 5.000000000000000000e+07 6.788688785174088469e-01 1.500000000000000000e+00 9.764304557398577181e-17 1.006976648616510283e+04
2.200000000000000000e+01 7.500000000000000000e-01 8.064000000000000000e+08 5.000000000000000000e+07 6.788688785174088469e-01 1.500000000000000000e+00 8.045893066684053235e-18 1.182001638773909917e+03
2.300000000000000000e+01 4.799999999999999822e+00 8.064000000000000000e+08 5.000000000000000000e+07 1.000000000000000888e-02 1.500000000000000000e+00 1.808672776173041728e-18 1.126555843241665571e+03
2.400000000000000000e+01 8.599999999999999867e-01 8.064000000000000000e+08 5.000000000000000000e+07 6.788688785174088469e-01 1.500000000000000000e+00 3.100436886299449540e-17 2.242339940058532648e+03
2.500000000000000000e+01 4.400000000000000022e-01 8.064000000000000000e+08 5.000000000000000000e+07 6.788688785174088469e-01 3.750000000000000000e-01 2.415294248952067121e-18 8.909251914034563242e+02
2.600000000000000000e+01 3.479999999999999982e+00 8.064000000000000000e+08 5.000000000000000000e+07 6.788688785174088469e-01 8.000000000000000444e-01 5.605941434630095573e-19 7.479512879826055496e+02
2.700000000000000000e+01 4.360000000000000320e+00 8.064000000000000000e+08 5.000000000000000000e+07 6.788688785174088469e-01 1.500000000000000000e+00 3.906388773332283028e-18 3.075154841809483514e+03
2.800000000000000000e+01 1.040000000000000036e+00 8.064000000000000000e+08 5.000000000000000000e+07 6.788688785174088469e-01 1.500000000000000000e+00 1.278817071593975280e-17 1.432581009888150902e+03
2.900000000000000000e+01 4.980000000000000426e+00 8.064000000000000000e+08 5.000000000000000000e+07 6.788688785174088469e-01 1.500000000000000000e+00 1.045399309386220106e-18 4.806406091798409034e+04
3.000000000000000000e+01 4.870000000000000107e+00 8.064000000000000000e+08 1.000000000000000000e+07 6.788688785174088469e-01 9.750000000000000888e-01 3.305680245586995649e-19 9.750040087273309837e+02
3.100000000000000000e+01 4.080000000000000071e+00 8.064000000000000000e+08 5.000000000000000000e+07 6.788688785174088469e-01 1.500000000000000000e+00 1.196872733099248077e-18 1.247676291912737724e+03
3.200000000000000000e+01 1.040000000000000036e+00 8.064000000000000000e+08 5.000000000000000000e+07 6.788688785174088469e-01 1.500000000000000000e+00 3.501519923790480163e-17 2.288282505091926851e+03
3.300000000000000000e+01 4.660000000000000142e+00 8.064000000000000000e+08 1.000000000000000000e+07 1.000000000000000888e-02 1.300000000000000044e+00 6.006508053198687805e-19 1.117166859383612973e+03
3.400000000000000000e+01 9.799999999999999822e-01 8.064000000000000000e+08 5.000000000000000000e+07 6.788688785174088469e-01 1.500000000000000000e+00 -1.892060743750844135e-19 5.971242298921155225e+02
3.500000000000000000e+01 1.060000000000000053e+00 8.064000000000000000e+08 5.000000000000000000e+07 6.788688785174088469e-01 1.500000000000000000e+00 1.014756470525026835e-16 1.391311003378432906e+04
3.600000000000000000e+01 6.500000000000000222e-01 8.064000000000000000e+08 5.000000000000000000e+07 6.788688785174088469e-01 1.050000000000000044e+00 2.425226797386722857e-18 8.148186707515251328e+02
3.700000000000000000e+01 7.500000000000000000e-01 8.064000000000000000e+08 5.000000000000000000e+07 6.788688785174088469e-01 1.500000000000000000e+00 5.001921595449604807e-17 3.807075106182241598e+03
3.800000000000000000e+01 1.820000000000000062e+00 8.064000000000000000e+08 1.000000000000000000e+07 1.000000000000000888e-02 9.000000000000000222e-01 5.803472470223115002e-18 1.139361495465136613e+03
3.900000000000000000e+01 4.500000000000000111e-01 8.064000000000000000e+08 5.000000000000000000e+07 6.788688785174088469e-01 3.000000000000000444e-01 3.508201641904760453e-18 1.571561427759343815e+03
4.000000000000000000e+01 2.290000000000000036e+00 8.064000000000000000e+08 1.000000000000000000e+07 1.000000000000000888e-02 1.325000000000000178e+00 4.549536824082367212e-18 1.507003018280149945e+03
4.100000000000000000e+01 3.099999999999999978e-01 8.064000000000000000e+08 5.000000000000000000e+07 6.788688785174088469e-01 2.000000000000000111e-01 1.321542896258308493e-17 2.908550282321805298e+03
4.200000000000000000e+01 5.000000000000000000e+00 8.064000000000000000e+08 1.000000000000000000e+07 1.000000000000000888e-02 1.275000000000000133e+00 5.095883357299940185e-19 1.149706110323718121e+03
4.300000000000000000e+01 5.000000000000000000e+00 8.064000000000000000e+08 5.000000000000000000e+07 6.788688785174088469e-01 7.000000000000000666e-01 4.382260719281502585e-19 1.512261924492587696e+03
4.400000000000000000e+01 5.300000000000000266e-01 8.064000000000000000e+08 5.000000000000000000e+07 6.788688785174088469e-01 1.100000000000000089e+00 1.624972735581014441e-17 1.852576893433251826e+03
4.500000000000000000e+01 2.359999999999999876e+00 8.064000000000000000e+08 1.000000000000000000e+07 1.000000000000000888e-02 1.125000000000000000e+00 2.362730494168410363e-18 9.605318465465245481e+02
4.600000000000000000e+01 8.000000000000000444e-01 8.064000000000000000e+08 2.511900000000000000e+07 2.514224249708160164e-01 1.200000000000000178e+00 3.368922656652827126e-17 1.886443016077037782e+03
4.700000000000000000e+01 3.400000000000000244e-01 8.064000000000000000e+08 5.000000000000000000e+07 6.788688785174088469e-01 4.000000000000000222e-01 5.086723460715580633e-18 1.145512591635072567e+03
4.800000000000000000e+01 4.879999999999999893e+00 8.064000000000000000e+08 1.000000000000000000e+07 1.000000000000000888e-02 1.225000000000000089e+00 9.379160236749180486e-19 1.079659624906392082e+03
4.900000000000000000e+01 6.300000000000000044e-01 8.064000000000000000e+08 1.000000000000000000e+07 1.000000000000000888e-02 1.100000000000000089e+00 4.375013437104509162e-17 2.813184914530738297e+03
5.000000000000000000e+01 6.300000000000000044e-01 8.064000000000000000e+08 1.000000000000000000e+07 1.000000000000000888e-02 1.000000000000000000e+00 2.669257231741273042e-17 2.080316043727400029e+03
5.100000000000000000e+01 9.200000000000000400e-01 8.064000000000000000e+08 5.000000000000000000e+07 6.788688785174088469e-01 1.500000000000000000e+00 2.072805622260558640e-17 1.559984273757711662e+03
5.200000000000000000e+01 5.400000000000000355e-01 8.064000000000000000e+08 5.000000000000000000e+07 6.788688785174088469e-01 7.250000000000000888e-01 2.183331818802684456e-18 8.969065380336322733e+02
5.300000000000000000e+01 2.270000000000000018e+00 8.064000000000000000e+08 1.000000000000000000e+07 1.000000000000000888e-02 1.400000000000000133e+00 3.411425225274467066e-18 1.032097875913570078e+03
5.400000000000000000e+01 4.899999999999999911e-01 8.064000000000000000e+08 5.000000000000000000e+07 6.788688785174088469e-01 1.000000000000000056e-01 6.706222704056509246e-19 8.609690075108931069e+02
5.500000000000000000e+01 5.600000000000000533e-01 8.064000000000000000e+08 5.000000000000000000e+07 6.788688785174088469e-01 6.000000000000000888e-01 3.367188416916243159e-17 1.143707942693481345e+04
5.600000000000000000e+01 9.899999999999999911e-01 8.064000000000000000e+08 5.000000000000000000e+07 6.788688785174088469e-01 1.500000000000000000e+00 8.278785064901107974e-18 1.253350535588019056e+03
5.700000000000000000e+01 2.109999999999999876e+00 8.064000000000000000e+08 1.000000000000000000e+07 1.000000000000000888e-02 9.000000000000000222e-01 8.227271321766751725e-18 1.838370178042493990e+03
5.800000000000000000e+01 4.049999999999999822e+00 8.064000000000000000e+08 5.000000000000000000e+07 6.788688785174088469e-01 5.750000000000000666e-01 4.093765781298344336e-19 2.559398896041407170e+03
5.900000000000000000e+01 2.550000000000000266e+00 8.064000000000000000e+08 5.000000000000000000e+07 6.788688785174088469e-01 1.025000000000000133e+00 3.221275963599833262e-18 2.384091280717418613e+03
6.000000000000000000e+01 1.280000000000000027e+00 8.064000000000000000e+08 5.000000000000000000e+07 6.788688785174088469e-01 1.500000000000000000e+00 7.092490112362960495e-17 7.994232860688478468e+03
6.100000000000000000e+01 1.239999999999999991e+00 8.064000000000000000e+08 5.000000000000000000e+07 5.088127663727277650e-01 5.250000000000000222e-01 1.323378274086441253e-18 4.931331823702046222e+02
6.200000000000000000e+01 3.099999999999999978e-01 8.064000000000000000e+08 5.000000000000000000e+07 5.088127663727277650e-01 7.500000000000000000e-01 8.352726934650811304e-18 6.256167809474526393e+02
6.300000000000000000e+01 9.799999999999999822e-01 8.064000000000000000e+08 5.000000000000000000e+07 6.788688785174088469e-01 1.500000000000000000e+00 1.596316037758933790e-17 1.269688065249230021e+03
6.400000000000000000e+01 9.899999999999999911e-01 8.064000000000000000e+08 5.000000000000000000e+07 6.788688785174088469e-01 1.500000000000000000e+00 1.029959767386795638e-17 2.436993562411857965e+03
6.500000000000000000e+01 3.459999999999999964e+00 8.064000000000000000e+08 5.000000000000000000e+07 1.000000000000000888e-02 9.250000000000000444e-01 1.231196320873561307e-18 1.307124722989360635e+03
6.600000000000000000e+01 2.240000000000000213e+00 8.064000000000000000e+08 1.000000000000000000e+07 1.000000000000000888e-02 1.275000000000000133e+00 7.661192263532075328e-18 2.028725811351708217e+03
6.700000000000000000e+01 4.520000000000000462e+00 8.064000000000000000e+08 5.000000000000000000e+07 6.788688785174088469e-01 0.000000000000000000e+00 6.642738943122698799e-20 7.889748496894857226e+02
6.800000000000000000e+01 1.060000000000000053e+00 8.064000000000000000e+08 5.000000000000000000e+07 6.788688785174088469e-01 1.500000000000000000e+00 5.938895082829222248e-17 6.513219575749016258e+03
6.900000000000000000e+01 1.719999999999999973e+00 8.064000000000000000e+08 2.511900000000000000e+07 1.000000000000000888e-02 1.200000000000000178e+00 3.927245157198087855e-14 1.771655533031215891e+07
7.000000000000000000e+01 1.630000000000000115e+00 8.064000000000000000e+08 1.000000000000000000e+07 5.500741397856412362e-02 1.050000000000000044e+00 8.616041480941127160e-14 1.583545962315744348e+07
7.100000000000000000e+01 5.799999999999999600e-01 8.064000000000000000e+08 5.000000000000000000e+07 6.788688785174088469e-01 5.000000000000000000e-01 2.334738123657432752e-18 9.634185614357593295e+02
7.200000000000000000e+01 4.450000000000000178e+00 8.064000000000000000e+08 1.000000000000000000e+07 6.788688785174088469e-01 3.500000000000000333e-01 1.274772227462377757e-19 1.103611379054605550e+03
7.300000000000000000e+01 2.760000000000000231e+00 8.064000000000000000e+08 1.000000000000000000e+07 1.000000000000000888e-02 0.000000000000000000e+00 9.029841046057854080e-20 3.966248894984822073e+03
7.400000000000000000e+01 4.870000000000000107e+00 8.064000000000000000e+08 1.000000000000000000e+07 1.000000000000000888e-02 1.500000000000000000e+00 1.806892985784765912e-19 4.753401222782601963e+02
7.500000000000000000e+01 4.750000000000000000e+00 8.064000000000000000e+08 1.000000000000000000e+07 6.788688785174088469e-01 1.025000000000000133e+00 3.434474518044426619e-19 1.512426956563983595e+03
7.600000000000000000e+01 6.400000000000000133e-01 8.064000000000000000e+08 5.000000000000000000e+07 6.788688785174088469e-01 8.750000000000000000e-01 4.907442403509694749e-18 1.147673880666799505e+03
7.700000000000000000e+01 1.189999999999999947e+00 8.064000000000000000e+08 5.000000000000000000e+07 6.788688785174088469e-01 1.300000000000000044e+00 1.558125825002108934e-17 1.185824283554076828e+04
7.800000000000000000e+01 4.160000000000000142e+00 8.064000000000000000e+08 2.511900000000000000e+07 6.788688785174088469e-01 0.000000000000000000e+00 1.896032269764363559e-19 2.898335348204070215e+03
7.900000000000000000e+01 4.799999999999999822e-01 8.064000000000000000e+08 5.000000000000000000e+07 6.469219452298986539e-01 0.000000000000000000e+00 1.222066183645339879e-18 9.199750299614378264e+02
8.000000000000000000e+01 1.770000000000000018e+00 8.064000000000000000e+08 2.511900000000000000e+07 1.000000000000000888e-02 8.750000000000000000e-01 8.858020041317598746e-18 1.353519674932254929e+03
8.100000000000000000e+01 1.090000000000000080e+00 8.064000000000000000e+08 2.511900000000000000e+07 6.788688785174088469e-01 1.500000000000000000e+00 1.141033311888441310e-17 6.423877648939470646e+02
8.200000000000000000e+01 2.040000000000000036e+00 8.064000000000000000e+08 1.000000000000000000e+07 1.000000000000000888e-02 1.275000000000000133e+00 6.165415330587442606e-18 1.172973523580024221e+03
8.300000000000000000e+01 8.100000000000000533e-01 8.064000000000000000e+08 5.000000000000000000e+07 6.788688785174088469e-01 1.500000000000000000e+00 4.851346135909463837e-18 8.986460403657971483e+02
8.400000000000000000e+01 5.200000000000000178e-01 8.064000000000000000e+08 5.000000000000000000e+07 6.788688785174088469e-01 5.250000000000000222e-01 4.914534552287812035e-18 1.114185454250366774e+03
8.500000000000000000e+01 5.100000000000000089e-01 8.064000000000000000e+08 5.000000000000000000e+07 5.529118103851248245e-01 0.000000000000000000e+00 2.860883778074913434e-18 1.011647615989973474e+03
8.600000000000000000e+01 9.400000000000000577e-01 8.064000000000000000e+08 5.000000000000000000e+07 6.788688785174088469e-01 4.750000000000000333e-01 1.886839906341516402e-18 1.224162461464891294e+03
8.700000000000000000e+01 2.620000000000000107e+00 8.064000000000000000e+08 5.000000000000000000e+07 1.000000000000000888e-02 8.500000000000000888e-01 5.705255898832058172e-19 5.717090452890429333e+02
8.800000000000000000e+01 9.100000000000000311e-01 8.064000000000000000e+08 5.000000000000000000e+07 6.788688785174088469e-01 9.250000000000000444e-01 1.168756227400736354e-18 8.409506791367924734e+02
8.900000000000000000e+01 5.600000000000000533e-01 8.064000000000000000e+08 5.000000000000000000e+07 6.469219452298986539e-01 0.000000000000000000e+00 4.945494573384944522e-19 5.956990253550857233e+02
9.000000000000000000e+01 1.929999999999999938e+00 8.064000000000000000e+08 2.511900000000000000e+07 5.313699076773616969e-01 8.500000000000000888e-01 1.450267952002935621e-17 5.010702324372685325e+03
9.100000000000000000e+01 5.999999999999999778e-01 8.064000000000000000e+08 1.000000000000000000e+07 1.000000000000000888e-02 1.325000000000000178e+00 1.781908004288722886e-17 1.080193017240557310e+03
9.200000000000000000e+01 8.900000000000000133e-01 8.064000000000000000e+08 5.000000000000000000e+07 6.788688785174088469e-01 1.500000000000000000e+00 8.322529149324186324e-18 5.670220879306593815e+03
9.300000000000000000e+01 1.110000000000000098e+00 8.064000000000000000e+08 5.000000000000000000e+07 6.788688785174088469e-01 1.500000000000000000e+00 5.662140011553775434e-17 3.105470245115853231e+03
9.400000000000000000e+01 8.100000000000000533e-01 8.064000000000000000e+08 5.000000000000000000e+07 6.788688785174088469e-01 1.500000000000000000e+00 3.521446363418102007e-18 3.039808891815604966e+03
9.500000000000000000e+01 1.030000000000000027e+00 8.064000000000000000e+08 5.000000000000000000e+07 6.788688785174088469e-01 1.500000000000000000e+00 7.209235944305343844e-17 4.552566184199068630e+03
9.600000000000000000e+01 2.270000000000000018e+00 8.064000000000000000e+08 2.511900000000000000e+07 1.000000000000000888e-02 1.375000000000000000e+00 6.796954117893772619e-18 1.418148977436014547e+03
9.700000000000000000e+01 4.650000000000000355e+00 8.064000000000000000e+08 5.000000000000000000e+07 1.000000000000000888e-02 1.250000000000000000e+00 7.199307080651336416e-19 7.374881731611485520e+02
9.800000000000000000e+01 1.280000000000000027e+00 8.064000000000000000e+08 5.000000000000000000e+07 1.000000000000000888e-02 1.250000000000000000e+00 7.556796300406742375e-18 8.076231193182815105e+02
9.900000000000000000e+01 1.900000000000000133e+00 8.064000000000000000e+08 2.511900000000000000e+07 6.788688785174088469e-01 7.750000000000000222e-01 9.713648229812698539e-18 4.168484592660660383e+03
1.000000000000000000e+02 4.120000000000000107e+00 8.064000000000000000e+08 5.000000000000000000e+07 1.000000000000000888e-02 1.500000000000000000e+00 1.533277323642280841e-18 9.847957656220520448e+02
1.010000000000000000e+02 1.669999999999999929e+00 8.064000000000000000e+08 1.000000000000000000e+07 1.000000000000000888e-02 1.275000000000000133e+00 1.112281405384876855e-17 1.599551060654041748e+03
1.020000000000000000e+02 1.090000000000000080e+00 8.064000000000000000e+08 5.000000000000000000e+07 6.788688785174088469e-01 1.500000000000000000e+00 3.291777245765479802e-17 3.880542179114564533e+03
1.030000000000000000e+02 2.319999999999999840e+00 8.064000000000000000e+08 5.000000000000000000e+07 6.788688785174088469e-01 1.500000000000000000e+00 8.269091185613301305e-17 8.102158787882245633e+03
1.040000000000000000e+02 5.700000000000000622e-01 8.064000000000000000e+08 5.000000000000000000e+07 6.788688785174088469e-01 4.750000000000000333e-01 1.491399140154056372e-18 7.229530256261348313e+02
1.050000000000000000e+02 5.200000000000000178e-01 8.064000000000000000e+08 5.000000000000000000e+07 6.788688785174088469e-01 7.000000000000000666e-01 4.522998728734544807e-18 9.739241355302616512e+02
1.060000000000000000e+02 4.799999999999999822e-01 8.064000000000000000e+08 5.000000000000000000e+07 6.788688785174088469e-01 6.500000000000000222e-01 6.581494750400596369e-18 1.465695087048801497e+03
1.070000000000000000e+02 4.650000000000000355e+00 8.064000000000000000e+08 5.000000000000000000e+07 1.000000000000000888e-02 7.750000000000000222e-01 1.610390797968655167e-19 7.185318205590621119e+02
1.080000000000000000e+02 3.750000000000000000e+00 8.064000000000000000e+08 5.000000000000000000e+07 1.000000000000000888e-02 8.000000000000000444e-01 2.051518069437598584e-19 5.781684328318216330e+02
1.090000000000000000e+02 4.600000000000000200e-01 8.064000000000000000e+08 5.000000000000000000e+07 1.000000000000000888e-02 1.350000000000000089e+00 3.482598137590671765e-17 1.179980174258249917e+03
1.100000000000000000e+02 4.799999999999999822e+00 8.064000000000000000e+08 1.000000000000000000e+07 1.000000000000000888e-02 7.250000000000000888e-01 4.408402832253922791e-19 1.274883857149448659e+03
1.110000000000000000e+02 3.570000000000000284e+00 8.064000000000000000e+08 5.000000000000000000e+07 1.000000000000000888e-02 1.200000000000000178e+00 2.181258311342077505e-18 1.344582431768608558e+03
1.120000000000000000e+02 2.040000000000000036e+00 8.064000000000000000e+08 1.000000000000000000e+07 5.529118103851248245e-01 9.000000000000000222e-01 3.816515306656923461e-18 1.176660528286825866e+03
1.130000000000000000e+02 4.600000000000000200e-01 8.064000000000000000e+08 5.000000000000000000e+07 6.788688785174088469e-01 5.000000000000000000e-01 3.942121445756657185e-18 6.888417883119783482e+02
1.140000000000000000e+02 2.260000000000000231e+00 8.064000000000000000e+08 1.000000000000000000e+07 6.788688785174088469e-01 1.250000000000000000e+00 6.235830886239005820e-18 1.537518087455712475e+03
1.150000000000000000e+02 4.299999999999999933e-01 8.064000000000000000e+08 5.000000000000000000e+07 6.788688785174088469e-01 7.750000000000000222e-01 3.475584194970509821e-18 8.525902374537627111e+02
1.160000000000000000e+02 4.950000000000000178e+00 8.064000000000000000e+08 1.000000000000000000e+07 1.000000000000000888e-02 1.125000000000000000e+00 1.357214641700839962e-18 1.604646431919392626e+03
1.170000000000000000e+02 8.699999999999999956e-01 8.064000000000000000e+08 5.000000000000000000e+07 6.788688785174088469e-01 1.400000000000000133e+00 7.390255805155701098e-18 2.064763226520552962e+03
1.180000000000000000e+02 1.949999999999999956e+00 8.064000000000000000e+08 1.000000000000000000e+07 5.500741397856412362e-02 1.200000000000000178e+00 6.352579033856208924e-18 1.386552246278838993e+03
1.190000000000000000e+02 5.799999999999999600e-01 8.064000000000000000e+08 5.000000000000000000e+07 6.788688785174088469e-01 6.500000000000000222e-01 2.417996932034359896e-18 9.107470581275943005e+02
1.200000000000000000e+02 3.900000000000000133e-01 8.064000000000000000e+08 5.000000000000000000e+07 6.788688785174088469e-01 3.500000000000000333e-01 2.262289847028882817e-18 1.078932745620814558e+03
1.210000000000000000e+02 3.800000000000000044e-01 8.064000000000000000e+08 5.000000000000000000e+07 6.788688785174088469e-01 0.000000000000000000e+00 4.269641065336772005e-18 2.691940726962299323e+03
1.220000000000000000e+02 6.500000000000000222e-01 8.064000000000000000e+08 5.000000000000000000e+07 6.788688785174088469e-01 1.050000000000000044e+00 2.382771026188579340e-18 7.398327506481023192e+02
1.230000000000000000e+02 3.320000000000000284e+00 8.064000000000000000e+08 2.511900000000000000e+07 6.788688785174088469e-01 5.000000000000000000e-01 3.668173061857008947e-19 2.088224305284543334e+03
1.240000000000000000e+02 3.080000000000000071e+00 8.064000000000000000e+08 1.000000000000000000e+07 1.000000000000000888e-02 9.250000000000000444e-01 1.763096945720710763e-18 2.670030811204166184e+03
1.250000000000000000e+02 7.600000000000000089e-01 8.064000000000000000e+08 5.000000000000000000e+07 6.788688785174088469e-01 1.500000000000000000e+00 7.941972593470033379e-18 2.428739269415847957e+03
1.260000000000000000e+02 4.830000000000000071e+00 8.064000000000000000e+08 1.000000000000000000e+07 1.000000000000000888e-02 5.250000000000000222e-01 2.510634453820954054e-19 9.588714523685164295e+02
1.270000000000000000e+02 1.939999999999999947e+00 8.064000000000000000e+08 1.000000000000000000e+07 6.788688785174088469e-01 8.750000000000000000e-01 7.422074022205268478e-18 1.904926870542123652e+03
1.280000000000000000e+02 1.110000000000000098e+00 8.064000000000000000e+08 5.000000000000000000e+07 6.788688785174088469e-01 1.500000000000000000e+00 3.102527928844989307e-17 3.039233275023515944e+03
1.290000000000000000e+02 8.599999999999999867e-01 8.064000000000000000e+08 5.000000000000000000e+07 6.788688785174088469e-01 1.500000000000000000e+00 3.321268148900593933e-18 6.103795327620790658e+02
1.300000000000000000e+02 3.189999999999999947e+00 8.064000000000000000e+08 5.000000000000000000e+07 1.000000000000000888e-02 7.500000000000000000e-01 1.473317776013973612e-18 1.260126705111691763e+03
1.310000000000000000e+02 8.499999999999999778e-01 8.064000000000000000e+08 2.511900000000000000e+07 5.313699076773616969e-01 1.500000000000000000e+00 4.620938000689882028e-17 1.740015893465667205e+03
1.320000000000000000e+02 6.800000000000000488e-01 8.064000000000000000e+08 5.000000000000000000e+07 6.788688785174088469e-01 1.450000000000000178e+00 2.121011031306320256e-17 3.480576127059027840e+03
1.330000000000000000e+02 1.630000000000000115e+00 8.064000000000000000e+08 1.000000000000000000e+07 1.000000000000000888e-02 1.250000000000000000e+00 2.911018439997868185e-14 1.035929279963825457e+07
1.340000000000000000e+02 3.699999999999999956e-01 8.064000000000000000e+08 5.000000000000000000e+07 6.788688785174088469e-01 1.000000000000000000e+00 1.761506540171681074e-14 1.305432336230871081e+07
1.350000000000000000e+02 8.000000000000000444e-01 8.064000000000000000e+08 5.000000000000000000e+07 6.788688785174088469e-01 9.000000000000000222e-01 1.595717981324685449e-18 9.856052606325606575e+02
1.360000000000000000e+02 2.589999999999999858e+00 8.064000000000000000e+08 1.000000000000000000e+07 1.000000000000000888e-02 9.000000000000000222e-01 5.459280759588085712e-19 8.758520978029116577e+02
1.370000000000000000e+02 6.600000000000000311e-01 8.064000000000000000e+08 1.000000000000000000e+07 1.000000000000000888e-02 9.500000000000000666e-01 3.036142264876654329e-17 4.845159452812056770e+03
1.380000000000000000e+02 4.850000000000000533e+00 8.064000000000000000e+08 5.000000000000000000e+07 1.000000000000000888e-02 8.750000000000000000e-01 1.695219993070131298e-18 6.950176703100088343e+04
1.390000000000000000e+02 2.049999999999999822e+00 8.064000000000000000e+08 1.000000000000000000e+07 1.000000000000000888e-02 5.000000000000000000e-01 3.707806070245196075e-18 2.918819680449076714e+03
1.400000000000000000e+02 1.239999999999999991e+00 8.064000000000000000e+08 5.000000000000000000e+07 6.788688785174088469e-01 8.500000000000000888e-01 2.072748983142973945e-18 1.157140753882027639e+03
1.410000000000000000e+02 6.500000000000000222e-01 8.064000000000000000e+08 5.000000000000000000e+07 6.788688785174088469e-01 1.074999999999999956e+00 3.999347709936934879e-18 1.109047601950489479e+03
1.420000000000000000e+02 4.270000000000000462e+00 8.064000000000000000e+08 5.000000000000000000e+07 6.788688785174088469e-01 1.050000000000000044e+00 4.393192852741552375e-19 2.458620090084033109e+03
1.430000000000000000e+02 1.199999999999999956e+00 8.064000000000000000e+08 5.000000000000000000e+07 6.118928294465026951e-01 3.000000000000000444e-01 1.039933852934987301e-18 7.181725469488111457e+02
1.440000000000000000e+02 5.999999999999999778e-01 8.064000000000000000e+08 5.000000000000000000e+07 6.788688785174088469e-01 1.000000000000000000e+00 2.759117669071693443e-18 7.181790497270872038e+02
1.450000000000000000e+02 2.149999999999999911e+00 8.064000000000000000e+08 1.000000000000000000e+07 1.000000000000000888e-02 1.350000000000000089e+00 3.745632558883649449e-17 1.461907224415796190e+04
1.460000000000000000e+02 3.599999999999999867e-01 8.064000000000000000e+08 5.000000000000000000e+07 6.788688785174088469e-01 0.000000000000000000e+00 2.224659807645988116e-18 1.325681147995481069e+03
1.470000000000000000e+02 4.290000000000000036e+00 8.064000000000000000e+08 5.000000000000000000e+07 1.000000000000000888e-02 1.500000000000000000e+00 8.261547238394198971e-19 1.054640546939090655e+03
1.480000000000000000e+02 4.299999999999999933e-01 8.064000000000000000e+08 5.000000000000000000e+07 6.788688785174088469e-01 1.375000000000000000e+00 1.146298849757371192e-17 1.416089840199708306e+03
1.490000000000000000e+02 1.489999999999999991e+00 8.064000000000000000e+08 5.000000000000000000e+07 6.788688785174088469e-01 1.375000000000000000e+00 1.689533251845397730e-17 1.541013957486220761e+03
1.500000000000000000e+02 8.800000000000000044e-01 8.064000000000000000e+08 5.000000000000000000e+07 9.798916064409035620e-02 8.250000000000000666e-01 2.326948664909669455e-18 7.065147363145310919e+02
1.510000000000000000e+02 5.799999999999999600e-01 8.064000000000000000e+08 5.000000000000000000e+07 6.788688785174088469e-01 1.100000000000000089e+00 2.061746095439104654e-18 6.536841193981102833e+02
1.520000000000000000e+02 1.790000000000000036e+00 8.064000000000000000e+08 2.511900000000000000e+07 1.000000000000000888e-02 1.150000000000000133e+00 1.751785229813239322e-17 2.461670843492958738e+03
1.530000000000000000e+02 7.800000000000000266e-01 8.064000000000000000e+08 5.000000000000000000e+07 2.514224249708160164e-01 5.000000000000000000e-01 2.318134836479824290e-18 6.249980808982852523e+02
1.540000000000000000e+02 5.600000000000000533e-01 8.064000000000000000e+08 5.000000000000000000e+07 5.529118103851248245e-01 2.500000000000000139e-02 2.783831029470213364e-18 1.067902060177894327e+03
1.550000000000000000e+02 2.490000000000000213e+00 8.064000000000000000e+08 5.000000000000000000e+07 1.000000000000000888e-02 3.250000000000000111e-01 1.037354956131181957e-18 1.009724408684615469e+03
1.560000000000000000e+02 4.830000000000000071e+00 8.064000000000000000e+08 5.000000000000000000e+07 6.788688785174088469e-01 1.025000000000000133e+00 1.634328246086121815e-19 6.378235066665320119e+02
1.570000000000000000e+02 5.799999999999999600e-01 8.064000000000000000e+08 5.000000000000000000e+07 6.788688785174088469e-01 7.750000000000000222e-01 5.871118412004865316e-18 1.253421235019437745e+03
1.580000000000000000e+02 4.870000000000000107e+00 8.064000000000000000e+08 5.000000000000000000e+07 1.000000000000000888e-02 1.500000000000000000e+00 4.905674601134947220e-19 8.723351274007977736e+02
1.590000000000000000e+02 3.979999999999999982e+00 8.064000000000000000e+08 5.000000000000000000e+07 1.000000000000000888e-02 1.100000000000000089e+00 5.844166054274459499e-19 8.921896154895639484e+02
1.600000000000000000e+02 3.680000000000000160e+00 8.064000000000000000e+08 5.000000000000000000e+07 6.788688785174088469e-01 1.500000000000000000e+00 6.785525940817382336e-19 9.155336099430819559e+02
1.610000000000000000e+02 1.000000000000000000e+00 8.064000000000000000e+08 5.000000000000000000e+07 6.788688785174088469e-01 1.500000000000000000e+00 7.924411700395310041e-18 1.263472641581331573e+03
1.620000000000000000e+02 2.879999999999999893e+00 8.064000000000000000e+08 5.000000000000000000e+07 1.000000000000000888e-02 6.750000000000000444e-01 2.712579093407051449e-18 1.643554256187395367e+03
1.630000000000000000e+02 2.600000000000000089e+00 8.064000000000000000e+08 1.000000000000000000e+07 1.000000000000000888e-02 1.175000000000000044e+00 1.985711327174425727e-18 1.114338131346438104e+03
1.640000000000000000e+02 4.360000000000000320e+00 8.064000000000000000e+08 5.000000000000000000e+07 1.000000000000000888e-02 2.250000000000000056e-01 7.931994684768450328e-19 6.180926416537425212e+03
1.650000000000000000e+02 3.320000000000000284e+00 8.064000000000000000e+08 1.000000000000000000e+07 1.000000000000000888e-02 1.325000000000000178e+00 2.932591012566506324e-19 5.485183105453520511e+02
1.660000000000000000e+02 2.800000000000000266e-01 8.064000000000000000e+08 5.000000000000000000e+07 6.788688785174088469e-01 1.500000000000000000e+00 3.213111646800936573e-17 2.169865548279507948e+03
1.670000000000000000e+02 7.199999999999999734e-01 8.064000000000000000e+08 5.000000000000000000e+07 6.788688785174088469e-01 1.500000000000000000e+00 4.590243181315081258e-17 8.316125858410625369e+03
1.680000000000000000e+02 2.379999999999999893e+00 8.064000000000000000e+08 5.000000000000000000e+07 6.788688785174088469e-01 5.500000000000000444e-01 2.009014252883035693e-18 7.248061991461421485e+02
1.690000000000000000e+02 7.099999999999999645e-01 8.064000000000000000e+08 5.000000000000000000e+07 6.788688785174088469e-01 8.000000000000000444e-01 2.569405045081465023e-18 9.832322287151837372e+02
1.700000000000000000e+02 1.229999999999999982e+00 8.064000000000000000e+08 1.000000000000000000e+07 1.000000000000000888e-02 1.500000000000000000e+00 3.762467171878359927e-17 5.967026924707517537e+03
1.710000000000000000e+02 3.339999999999999858e+00 8.064000000000000000e+08 5.000000000000000000e+07 6.788688785174088469e-01 0.000000000000000000e+00 9.638843933475262684e-20 1.681917610445447963e+03
1.720000000000000000e+02 1.010000000000000009e+00 8.064000000000000000e+08 1.000000000000000000e+07 5.734841677598339071e-01 3.000000000000000444e-01 1.018601543424349554e-18 6.149559501278544076e+02
1.730000000000000000e+02 5.899999999999999689e-01 8.064000000000000000e+08 5.000000000000000000e+07 2.156717652757182968e-01 1.500000000000000000e+00 1.015221860690371540e-16 4.115695163221395887e+03
1.740000000000000000e+02 7.600000000000000089e-01 8.064000000000000000e+08 5.000000000000000000e+07 6.788688785174088469e-01 5.250000000000000222e-01 1.393579186277444106e-17 5.571429890323703148e+03
1.750000000000000000e+02 8.300000000000000711e-01 8.064000000000000000e+08 2.511900000000000000e+07 6.788688785174088469e-01 1.500000000000000000e+00 8.591931733958452636e-18 1.801531321117784046e+03
1.760000000000000000e+02 5.300000000000000266e-01 8.064000000000000000e+08 5.000000000000000000e+07 6.788688785174088469e-01 1.750000000000000167e-01 3.184730015531113225e-18 1.477090602300105957e+03
1.770000000000000000e+02 2.490000000000000213e+00 8.064000000000000000e+08 5.000000000000000000e+07 6.788688785174088469e-01 3.750000000000000000e-01 2.095377082916388299e-18 1.626061288140060924e+03
1.780000000000000000e+02 1.739999999999999991e+00 8.064000000000000000e+08 2.511900000000000000e+07 5.529118103851248245e-01 7.500000000000000000e-01 3.962753806787152265e-18 1.347754709499128012e+03
1.790000000000000000e+02 5.899999999999999689e-01 8.064000000000000000e+08 5.000000000000000000e+07 6.788688785174088469e-01 5.500000000000000444e-01 3.353215951018360951e-18 1.338974711039880276e+03
1.800000000000000000e+02 1.280000000000000027e+00 8.064000000000000000e+08 5.000000000000000000e+07 4.851925397502274695e-01 1.050000000000000044e+00 7.941841899760564794e-18 1.090336747246143432e+03
1.810000000000000000e+02 4.129999999999999893e+00 8.064000000000000000e+08 5.000000000000000000e+07 1.000000000000000888e-02 1.275000000000000133e+00 7.685435578628495034e-19 2.273113018054855274e+03
1.820000000000000000e+02 4.070000000000000284e+00 8.064000000000000000e+08 1.000000000000000000e+07 1.000000000000000888e-02 0.000000000000000000e+00 4.673205493149760836e-20 6.113600835624323508e+02
1.830000000000000000e+02 4.419999999999999929e+00 8.064000000000000000e+08 1.000000000000000000e+07 1.000000000000000888e-02 1.500000000000000000e+00 2.743951397345661256e-19 7.062496897537179166e+02
1.840000000000000000e+02 2.310000000000000053e+00 8.064000000000000000e+08 1.000000000000000000e+07 1.000000000000000888e-02 1.025000000000000133e+00 6.571886806671991974e-18 3.260620732906744706e+03
1.850000000000000000e+02 1.020000000000000018e+00 8.064000000000000000e+08 5.000000000000000000e+07 6.788688785174088469e-01 1.500000000000000000e+00 1.955060140331939207e-17 1.391610674916752941e+04
1.860000000000000000e+02 5.999999999999999778e-01 8.064000000000000000e+08 5.000000000000000000e+07 6.788688785174088469e-01 7.000000000000000666e-01 8.470790004361820614e-19 6.035521265819759265e+02
1.870000000000000000e+02 1.910000000000000142e+00 8.064000000000000000e+08 1.000000000000000000e+07 1.000000000000000888e-02 6.500000000000000222e-01 7.141407600273597821e-18 1.866409481312386561e+03
1.880000000000000000e+02 4.299999999999999933e-01 8.064000000000000000e+08 1.000000000000000000e+07 1.782362288973291520e-01 6.250000000000000000e-01 2.661843887188503956e-17 1.574987413444994445e+03
1.890000000000000000e+02 2.649999999999999911e+00 8.064000000000000000e+08 5.000000000000000000e+07 6.788688785174088469e-01 1.375000000000000000e+00 1.838766234573136769e-18 1.923543526942538165e+03
1.900000000000000000e+02 4.810000000000000497e+00 8.064000000000000000e+08 5.000000000000000000e+07 1.000000000000000888e-02 1.025000000000000133e+00 1.600232560175065816e-19 1.199827598762942898e+03
1.910000000000000000e+02 2.510000000000000231e+00 8.064000000000000000e+08 5.000000000000000000e+07 6.788688785174088469e-01 7.500000000000000000e-01 2.750041886254598585e-18 1.405428687514504190e+03
1.920000000000000000e+02 4.799999999999999822e-01 8.064000000000000000e+08 1.000000000000000000e+07 1.000000000000000888e-02 1.200000000000000178e+00 6.567270884292199244e-17 2.115952917634299865e+03
1.930000000000000000e+02 1.919999999999999929e+00 8.064000000000000000e+08 1.000000000000000000e+07 1.000000000000000888e-02 8.750000000000000000e-01 6.437213650320725997e-18 1.790886117276103732e+03
1.940000000000000000e+02 4.270000000000000462e+00 8.064000000000000000e+08 5.000000000000000000e+07 1.000000000000000888e-02 7.500000000000000000e-01 2.750233606498022687e-19 2.362340765069820009e+03
1.950000000000000000e+02 4.820000000000000284e+00 8.064000000000000000e+08 2.511900000000000000e+07 1.000000000000000888e-02 2.500000000000000000e-01 1.733546794849278392e-19 3.397234722368487382e+03
1.960000000000000000e+02 1.780000000000000027e+00 8.064000000000000000e+08 2.511900000000000000e+07 3.790426555198066483e-01 1.500000000000000000e+00 2.883096029032158043e-17 1.707739824218027024e+03
1.970000000000000000e+02 4.700000000000000289e-01 8.064000000000000000e+08 5.000000000000000000e+07 5.931306165296644783e-01 0.000000000000000000e+00 2.276459334009336539e-18 1.264494799299658780e+03
1.980000000000000000e+02 4.940000000000000391e+00 8.064000000000000000e+08 5.000000000000000000e+07 1.000000000000000888e-02 5.750000000000000666e-01 6.861848336179550238e-20 6.423966569063840097e+02
1.990000000000000000e+02 1.050000000000000044e+00 8.064000000000000000e+08 5.000000000000000000e+07 6.788688785174088469e-01 2.500000000000000000e-01 1.067876442184104639e-18 1.420902389222126430e+03
2.000000000000000000e+02 1.100000000000000089e+00 8.064000000000000000e+08 5.000000000000000000e+07 6.788688785174088469e-01 1.500000000000000000e+00 3.171911701718015366e-17 2.207398404283491345e+03
2.010000000000000000e+02 3.709999999999999964e+00 8.064000000000000000e+08 5.000000000000000000e+07 1.000000000000000888e-02 1.500000000000000000e+00 1.671476064470512487e-18 9.735343425407239693e+02
2.020000000000000000e+02 2.300000000000000266e+00 8.064000000000000000e+08 1.000000000000000000e+07 1.000000000000000888e-02 9.000000000000000222e-01 4.271805750421907842e-18 2.000863754906727536e+03
2.030000000000000000e+02 5.999999999999999778e-01 8.064000000000000000e+08 5.000000000000000000e+07 6.788688785174088469e-01 6.250000000000000000e-01 7.515841660124376546e-18 1.921647234788938022e+03
2.040000000000000000e+02 5.300000000000000266e-01 8.064000000000000000e+08 5.000000000000000000e+07 6.632631495474683447e-01 0.000000000000000000e+00 1.664243939954807060e-18 1.087570832783297419e+03
2.050000000000000000e+02 1.150000000000000133e+00 8.064000000000000000e+08 5.000000000000000000e+07 5.529118103851248245e-01 5.000000000000000000e-01 1.206485157614884277e-17 3.489919219955767858e+03
2.060000000000000000e+02 5.700000000000000622e-01 8.064000000000000000e+08 1.000000000000000000e+07 1.000000000000000888e-02 9.750000000000000888e-01 1.901268734967108799e-17 1.326245466009224174e+03
2.070000000000000000e+02 7.099999999999999645e-01 8.064000000000000000e+08 1.000000000000000000e+07 1.000000000000000888e-02 7.000000000000000666e-01 6.376238739678205694e-18 9.839207345346434295e+02
2.080000000000000000e+02 8.000000000000000444e-01 8.064000000000000000e+08 1.000000000000000000e+07 1.000000000000000888e-02 4.500000000000000111e-01 2.807664174148386034e-18 1.025080788753623892e+03
2.090000000000000000e+02 1.120000000000000107e+00 8.064000000000000000e+08 5.000000000000000000e+07 6.788688785174088469e-01 1.500000000000000000e+00 1.435605606965764140e-17 2.177364237136672728e+03
2.100000000000000000e+02 1.600000000000000089e+00 8.064000000000000000e+08 5.000000000000000000e+07 6.788688785174088469e-01 4.250000000000000444e-01 6.281856983675689453e-14 2.545805589792662859e+08
2.110000000000000000e+02 1.630000000000000115e+00 8.064000000000000000e+08 1.000000000000000000e+07 1.000000000000000888e-02 8.750000000000000000e-01 2.416111941109288488e-14 1.688492008046086505e+07
2.120000000000000000e+02 4.600000000000000200e-01 8.064000000000000000e+08 5.000000000000000000e+07 6.788688785174088469e-01 3.500000000000000333e-01 4.587818858997110084e-18 1.284785976979807401e+03
2.130000000000000000e+02 6.300000000000000044e-01 8.064000000000000000e+08 5.000000000000000000e+07 6.788688785174088469e-01 5.000000000000000000e-01 5.079713656198554892e-18 1.571628339959332698e+04
2.140000000000000000e+02 4.899999999999999911e-01 8.064000000000000000e+08 5.000000000000000000e+07 6.788688785174088469e-01 4.500000000000000111e-01 3.879048103576518179e-18 1.248399910828011571e+03
2.150000000000000000e+02 2.189999999999999947e+00 8.064000000000000000e+08 1.000000000000000000e+07 1.000000000000000888e-02 1.100000000000000089e+00 2.387844794714842352e-16 2.049213093136990574e+04
2.160000000000000000e+02 5.899999999999999689e-01 8.064000000000000000e+08 1.000000000000000000e+07 1.000000000000000888e-02 1.100000000000000089e+00 1.432508607208702631e-17 8.814267087544552624e+02
2.170000000000000000e+02 3.099999999999999978e-01 8.064000000000000000e+08 5.000000000000000000e+07 6.788688785174088469e-01 1.500000000000000000e+00 4.920984252991356848e-17 4.145108323867439140e+03
2.180000000000000000e+02 1.880000000000000115e+00 8.064000000000000000e+08 1.000000000000000000e+07 1.000000000000000888e-02 8.500000000000000888e-01 1.192790994474451295e-17 2.284927031884448752e+03
2.190000000000000000e+02 1.140000000000000124e+00 8.064000000000000000e+08 1.000000000000000000e+07 1.782362288973291520e-01 8.250000000000000666e-01 1.108107410867231725e-17 3.454028557957211433e+03
2.200000000000000000e+02 9.000000000000000222e-01 8.064000000000000000e+08 2.511900000000000000e+07 6.632631495474683447e-01 1.500000000000000000e+00 3.270625091514350572e-17 2.246149078824724711e+03
2.210000000000000000e+02 3.370000000000000107e+00 8.064000000000000000e+08 5.000000000000000000e+07 1.000000000000000888e-02 0.000000000000000000e+00 4.422659348208450332e-20 5.888902789821800070e+02
2.220000000000000000e+02 1.939999999999999947e+00 8.064000000000000000e+08 1.000000000000000000e+07 1.000000000000000888e-02 8.750000000000000000e-01 5.437734569659893917e-18 1.446258271599390355e+03
2.230000000000000000e+02 4.799999999999999822e-01 8.064000000000000000e+08 5.000000000000000000e+07 6.788688785174088469e-01 6.500000000000000222e-01 5.919054613693697645e-18 1.366470307131357004e+03
2.240000000000000000e+02 4.899999999999999911e-01 8.064000000000000000e+08 5.000000000000000000e+07 6.788688785174088469e-01 9.250000000000000444e-01 3.508777520362787092e-17 5.160980721607792475e+03
2.250000000000000000e+02 5.999999999999999778e-01 8.064000000000000000e+08 5.000000000000000000e+07 5.734841677598339071e-01 9.000000000000000222e-01 5.622148103372558261e-17 7.435587659625309243e+03
2.260000000000000000e+02 1.169999999999999929e+00 8.064000000000000000e+08 5.000000000000000000e+07 6.788688785174088469e-01 1.325000000000000178e+00 2.425211684749801989e-17 4.638852459302084753e+03
2.270000000000000000e+02 4.899999999999999911e-01 8.064000000000000000e+08 5.000000000000000000e+07 6.788688785174088469e-01 2.750000000000000222e-01 3.008889561242184418e-18 6.806068312201333583e+02
2.280000000000000000e+02 1.080000000000000071e+00 8.064000000000000000e+08 5.000000000000000000e+07 6.788688785174088469e-01 1.500000000000000000e+00 5.260244782652585800e-17 4.642242286718702417e+03
2.290000000000000000e+02 4.299999999999999933e-01 8.064000000000000000e+08 5.000000000000000000e+07 5.088127663727277650e-01 0.000000000000000000e+00 1.113837719712258951e-18 7.311308268772735346e+02
2.300000000000000000e+02 5.200000000000000178e-01 8.064000000000000000e+08 5.000000000000000000e+07 6.788688785174088469e-01 5.250000000000000222e-01 3.242844629266068650e-18 1.244327048905076936e+03
2.310000000000000000e+02 4.600000000000000200e-01 8.064000000000000000e+08 5.000000000000000000e+07 6.788688785174088469e-01 6.750000000000000444e-01 8.785510754739690987e-18 1.518265949970451857e+03
2.320000000000000000e+02 1.199999999999999956e+00 8.064000000000000000e+08 5.000000000000000000e+07 6.788688785174088469e-01 3.750000000000000000e-01 9.490082888872601412e-19 5.927436805835648101e+02
2.330000000000000000e+02 5.799999999999999600e-01 8.064000000000000000e+08 5.000000000000000000e+07 6.788688785174088469e-01 1.050000000000000044e+00 6.039528519828458792e-18 1.021302030349019446e+03
2.340000000000000000e+02 4.700000000000000289e-01 8.064000000000000000e+08 5.000000000000000000e+07 6.788688785174088469e-01 2.250000000000000056e-01 4.889357522219712136e-18 1.563090024036832119e+03
2.350000000000000000e+02 4.469999999999999751e+00 8.064000000000000000e+08 1.000000000000000000e+07 1.000000000000000888e-02 6.000000000000000888e-01 4.077590201848874547e-19 9.876963629319609481e+02
2.360000000000000000e+02 9.500000000000000666e-01 8.064000000000000000e+08 5.000000000000000000e+07 6.788688785174088469e-01 7.000000000000000666e-01 6.939177585739305414e-19 7.163621028976076559e+02
2.370000000000000000e+02 9.899999999999999911e-01 8.064000000000000000e+08 5.000000000000000000e+07 6.788688785174088469e-01 6.500000000000000222e-01 7.834942122139082150e-18 3.269574415307383788e+03
2.380000000000000000e+02 7.000000000000000666e-01 8.064000000000000000e+08 5.000000000000000000e+07 6.788688785174088469e-01 1.500000000000000000e+00 3.213002659615841904e-18 7.298185301796826252e+02
2.390000000000000000e+02 5.899999999999999689e-01 8.064000000000000000e+08 5.000000000000000000e+07 6.788688785174088469e-01 9.250000000000000444e-01 2.436906916088166940e-18 9.533401894846695086e+02
2.400000000000000000e+02 8.200000000000000622e-01 8.064000000000000000e+08 5.000000000000000000e+07 6.788688785174088469e-01 1.500000000000000000e+00 8.708968913433108414e-18 1.052653470274660094e+03
2.410000000000000000e+02 7.900000000000000355e-01 8.064000000000000000e+08 5.000000000000000000e+07 6.788688785174088469e-01 1.425000000000000044e+00 5.746011649949865447e-18 9.923057940465590718e+02
2.420000000000000000e+02 4.700000000000000289e-01 8.064000000000000000e+08 5.000000000000000000e+07 6.788688785174088469e-01 8.500000000000000888e-01 4.516946990951262739e-18 1.035991628770051875e+03
2.430000000000000000e+02 2.800000000000000266e-01 8.064000000000000000e+08 1.000000000000000000e+07 1.000000000000000888e-02 0.000000000000000000e+00 -2.757233841489329785e-16 9.415432660950644016e+08
2.440000000000000000e+02 2.800000000000000266e-01 8.064000000000000000e+08 1.000000000000000000e+07 1.000000000000000888e-02 0.000000000000000000e+00 -1.560655164676784345e-16 7.210697746932508945e+08
2.450000000000000000e+02 2.490000000000000213e+00 8.064000000000000000e+08 5.000000000000000000e+07 1.000000000000000888e-02 9.750000000000000888e-01 2.517797822971909161e-18 1.282942446717323946e+03
2.460000000000000000e+02 2.500000000000000000e-01 8.064000000000000000e+08 1.000000000000000000e+07 1.000000000000000888e-02 0.000000000000000000e+00 -1.050926997051800417e-16 2.135599745906354785e+08
2.470000000000000000e+02 4.950000000000000178e+00 8.064000000000000000e+08 1.000000000000000000e+07 6.788688785174088469e-01 1.450000000000000178e+00 7.231227414681725193e-19 1.010868415769774060e+03
2.480000000000000000e+02 3.099999999999999978e-01 8.064000000000000000e+08 1.000000000000000000e+07 1.000000000000000888e-02 0.000000000000000000e+00 -6.334173750541834539e-17 1.708575781342570782e+08
2.490000000000000000e+02 1.989999999999999991e+00 8.064000000000000000e+08 5.000000000000000000e+07 6.788688785174088469e-01 1.050000000000000044e+00 1.183823198601609278e-17 2.065156711336163426e+03
2.500000000000000000e+02 3.430000000000000160e+00 8.064000000000000000e+08 5.000000000000000000e+07 6.788688785174088469e-01 1.500000000000000000e+00 1.018758454313424741e-18 1.285832625021752847e+03
2.510000000000000000e+02 1.760000000000000009e+00 8.064000000000000000e+08 1.000000000000000000e+07 1.000000000000000888e-02 1.250000000000000000e+00 1.357260256674607050e-17 1.984664328481709617e+03
2.520000000000000000e+02 7.199999999999999734e-01 8.064000000000000000e+08 5.000000000000000000e+07 6.788688785174088469e-01 1.050000000000000044e+00 1.991821633049511739e-18 6.522646483165556219e+02
2.530000000000000000e+02 4.839999999999999858e+00 8.064000000000000000e+08 1.000000000000000000e+07 1.000000000000000888e-02 1.200000000000000178e+00 1.110709033725085046e-18 1.278615032175630176e+03
2.540000000000000000e+02 1.189999999999999947e+00 8.064000000000000000e+08 5.000000000000000000e+07 5.734841677598339071e-01 1.500000000000000000e+00 3.086437054446385467e-18 1.438144745832353465e+03
2.550000000000000000e+02 6.099999999999999867e-01 8.064000000000000000e+08 5.000000000000000000e+07 6.788688785174088469e-01 1.000000000000000000e+00 3.265673773166395765e-18 8.173704986362438376e+02
2.560000000000000000e+02 2.520000000000000018e+00 8.064000000000000000e+08 5.000000000000000000e+07 6.788688785174088469e-01 1.500000000000000000e+00 2.411481765765073852e-18 6.624128709320171993e+02
2.570000000000000000e+02 6.800000000000000488e-01 8.064000000000000000e+08 5.000000000000000000e+07 6.788688785174088469e-01 5.500000000000000444e-01 1.597481832838542911e-18 1.044078642765556424e+03
2.580000000000000000e+02 2.390000000000000124e+00 8.064000000000000000e+08 2.511900000000000000e+07 6.788688785174088469e-01 1.500000000000000000e+00 4.669514487810533933e-18 1.209992593056150326e+03
2.590000000000000000e+02 5.100000000000000089e-01 8.064000000000000000e+08 1.000000000000000000e+07 1.000000000000000888e-02 1.200000000000000178e+00 8.134780753008651976e-17 1.797624771213878603e+03
2.600000000000000000e+02 4.400000000000000022e-01 8.064000000000000000e+08 5.000000000000000000e+07 6.788688785174088469e-01 4.250000000000000444e-01 4.520015094977091359e-18 1.578901859451978908e+03
2.610000000000000000e+02 3.379999999999999893e+00 8.064000000000000000e+08 5.000000000000000000e+07 5.734841677598339071e-01 1.500000000000000000e+00 5.861870985939052686e-18 4.062871228177457851e+03
2.620000000000000000e+02 4.509999999999999787e+00 8.064000000000000000e+08 5.000000000000000000e+07 1.000000000000000888e-02 0.000000000000000000e+00 -4.245778751007274403e-19 4.776909587284178287e+07
2.630000000000000000e+02 3.400000000000000244e-01 8.064000000000000000e+08 1.000000000000000000e+07 1.000000000000000888e-02 0.000000000000000000e+00 -9.373297034406854127e-17 2.344806696678092778e+08
2.640000000000000000e+02 3.300000000000000155e-01 8.064000000000000000e+08 1.000000000000000000e+07 1.000000000000000888e-02 0.000000000000000000e+00 -1.964397548838998527e-16 1.112989118370984554e+09
2.650000000000000000e+02 3.300000000000000155e-01 8.064000000000000000e+08 1.000000000000000000e+07 1.000000000000000888e-02 0.000000000000000000e+00 -2.303226225143487237e-16 1.056965746506820679e+09
2.660000000000000000e+02 5.799999999999999600e-01 8.064000000000000000e+08 5.000000000000000000e+07 6.788688785174088469e-01 7.500000000000000000e-01 4.782490044352810036e-18 1.132623286634735678e+03
2.670000000000000000e+02 3.400000000000000244e-01 8.064000000000000000e+08 1.000000000000000000e+07 1.000000000000000888e-02 0.000000000000000000e+00 -2.710815569604244407e-17 1.506434216547416151e+07
2.680000000000000000e+02 2.330000000000000071e+00 8.064000000000000000e+08 1.000000000000000000e+07 1.000000000000000888e-02 1.175000000000000044e+00 1.800714679453625760e-14 2.777182432692645118e+07
2.690000000000000000e+02 2.339999999999999858e+00 8.064000000000000000e+08 1.000000000000000000e+07 1.000000000000000888e-02 1.275000000000000133e+00 1.581159421528450609e-14 2.775064445591154695e+07
2.700000000000000000e+02 3.359999999999999876e+00 8.064000000000000000e+08 5.000000000000000000e+07 1.000000000000000888e-02 1.100000000000000089e+00 1.592184272183106535e-18 1.225858781314556381e+03
2.710000000000000000e+02 3.729999999999999982e+00 8.064000000000000000e+08 5.000000000000000000e+07 1.000000000000000888e-02 6.000000000000000888e-01 3.220817007695235013e-19 6.803505114674843526e+02
2.720000000000000000e+02 9.000000000000000222e-01 8.064000000000000000e+08 5.000000000000000000e+07 6.788688785174088469e-01 1.500000000000000000e+00 4.334958618738753546e-17 4.037110726834914203e+03
2.730000000000000000e+02 3.379999999999999893e+00 8.064000000000000000e+08 5.000000000000000000e+07 6.788688785174088469e-01 1.500000000000000000e+00 2.042465073995406610e-18 1.175174965011953873e+03
2.740000000000000000e+02 4.299999999999999933e-01 8.064000000000000000e+08 5.000000000000000000e+07 6.788688785174088469e-01 5.750000000000000666e-01 3.536593621287962195e-18 1.111294587166927158e+03
2.750000000000000000e+02 7.000000000000000666e-01 8.064000000000000000e+08 5.000000000000000000e+07 6.788688785174088469e-01 1.500000000000000000e+00 6.532722312012000069e-18 1.667313601603536426e+03
2.760000000000000000e+02 6.199999999999999956e-01 8.064000000000000000e+08 5.000000000000000000e+07 2.156717652757182968e-01 1.500000000000000000e+00 3.580250725637815948e-17 1.605220376189308809e+03
2.770000000000000000e+02 4.240000000000000213e+00 8.064000000000000000e+08 5.000000000000000000e+07 1.000000000000000888e-02 5.500000000000000444e-01 1.482805661625115727e-19 5.662051794207919784e+02
2.780000000000000000e+02 4.709999999999999964e+00 8.064000000000000000e+08 1.000000000000000000e+07 1.000000000000000888e-02 6.000000000000000888e-01 4.464156642326923691e-19 1.180601904529484727e+03
2.790000000000000000e+02 6.700000000000000400e-01 8.064000000000000000e+08 5.000000000000000000e+07 6.788688785174088469e-01 8.500000000000000888e-01 2.889108483056924046e-18 8.334576649428697692e+02
2.800000000000000000e+02 5.000000000000000000e-01 8.064000000000000000e+08 5.000000000000000000e+07 6.788688785174088469e-01 4.000000000000000222e-01 1.932097014195692032e-18 7.496251085811157964e+02
2.810000000000000000e+02 4.700000000000000178e+00 8.064000000000000000e+08 5.000000000000000000e+07 6.788688785174088469e-01 1.025000000000000133e+00 4.012935198842596951e-19 8.263155483044926086e+02
2.820000000000000000e+02 2.200000000000000178e+00 8.064000000000000000e+08 1.000000000000000000e+07 1.000000000000000888e-02 1.025000000000000133e+00 2.548766242226313285e-18 1.358338410371895634e+03
2.830000000000000000e+02 1.320000000000000062e+00 8.064000000000000000e+08 5.000000000000000000e+07 5.088127663727277650e-01 8.750000000000000000e-01 4.063451506745771250e-18 8.521438851894030222e+02
2.840000000000000000e+02 4.600000000000000200e-01 8.064000000000000000e+08 5.000000000000000000e+07 6.788688785174088469e-01 4.250000000000000444e-01 3.555274624036251685e-18 1.049823508567776116e+03
2.850000000000000000e+02 4.199999999999999845e-01 8.064000000000000000e+08 5.000000000000000000e+07 6.788688785174088469e-01 7.250000000000000888e-01 5.472674942407699725e-18 1.508027774842658573e+03
2.860000000000000000e+02 2.300000000000000266e+00 8.064000000000000000e+08 2.511900000000000000e+07 1.000000000000000888e-02 9.500000000000000666e-01 2.688629982185468950e-18 1.132842274337621120e+03
2.870000000000000000e+02 8.699999999999999956e-01 8.064000000000000000e+08 5.000000000000000000e+07 6.788688785174088469e-01 1.500000000000000000e+00 5.279007492422206678e-17 5.205242778446385273e+03
2.880000000000000000e+02 1.050000000000000044e+00 8.064000000000000000e+08 5.000000000000000000e+07 6.788688785174088469e-01 1.500000000000000000e+00 4.486145724317425866e-17 3.358756853145610876e+03
2.890000000000000000e+02 2.220000000000000195e+00 8.064000000000000000e+08 1.000000000000000000e+07 1.000000000000000888e-02 1.300000000000000044e+00 1.379676168680397408e-17 2.416923157326412365e+03
2.900000000000000000e+02 8.699999999999999956e-01 8.064000000000000000e+08 5.000000000000000000e+07 6.788688785174088469e-01 1.500000000000000000e+00 3.508593667219300574e-17 3.695287629484167155e+03
2.910000000000000000e+02 9.500000000000000666e-01 8.064000000000000000e+08 5.000000000000000000e+07 6.788688785174088469e-01 1.500000000000000000e+00 4.512890240672117136e-18 9.946763123754724347e+02
2.920000000000000000e+02 1.110000000000000098e+00 8.064000000000000000e+08 5.000000000000000000e+07 6.788688785174088469e-01 1.500000000000000000e+00 2.487159873503864864e-17 1.954782932090140548e+03
2.930000000000000000e+02 1.860000000000000098e+00 8.064000000000000000e+08 1.000000000000000000e+07 1.000000000000000888e-02 1.025000000000000133e+00 3.160809302156729240e-18 1.074574655536307091e+03
2.940000000000000000e+02 1.120000000000000107e+00 8.064000000000000000e+08 5.000000000000000000e+07 6.788688785174088469e-01 1.500000000000000000e+00 3.674124021875176260e-17 2.778057482958899982e+03
2.950000000000000000e+02 9.500000000000000666e-01 8.064000000000000000e+08 2.511900000000000000e+07 6.788688785174088469e-01 1.500000000000000000e+00 3.192395028007440891e-17 1.949090382135685331e+03
2.960000000000000000e+02 6.500000000000000222e-01 8.064000000000000000e+08 5.000000000000000000e+07 1.000000000000000888e-02 1.125000000000000000e+00 1.762301532260243902e-17 1.427457558598393689e+03
2.970000000000000000e+02 4.910000000000000142e+00 8.064000000000000000e+08 1.000000000000000000e+07 1.000000000000000888e-02 0.000000000000000000e+00 2.606738722533933481e-19 4.077728926410338318e+03
2.980000000000000000e+02 8.599999999999999867e-01 8.064000000000000000e+08 5.000000000000000000e+07 6.788688785174088469e-01 1.500000000000000000e+00 2.725241398681491105e-18 6.225668969316127459e+02
2.990000000000000000e+02 4.600000000000000200e-01 8.064000000000000000e+08 5.000000000000000000e+07 6.788688785174088469e-01 8.500000000000000888e-01 4.466863888012550491e-18 1.060882802066121940e+03
3.000000000000000000e+02 5.100000000000000089e-01 8.064000000000000000e+08 5.000000000000000000e+07 6.788688785174088469e-01 6.000000000000000888e-01 3.650056404318817356e-18 1.140978667802480913e+03
3.010000000000000000e+02 6.300000000000000044e-01 8.064000000000000000e+08 5.000000000000000000e+07 4.604591261423754966e-01 1.475000000000000089e+00 5.557936521187944434e-16 1.115911030764710995e+04
3.020000000000000000e+02 1.080000000000000071e+00 8.064000000000000000e+08 2.511900000000000000e+07 3.790426555198066483e-01 4.750000000000000333e-01 1.240881848421487781e-13 1.828142249781384766e+08
3.030000000000000000e+02 4.410000000000000142e+00 8.064000000000000000e+08 5.000000000000000000e+07 6.788688785174088469e-01 3.000000000000000444e-01 3.431988577612509952e-20 6.051902268029909919e+02
3.040000000000000000e+02 8.699999999999999956e-01 8.064000000000000000e+08 5.000000000000000000e+07 6.788688785174088469e-01 1.500000000000000000e+00 4.587210857219295472e-17 2.677407253284686249e+03
3.050000000000000000e+02 2.180000000000000160e+00 8.064000000000000000e+08 1.000000000000000000e+07 1.000000000000000888e-02 9.750000000000000888e-01 8.920960764566172597e-18 1.448973922570179866e+03
3.060000000000000000e+02 5.999999999999999778e-01 8.064000000000000000e+08 5.000000000000000000e+07 5.529118103851248245e-01 1.375000000000000000e+00 1.524998997968497356e-16 3.418452316829352640e+03
3.070000000000000000e+02 4.169999999999999929e+00 8.064000000000000000e+08 5.000000000000000000e+07 1.000000000000000888e-02 1.350000000000000089e+00 7.819431303990032208e-19 6.808421116905575445e+02
3.080000000000000000e+02 3.350000000000000089e+00 8.064000000000000000e+08 5.000000000000000000e+07 6.788688785174088469e-01 1.150000000000000133e+00 2.097692868712692524e-18 9.025029182327690478e+02
3.090000000000000000e+02 3.089999999999999858e+00 8.064000000000000000e+08 2.511900000000000000e+07 1.000000000000000888e-02 0.000000000000000000e+00 1.580853510199724094e-19 1.351259719837401281e+04
3.100000000000000000e+02 9.400000000000000577e-01 8.064000000000000000e+08 5.000000000000000000e+07 6.788688785174088469e-01 9.500000000000000666e-01 1.779512282741842737e-18 7.445948581359972422e+02
3.110000000000000000e+02 1.189999999999999947e+00 8.064000000000000000e+08 5.000000000000000000e+07 6.788688785174088469e-01 1.250000000000000000e+00 2.094392523159541779e-18 4.745519045441446906e+02
3.120000000000000000e+02 9.000000000000000222e-01 8.064000000000000000e+08 5.000000000000000000e+07 5.734841677598339071e-01 1.500000000000000000e+00 8.493348661335392869e-18 7.607561517446948756e+02
3.130000000000000000e+02 5.600000000000000533e-01 8.064000000000000000e+08 5.000000000000000000e+07 6.118928294465026951e-01 0.000000000000000000e+00 2.361895462828770152e-18 8.158620842216629399e+02
3.140000000000000000e+02 8.800000000000000044e-01 8.064000000000000000e+08 5.000000000000000000e+07 1.000000000000000888e-02 9.000000000000000222e-01 4.238667937527620321e-18 5.396713894664452482e+02
3.150000000000000000e+02 1.060000000000000053e+00 8.064000000000000000e+08 1.000000000000000000e+07 1.000000000000000888e-02 6.250000000000000000e-01 5.141635360688409113e-18 6.693232283915700691e+02
3.160000000000000000e+02 7.500000000000000000e-01 8.064000000000000000e+08 5.000000000000000000e+07 6.788688785174088469e-01 1.500000000000000000e+00 3.166476318371767676e-17 2.220046887136682471e+03
3.170000000000000000e+02 4.600000000000000200e-01 8.064000000000000000e+08 5.000000000000000000e+07 6.788688785174088469e-01 6.250000000000000000e-01 4.172756091614466538e-18 7.757394809591119156e+02
3.180000000000000000e+02 1.189999999999999947e+00 8.064000000000000000e+08 5.000000000000000000e+07 6.632631495474683447e-01 1.500000000000000000e+00 1.484809326807070889e-17 1.586923482533127981e+03
3.190000000000000000e+02 7.399999999999999911e-01 8.064000000000000000e+08 5.000000000000000000e+07 6.788688785174088469e-01 1.475000000000000089e+00 4.653121726918697286e-18 5.152261485687239428e+02
3.200000000000000000e+02 3.959999999999999964e+00 8.064000000000000000e+08 5.000000000000000000e+07 1.000000000000000888e-02 3.000000000000000444e-01 1.539433232408880901e-19 4.607252932794850722e+02
3.210000000000000000e+02 5.400000000000000355e-01 8.064000000000000000e+08 5.000000000000000000e+07 6.788688785174088469e-01 7.250000000000000888e-01 1.710789847613869292e-18 4.894232796056900270e+02
3.220000000000000000e+02 4.030000000000000249e+00 8.064000000000000000e+08 2.511900000000000000e+07 1.000000000000000888e-02 1.074999999999999956e+00 3.820407070068646824e-19 5.293751962692306279e+02
3.230000000000000000e+02 6.300000000000000044e-01 8.064000000000000000e+08 5.000000000000000000e+07 6.788688785174088469e-01 6.250000000000000000e-01 3.245275129254181637e-18 8.297204901475265615e+02
3.240000000000000000e+02 5.899999999999999689e-01 8.064000000000000000e+08 5.000000000000000000e+07 6.788688785174088469e-01 8.250000000000000666e-01 5.488509100964330744e-17 1.426078909524484880e+04
3.250000000000000000e+02 7.000000000000000666e-01 8.064000000000000000e+08 5.000000000000000000e+07 2.156717652757182968e-01 1.500000000000000000e+00 8.313646359993017224e-18 3.171822182922909406e+02
3.260000000000000000e+02 4.820000000000000284e+00 8.064000000000000000e+08 2.511900000000000000e+07 6.788688785174088469e-01 1.400000000000000133e+00 2.518074788892728990e-18 1.993615122348987825e+03
3.270000000000000000e+02 4.969999999999999751e+00 8.064000000000000000e+08 2.511900000000000000e+07 1.000000000000000888e-02 1.074999999999999956e+00 1.252465834417857387e-19 1.737146986514931541e+03
3.280000000000000000e+02 4.080000000000000071e+00 8.064000000000000000e+08 2.511900000000000000e+07 6.788688785174088469e-01 0.000000000000000000e+00 1.539776335288194403e-19 3.920681678539476707e+03
3.290000000000000000e+02 9.000000000000000222e-01 8.064000000000000000e+08 5.000000000000000000e+07 6.788688785174088469e-01 3.250000000000000111e-01 7.393657147664054627e-19 9.325844287013026133e+02
3.300000000000000000e+02 5.000000000000000000e-01 8.064000000000000000e+08 5.000000000000000000e+07 6.788688785174088469e-01 7.500000000000001110e-02 1.768868119568095476e-18 8.922104681890426718e+02
3.310000000000000000e+02 5.400000000000000355e-01 8.064000000000000000e+08 1.000000000000000000e+07 6.118928294465026951e-01 0.000000000000000000e+00 4.361334695593797790e-19 7.399304246402654144e+02
3.320000000000000000e+02 7.500000000000000000e-01 8.064000000000000000e+08 1.000000000000000000e+07 2.855640399250097827e-01 0.000000000000000000e+00 7.079678557830772685e-19 7.199772554282056944e+02
3.330000000000000000e+02 5.500000000000000444e-01 8.064000000000000000e+08 5.000000000000000000e+07 6.788688785174088469e-01 1.000000000000000056e-01 1.883793855991681244e-18 1.311267464995887849e+03
3.340000000000000000e+02 2.629999999999999893e+00 8.064000000000000000e+08 5.000000000000000000e+07 6.788688785174088469e-01 1.500000000000000000e+00 2.900957991657872871e-18 7.345415344784876197e+02
3.350000000000000000e+02 2.680000000000000160e+00 8.064000000000000000e+08 5.000000000000000000e+07 1.000000000000000888e-02 8.000000000000000444e-01 1.354603575326574015e-18 1.057134061027780263e+03
3.360000000000000000e+02 7.000000000000000666e-01 8.064000000000000000e+08 5.000000000000000000e+07 6.788688785174088469e-01 9.750000000000000888e-01 2.150276568374196120e-18 7.282361533477319426e+02
3.370000000000000000e+02 4.810000000000000497e+00 8.064000000000000000e+08 5.000000000000000000e+07 6.788688785174088469e-01 1.500000000000000222e-01 1.952730971006549396e-19 9.276622131459064349e+02
3.380000000000000000e+02 8.900000000000000133e-01 8.064000000000000000e+08 5.000000000000000000e+07 6.788688785174088469e-01 1.500000000000000000e+00 3.190076490843162295e-17 1.811947565543530800e+03
3.390000000000000000e+02 8.000000000000000444e-01 8.064000000000000000e+08 5.000000000000000000e+07 6.788688785174088469e-01 1.475000000000000089e+00 4.373380173333791974e-18 1.744148436265091505e+03
3.400000000000000000e+02 2.800000000000000266e-01 8.064000000000000000e+08 5.000000000000000000e+07 6.788688785174088469e-01 0.000000000000000000e+00 7.226826062253456340e-18 4.828448294417407851e+03
3.410000000000000000e+02 5.100000000000000089e-01 8.064000000000000000e+08 1.000000000000000000e+07 1.000000000000000888e-02 1.225000000000000089e+00 4.346644663746264706e-17 1.237888066011248839e+03
3.420000000000000000e+02 2.300000000000000266e+00 8.064000000000000000e+08 5.000000000000000000e+07 6.788688785174088469e-01 8.000000000000000444e-01 1.101804355852945069e-18 7.992681487457675757e+02
3.430000000000000000e+02 3.379999999999999893e+00 8.064000000000000000e+08 5.000000000000000000e+07 6.788688785174088469e-01 1.300000000000000044e+00 6.149854846765059078e-18 4.558031516041263785e+03
3.440000000000000000e+02 4.600000000000000200e-01 8.064000000000000000e+08 5.000000000000000000e+07 6.298106036794387519e-01 0.000000000000000000e+00 1.560558321422481021e-18 8.964352691766513317e+02
3.450000000000000000e+02 4.810000000000000497e+00 8.064000000000000000e+08 1.000000000000000000e+07 6.788688785174088469e-01 5.250000000000000222e-01 2.155546663132480481e-19 9.515580146232435936e+02
3.460000000000000000e+02 2.240000000000000213e+00 8.064000000000000000e+08 1.000000000000000000e+07 1.000000000000000888e-02 9.500000000000000666e-01 2.398630192277839193e-18 1.082382029352446352e+03
3.470000000000000000e+02 1.919999999999999929e+00 8.064000000000000000e+08 5.000000000000000000e+07 6.788688785174088469e-01 1.074999999999999956e+00 1.036269424747062041e-17 1.668152016638996884e+03
3.480000000000000000e+02 1.250000000000000000e+00 8.064000000000000000e+08 1.000000000000000000e+07 1.000000000000000888e-02 1.350000000000000089e+00 3.377674900469090441e-16 1.100964638605268556e+05
3.490000000000000000e+02 2.000000000000000042e-02 8.064000000000000000e+08 1.000000000000000000e+07 6.788688785174088469e-01 1.175000000000000044e+00 1.727701000117660643e-15 2.451649674806391122e+05
3.500000000000000000e+02 6.800000000000000488e-01 8.064000000000000000e+08 5.000000000000000000e+07 6.788688785174088469e-01 1.225000000000000089e+00 3.633927557708856858e-18 7.771592517888522025e+02
3.510000000000000000e+02 4.870000000000000107e+00 8.064000000000000000e+08 1.000000000000000000e+07 6.788688785174088469e-01 3.000000000000000444e-01 2.275484659546605210e-19 2.133941659293428529e+03
3.520000000000000000e+02 2.330000000000000071e+00 8.064000000000000000e+08 1.000000000000000000e+07 1.000000000000000888e-02 1.100000000000000089e+00 1.202515639021857292e-17 3.246880160449276445e+03
3.530000000000000000e+02 3.300000000000000155e-01 8.064000000000000000e+08 5.000000000000000000e+07 6.788688785174088469e-01 3.750000000000000000e-01 1.595612784505116098e-17 2.779246556638491256e+03
3.540000000000000000e+02 5.799999999999999600e-01 8.064000000000000000e+08 5.000000000000000000e+07 6.788688785174088469e-01 1.375000000000000000e+00 1.899348743725515591e-18 4.830904655262855840e+02
3.550000000000000000e+02 3.770000000000000018e+00 8.064000000000000000e+08 5.000000000000000000e+07 6.788688785174088469e-01 5.750000000000000666e-01 3.387356185916475256e-19 7.278653054581590141e+02
3.560000000000000000e+02 6.099999999999999867e-01 8.064000000000000000e+08 5.000000000000000000e+07 6.788688785174088469e-01 7.500000000000000000e-01 3.449655007910646544e-18 1.168072746402716120e+03
3.570000000000000000e+02 7.299999999999999822e-01 8.064000000000000000e+08 5.000000000000000000e+07 6.788688785174088469e-01 1.475000000000000089e+00 6.442928828958493970e-18 1.757728381844046453e+03
3.580000000000000000e+02 3.450000000000000178e+00 8.064000000000000000e+08 5.000000000000000000e+07 1.000000000000000888e-02 9.000000000000000222e-01 1.011329314808513813e-18 1.209880690470861509e+03
3.590000000000000000e+02 9.799999999999999822e-01 8.064000000000000000e+08 5.000000000000000000e+07 2.514224249708160164e-01 7.750000000000000222e-01 5.320191457877935264e-18 7.819393182485996476e+02
3.600000000000000000e+02 6.099999999999999867e-01 8.064000000000000000e+08 2.511900000000000000e+07 6.298106036794387519e-01 2.250000000000000056e-01 1.211004768423138990e-18 7.486991180162247019e+02
3.610000000000000000e+02 4.199999999999999845e-01 8.064000000000000000e+08 5.000000000000000000e+07 6.788688785174088469e-01 3.000000000000000444e-01 1.073297571466164195e-17 2.969764838206177956e+03
3.620000000000000000e+02 4.980000000000000426e+00 8.064000000000000000e+08 5.000000000000000000e+07 6.788688785174088469e-01 7.000000000000000666e-01 3.370599345610182723e-19 9.482908330968305108e+02
3.630000000000000000e+02 2.999999999999999889e-01 8.064000000000000000e+08 1.000000000000000000e+07 1.000000000000000888e-02 0.000000000000000000e+00 -2.868204271990800506e-16 4.430863532511908412e+08
3.640000000000000000e+02 4.450000000000000178e+00 8.064000000000000000e+08 5.000000000000000000e+07 6.788688785174088469e-01 1.500000000000000000e+00 2.435300698484714104e-19 6.630525352649873412e+02
3.650000000000000000e+02 8.499999999999999778e-01 8.064000000000000000e+08 5.000000000000000000e+07 6.788688785174088469e-01 1.500000000000000000e+00 2.325925795749989960e-17 1.671818469626740807e+03
3.660000000000000000e+02 7.800000000000000266e-01 8.064000000000000000e+08 5.000000000000000000e+07 6.788688785174088469e-01 1.500000000000000000e+00 2.927707296672537140e-17 2.015700945865389713e+03
3.670000000000000000e+02 5.200000000000000178e-01 8.064000000000000000e+08 5.000000000000000000e+07 6.469219452298986539e-01 9.000000000000000222e-01 2.353609423312462435e-18 6.449763950291177252e+02
3.680000000000000000e+02 1.060000000000000053e+00 8.064000000000000000e+08 5.000000000000000000e+07 6.788688785174088469e-01 1.500000000000000000e+00 7.751872990614960743e-17 9.567377658683584741e+03
3.690000000000000000e+02 9.300000000000000488e-01 8.064000000000000000e+08 5.000000000000000000e+07 6.788688785174088469e-01 1.500000000000000000e+00 1.087429855156950980e-16 1.732078436069403324e+04
3.700000000000000000e+02 5.600000000000000533e-01 8.064000000000000000e+08 5.000000000000000000e+07 6.788688785174088469e-01 1.074999999999999956e+00 1.700605665756573756e-18 4.180111720123953205e+02
3.710000000000000000e+02 4.620000000000000107e+00 8.064000000000000000e+08 5.000000000000000000e+07 1.000000000000000888e-02 5.750000000000000666e-01 1.125164131175017100e-19 1.380218178251059271e+03
3.720000000000000000e+02 2.010000000000000231e+00 8.064000000000000000e+08 1.000000000000000000e+07 1.000000000000000888e-02 9.000000000000000222e-01 1.339025877114740878e-17 2.066821598644449296e+03
3.730000000000000000e+02 3.300000000000000155e-01 8.064000000000000000e+08 1.000000000000000000e+07 1.000000000000000888e-02 0.000000000000000000e+00 -1.297917247961285082e-16 4.228313058969580531e+08
