# obj_no phot_z age_old age_new f_old_V EBV norm chi SFR stellar_mass
1.000000000000000000e+00 4.299999999999999933e-01 1.700000000000000000e+09 1.000000000000000000e+07 6.469219452298986539e-01 0.000000000000000000e+00 5.265732915111644518e-18 1.971362379783540973e+03 1.260903227235754820e-01 2.396264364260318875e+08
2.000000000000000000e+00 1.409999999999999920e+00 5.088000000000000000e+08 1.000000000000000000e+07 1.000000000000000000e+00 2.500000000000000000e-01 8.405369568696122060e-17 1.269779091268494994e+03 0.000000000000000000e+00 1.886535532125893021e+10
3.000000000000000000e+00 3.900000000000000133e-01 5.088000000000000000e+08 5.000000000000000000e+07 3.181690290810633703e-01 2.500000000000000000e-01 2.042247911707535847e-17 1.533176748807855574e+03 1.930099190476714799e-01 6.267608965741415322e+07
4.000000000000000000e+00 1.699999999999999956e+00 4.000000000000000000e+09 2.511900000000000000e+07 9.469042655519807061e-01 1.750000000000000167e-01 7.072587154141488993e-19 7.929863339693160924e+02 6.274354420579931757e-01 4.095176166032672119e+10
5.000000000000000000e+00 3.910000000000000142e+00 1.700000000000000000e+09 5.000000000000000000e+07 1.000000000000000888e-02 3.750000000000000000e-01 8.722696903235759619e-18 9.104617729715836276e+02 8.145987133836922567e+01 5.731578046512822151e+09
6.000000000000000000e+00 3.500000000000000333e-01 5.088000000000000000e+08 1.000000000000000000e+07 9.736921945229898290e-01 1.000000000000000056e-01 2.041977423713523990e-19 9.251377120213160197e+02 2.838744279925217370e-03 3.169047482448066771e+07
7.000000000000000000e+00 2.479999999999999982e+00 8.064000000000000000e+08 5.000000000000000000e+07 9.848811356849042076e-01 0.000000000000000000e+00 1.012555275449850823e-19 6.202835716001469564e+02 2.238203333322791866e-01 1.317099430123823929e+10
8.000000000000000000e+00 4.199999999999999845e-01 5.088000000000000000e+08 1.000000000000000000e+07 1.000000000000000000e+00 0.000000000000000000e+00 3.532671446975550740e-18 9.608398549264553594e+02 0.000000000000000000e+00 2.393561181378768384e+07
9.000000000000000000e+00 1.090000000000000080e+00 2.500000000000000000e+09 5.000000000000000000e+07 6.469219452298986539e-01 1.000000000000000000e+00 4.572955800498456779e-15 7.328189320112753194e+03 7.975103767948213545e+02 4.528194673473000977e+12
1.000000000000000000e+01 2.459999999999999964e+00 1.700000000000000000e+09 5.000000000000000000e+07 9.990352180385682068e-01 5.250000000000000222e-01 1.529526786256119799e-17 5.975265850145658987e+03 3.295859358343960821e+01 6.879545853473009375e+13
1.100000000000000000e+01 1.459999999999999964e+00 5.088000000000000000e+08 5.000000000000000000e+07 9.100000000000000311e-01 5.750000000000000666e-01 1.789962340723587520e-16 1.845881764622238961e+03 7.594377923122067386e+01 4.558777374515031738e+11
1.200000000000000000e+01 3.510000000000000231e+00 2.000000000000000000e+09 5.000000000000000000e+07 1.000000000000000888e-02 2.250000000000000056e-01 2.183739872463546186e-18 5.926483007738365814e+02 1.447622357916118929e+01 1.071185917120508432e+09
1.300000000000000000e+01 2.300000000000000266e+00 3.000000000000000000e+09 2.511900000000000000e+07 1.000000000000000888e-02 3.250000000000000111e-01 1.051048586369164753e-17 1.126333776489947923e+03 2.395902297287580041e+01 1.268695980600955248e+09
1.400000000000000000e+01 1.110000000000000098e+00 4.000000000000000000e+09 5.000000000000000000e+07 4.345600626628430829e-01 1.000000000000000000e+00 1.761281778685658504e-15 2.236603280506922601e+03 3.244371797146625340e+02 1.208415573408306152e+12
1.500000000000000000e+01 4.980000000000000426e+00 1.139100030000000000e+09 1.000000000000000000e+07 1.000000000000000000e+00 0.000000000000000000e+00 6.607716083587020085e-16 8.641538834722161937e+02 0.000000000000000000e+00 1.510546360437991016e+13
1.600000000000000000e+01 3.580000000000000071e+00 2.000000000000000000e+09 5.000000000000000000e+07 1.000000000000000888e-02 3.750000000000000000e-01 2.033770773465162612e-17 1.409651823877212337e+03 1.435397157420727012e+02 1.062139730086281204e+10
1.700000000000000000e+01 1.040000000000000036e+00 1.139100030000000000e+09 1.000000000000000000e+07 1.000000000000000000e+00 1.750000000000000167e-01 3.517907586082575756e-16 4.152466894262688584e+03 0.000000000000000000e+00 6.041458944377903748e+10
1.800000000000000000e+01 3.200000000000000067e-01 8.064000000000000000e+08 1.000000000000000000e+07 8.781743261443593074e-01 0.000000000000000000e+00 3.131707214088606807e-18 3.163810928775550565e+03 3.453642945145802418e-02 1.153607740372462124e+08
1.900000000000000000e+01 3.189999999999999947e+00 2.000000000000000000e+09 5.000000000000000000e+07 1.000000000000000888e-02 3.500000000000000333e-01 1.676414537001641209e-17 2.059135693595796965e+03 8.207537096199376947e+01 6.073267730092875481e+09
2.000000000000000000e+01 2.580000000000000071e+00 2.500000000000000000e+09 5.000000000000000000e+07 9.909453928203675321e-01 0.000000000000000000e+00 1.092218544564426096e-19 5.223808376151955599e+02 2.734440779986076486e-01 9.193469779063172913e+10
2.100000000000000000e+01 3.890000000000000124e+00 5.088000000000000000e+08 5.000000000000000000e+07 9.870913234723223129e-01 4.250000000000000444e-01 1.057536259162843064e-16 6.085803303671155845e+03 9.716516506120445911e+02 4.379182203514803125e+13
2.200000000000000000e+01 7.500000000000000000e-01 5.088000000000000000e+08 1.000000000000000000e+07 1.000000000000000000e+00 3.000000000000000444e-01 2.166290445708919368e-17 1.156735774718404627e+03 0.000000000000000000e+00 7.376756436294510365e+08
2.300000000000000000e+01 5.000000000000000000e-01 5.088000000000000000e+08 1.000000000000000000e+07 9.926219917125062020e-01 3.000000000000000444e-01 2.190550406445315211e-19 1.110211650828133543e+03 7.895437477522899636e-03 3.201874182627583742e+08
2.400000000000000000e+01 1.260000000000000009e+00 1.139100030000000000e+09 2.511900000000000000e+07 9.955456022925407433e-01 1.250000000000000000e-01 4.815247821432247244e-19 1.634309998764335887e+03 1.701514017118757327e-01 3.299211580156718826e+10
2.500000000000000000e+01 4.000000000000000222e-01 8.064000000000000000e+08 1.000000000000000000e+07 9.870913234723223129e-01 0.000000000000000000e+00 6.427185933184263805e-20 8.853493481226568065e+02 1.268997269126620952e-03 4.484312826844070852e+07
2.600000000000000000e+01 3.479999999999999982e+00 8.064000000000000000e+08 5.000000000000000000e+07 9.575192539750227994e-01 7.500000000000001110e-02 3.922397021374890196e-19 7.392795101724486813e+02 2.530336041479993803e+00 5.160417615891498566e+10
2.700000000000000000e+01 4.360000000000000320e+00 5.088000000000000000e+08 5.000000000000000000e+07 9.663484167759833765e-01 2.500000000000000139e-02 8.972435268627571163e-19 2.232209793429457022e+03 1.184810458360831120e+01 2.009020450042119141e+11
2.800000000000000000e+01 1.040000000000000036e+00 1.434000000000000000e+09 5.000000000000000000e+07 9.187989160644089992e-01 3.500000000000000333e-01 6.328350998698242581e-18 1.351329809055623173e+03 9.586030507858381844e-01 1.831869664446300507e+10
2.900000000000000000e+01 4.540000000000000036e+00 5.088000000000000000e+08 1.000000000000000000e+07 7.345771296661833816e-01 7.500000000000000000e-01 4.341558340428503121e-16 4.777890445299246494e+04 1.273933655730055034e+04 1.075222549988241602e+13
3.000000000000000000e+01 3.609999999999999876e+00 2.000000000000000000e+09 1.000000000000000000e+07 1.000000000000000888e-02 3.750000000000000000e-01 6.121092760589553040e-18 9.723444862804238937e+02 8.666653795670691807e+01 1.931165880653120041e+09
3.100000000000000000e+01 3.180000000000000160e+00 5.088000000000000000e+08 5.000000000000000000e+07 9.870913234723223129e-01 0.000000000000000000e+00 1.126537840266711873e-19 1.246009959243092226e+03 5.460823489012731624e-01 2.461164042129372787e+10
3.200000000000000000e+01 2.919999999999999929e+00 2.000000000000000000e+09 1.000000000000000000e+07 9.824577129666183239e-01 1.000000000000000000e+00 6.177269246207604475e-15 1.785016934964957727e+03 4.466084626028397906e+04 3.041921379177530000e+15
3.300000000000000000e+01 3.290000000000000036e+00 2.000000000000000000e+09 1.000000000000000000e+07 1.000000000000000888e-02 4.750000000000000333e-01 1.741556809843307018e-17 1.110245009396589239e+03 1.836929318022561120e+02 4.093177491304242134e+09
3.400000000000000000e+01 6.140000000000000568e+00 1.139100030000000000e+09 1.000000000000000000e+07 1.000000000000000888e-02 4.000000000000000222e-01 -2.197555539999059619e-18 5.922442532366380874e+02 -1.687200309142906463e+02 -2.676190712452959061e+09
3.500000000000000000e+01 1.060000000000000053e+00 2.000000000000000000e+09 1.000000000000000000e+07 1.000000000000000000e+00 2.000000000000000111e-01 3.871456321544670780e-16 3.901619865617628875e+03 0.000000000000000000e+00 1.474999503988410034e+11
3.600000000000000000e+01 4.280000000000000249e+00 5.088000000000000000e+08 5.000000000000000000e+07 9.798004827959798657e-01 0.000000000000000000e+00 1.007215171934350739e-19 8.008307109253465796e+02 1.253926911362461150e+00 3.587181365939727020e+10
3.700000000000000000e+01 5.899999999999999689e-01 8.064000000000000000e+08 2.511900000000000000e+07 9.003521803856815442e-01 7.000000000000000666e-01 6.599252822339069055e-17 3.510487052104723261e+03 2.400313559982201639e+00 1.503763929579350090e+10
3.800000000000000000e+01 1.820000000000000062e+00 3.000000000000000000e+09 1.000000000000000000e+07 1.000000000000000888e-02 3.500000000000000333e-01 2.355881575333425099e-17 1.158127171287278998e+03 3.861334427914012934e+01 1.105124434273434639e+09
3.900000000000000000e+01 3.570000000000000284e+00 2.000000000000000000e+09 1.000000000000000000e+07 1.000000000000000888e-02 3.000000000000000444e-01 5.633160901544063048e-18 1.528416580863983427e+03 7.698658211784699290e+01 1.715470170602103710e+09
4.000000000000000000e+01 2.000000000000000111e-01 2.000000000000000000e+09 1.000000000000000000e+07 9.100000000000000311e-01 0.000000000000000000e+00 8.649695481303055704e-19 1.502765543957769523e+03 2.969074325053842715e-03 3.653445674034997821e+07
4.100000000000000000e+01 3.099999999999999978e-01 8.064000000000000000e+08 1.000000000000000000e+07 8.781743261443593074e-01 0.000000000000000000e+00 3.876879892175907158e-18 2.867950266225478572e+03 3.941495815604261627e-02 1.316563453068478853e+08
4.200000000000000000e+01 3.570000000000000284e+00 2.000000000000000000e+09 5.000000000000000000e+07 1.000000000000000888e-02 5.000000000000000000e-01 2.950540136144106115e-17 1.144862586530581666e+03 2.064029409648670139e+02 1.527303874555331039e+10
4.300000000000000000e+01 3.580000000000000071e+00 2.000000000000000000e+09 1.000000000000000000e+07 1.000000000000000888e-02 4.500000000000000111e-01 1.648199227612635686e-17 1.521546549254162983e+03 2.272627798853549734e+02 5.064032056711614609e+09
4.400000000000000000e+01 5.300000000000000266e-01 5.088000000000000000e+08 1.000000000000000000e+07 7.080048279597983552e-01 5.000000000000000000e-01 3.423955354034047735e-17 1.854268870106927352e+03 1.448777171926588947e+00 1.073103512184386969e+09
4.500000000000000000e+01 3.390000000000000124e+00 2.000000000000000000e+09 5.000000000000000000e+07 1.000000000000000888e-02 2.750000000000000222e-01 5.201684114331156299e-18 9.599782628214830993e+02 3.087992931267617891e+01 2.284998240081906319e+09
4.600000000000000000e+01 8.000000000000000444e-01 4.000000000000000000e+09 2.511900000000000000e+07 9.798916064409035620e-02 5.250000000000000222e-01 1.273434956589069931e-16 1.884764390030293953e+03 1.161013344969885885e+01 4.905803134401396751e+09
4.700000000000000000e+01 3.400000000000000244e-01 5.088000000000000000e+08 1.000000000000000000e+07 1.000000000000000000e+00 1.250000000000000000e-01 1.608069102778951822e-17 1.137349881888846539e+03 0.000000000000000000e+00 6.248499286632853746e+07
4.800000000000000000e+01 3.470000000000000195e+00 2.000000000000000000e+09 5.000000000000000000e+07 1.000000000000000888e-02 4.500000000000000111e-01 3.479834405937048605e-17 1.090515581506945864e+03 2.224438265949837046e+02 1.646000375000769234e+10
4.900000000000000000e+01 2.500000000000000000e+00 5.088000000000000000e+08 1.000000000000000000e+07 9.524560062662843496e-01 1.500000000000000222e-01 3.023124324969447960e-18 2.810325247329506510e+03 1.338962115277919196e+01 8.096783822714944458e+10
5.000000000000000000e+01 2.620000000000000107e+00 5.088000000000000000e+08 1.000000000000000000e+07 9.701892829446502331e-01 0.000000000000000000e+00 4.784497283955098868e-19 2.024393145129419963e+03 2.456443907896293410e+00 2.411624557628495026e+10
5.100000000000000000e+01 1.620000000000000107e+00 5.088000000000000000e+08 5.000000000000000000e+07 9.824577129666183239e-01 4.750000000000000333e-01 1.123884887661750119e-17 1.470382956682602526e+03 6.570873047302179693e+00 2.169869094848476562e+11
5.200000000000000000e+01 2.540000000000000036e+00 5.088000000000000000e+08 2.511900000000000000e+07 9.955456022925407433e-01 1.250000000000000000e-01 8.968452521543728742e-20 8.878443437331983432e+02 2.793551030964466220e-01 2.813188943695513916e+10
5.300000000000000000e+01 3.300000000000000155e-01 5.088000000000000000e+08 1.000000000000000000e+07 1.000000000000000000e+00 2.000000000000000111e-01 1.461467660774463739e-17 1.029494078066190013e+03 0.000000000000000000e+00 5.257142257359693944e+07
5.400000000000000000e+01 6.800000000000000488e-01 5.088000000000000000e+08 1.000000000000000000e+07 6.788688785174088469e-01 0.000000000000000000e+00 5.125682241679183960e-19 8.590751051685351740e+02 4.370047748403300264e-02 2.827679063250700012e+07
5.500000000000000000e+01 2.540000000000000036e+00 5.088000000000000000e+08 2.511900000000000000e+07 9.663484167759833765e-01 3.500000000000000333e-01 4.403155322197123360e-17 1.136921015394774076e+04 1.371523020306204614e+02 1.777606509310388184e+12
5.600000000000000000e+01 1.409999999999999920e+00 1.139100030000000000e+09 5.000000000000000000e+07 9.701892829446502331e-01 6.750000000000000444e-01 2.421333903248504389e-17 8.883801382433241542e+02 9.230774169743071411e+00 3.410510981344882202e+11
5.700000000000000000e+01 2.109999999999999876e+00 3.000000000000000000e+09 1.000000000000000000e+07 1.000000000000000888e-02 3.500000000000000333e-01 3.882257061900116355e-17 1.876062482310686846e+03 9.945693761706657199e+01 2.846484653700568199e+09
5.800000000000000000e+01 2.149999999999999911e+00 3.000000000000000000e+09 2.511900000000000000e+07 1.000000000000000888e-02 3.250000000000000111e-01 6.474575285716238656e-18 2.586023954323207363e+03 1.194482673712088072e+01 6.325113376917101145e+08
5.900000000000000000e+01 2.530000000000000249e+00 5.088000000000000000e+08 5.000000000000000000e+07 9.798004827959798657e-01 0.000000000000000000e+00 3.347129018729122888e-19 2.361671757840432747e+03 7.878649629975366109e-01 2.253890947336569595e+10
6.000000000000000000e+01 1.340000000000000080e+00 5.088000000000000000e+08 5.000000000000000000e+07 7.345771296661833816e-01 6.500000000000000222e-01 5.794440221423284639e-16 6.848492914322828256e+03 1.890125569610095511e+02 3.174249100723960571e+11
6.100000000000000000e+01 1.890000000000000124e+00 5.088000000000000000e+08 2.511900000000000000e+07 9.701892829446502331e-01 0.000000000000000000e+00 1.266822626084328605e-19 4.922919096813965893e+02 1.562256862773290511e-01 2.294255350558055878e+09
6.200000000000000000e+01 3.099999999999999978e-01 5.088000000000000000e+08 5.000000000000000000e+07 6.118928294465026951e-01 3.500000000000000333e-01 1.014199486468116514e-17 6.254862357193940170e+02 5.277807927225971335e-02 5.162829164243917912e+07
6.300000000000000000e+01 1.660000000000000142e+00 8.064000000000000000e+08 2.511900000000000000e+07 9.701892829446502331e-01 4.250000000000000444e-01 1.211237310534929669e-17 1.162433790109029360e+03 9.981052666693033260e+00 2.245782863569459839e+11
6.400000000000000000e+01 2.379999999999999893e+00 3.000000000000000000e+09 1.000000000000000000e+07 9.909453928203675321e-01 9.750000000000000888e-01 9.143927839853420037e-16 1.956425759414935328e+03 3.423552420817165967e+03 6.907165209884272500e+14
6.500000000000000000e+01 3.459999999999999964e+00 2.000000000000000000e+09 1.000000000000000000e+07 1.000000000000000888e-02 2.500000000000000000e-01 3.004206429957928919e-18 1.291884131441432828e+03 3.717611095986598002e+01 8.283847347973102331e+08
6.600000000000000000e+01 2.419999999999999929e+00 5.088000000000000000e+08 5.000000000000000000e+07 9.701892829446502331e-01 1.250000000000000000e-01 2.067257512649202533e-18 1.991978161862773050e+03 4.230615157162930906e+00 8.127259558974919128e+10
6.700000000000000000e+01 3.310000000000000053e+00 2.000000000000000000e+09 1.000000000000000000e+07 9.891070386914596613e-01 1.000000000000000056e-01 1.991208650721382801e-19 7.901827182372652487e+02 2.140988477759267816e+00 2.364180381761733398e+11
6.800000000000000000e+01 1.060000000000000053e+00 1.700000000000000000e+09 2.511900000000000000e+07 9.909453928203675321e-01 2.500000000000000000e-01 2.441740648633677493e-18 2.008311508701912544e+03 5.118018476315823184e-01 8.639979370731855774e+10
6.900000000000000000e+01 2.350000000000000089e+00 5.088000000000000000e+08 1.000000000000000000e+07 7.345771296661833816e-01 3.500000000000000333e-01 6.583132386781520740e-14 2.204602290896505862e+07 2.399982626960614871e+05 2.025627809172881250e+14
7.000000000000000000e+01 1.719999999999999973e+00 4.000000000000000000e+09 2.511900000000000000e+07 1.000000000000000888e-02 3.750000000000000000e-01 3.313889969850575226e-13 1.992201568140313774e+07 3.048481558173511294e+05 1.892266524273542969e+13
7.100000000000000000e+01 3.950000000000000178e+00 5.088000000000000000e+08 1.000000000000000000e+07 1.782362288973291520e-01 2.500000000000000000e-01 1.904746042343438598e-18 9.202715736263876352e+02 3.589443983667442239e+01 2.705076050695211887e+09
7.200000000000000000e+01 2.999999999999999889e-01 8.064000000000000000e+08 1.000000000000000000e+07 6.788688785174088469e-01 0.000000000000000000e+00 1.066990875664337218e-18 1.104045754181273196e+03 9.977812353468630199e-03 9.844636166206248105e+06
7.300000000000000000e+01 2.760000000000000231e+00 2.500000000000000000e+09 1.000000000000000000e+07 9.768868878517409371e-01 0.000000000000000000e+00 8.683698326214080789e-20 3.965892078566339933e+03 5.254226031305612166e-01 3.492027518130267334e+10
7.400000000000000000e+01 3.839999999999999858e+00 5.088000000000000000e+08 1.000000000000000000e+07 9.469042655519807061e-01 3.000000000000000444e-01 7.524513333651206924e-19 4.749534479144373904e+02 1.296253398373311860e+01 6.979429029948876953e+10
7.500000000000000000e+01 3.500000000000000333e-01 8.064000000000000000e+08 1.000000000000000000e+07 1.000000000000000000e+00 1.000000000000000056e-01 5.959694220818628485e-18 1.520375862665092200e+03 0.000000000000000000e+00 3.827683275704867393e+07
7.600000000000000000e+01 6.400000000000000133e-01 5.088000000000000000e+08 2.511900000000000000e+07 9.621369907677361777e-01 1.000000000000000056e-01 3.495610266744064607e-19 1.116873143461664540e+03 1.677748094712838700e-02 1.924696689449158609e+08
7.700000000000000000e+01 2.459999999999999964e+00 2.500000000000000000e+09 1.000000000000000000e+07 9.955456022925407433e-01 3.250000000000000111e-01 8.980656194244937169e-18 1.154883728657430765e+04 3.780664881645101616e+01 1.328527082153079297e+13
7.800000000000000000e+01 3.350000000000000089e+00 8.064000000000000000e+08 5.000000000000000000e+07 8.515106807538886935e-01 0.000000000000000000e+00 3.278894045411935955e-19 2.885809415716196327e+03 1.874625299303033898e+00 9.796475131243925095e+09
7.900000000000000000e+01 4.799999999999999822e-01 5.088000000000000000e+08 5.000000000000000000e+07 7.080048279597983552e-01 2.500000000000000139e-02 1.122782357586118196e-18 9.189283164764673302e+02 1.852752774962225166e-02 2.737498036446797103e+07
8.000000000000000000e+01 5.700000000000000622e-01 3.000000000000000000e+09 1.000000000000000000e+07 1.000000000000000888e-02 3.250000000000000111e-01 5.437328405133071254e-17 1.376219417736258038e+03 2.816001725795992616e+00 8.059473667020620406e+07
8.100000000000000000e+01 1.090000000000000080e+00 1.434000000000000000e+09 5.000000000000000000e+07 6.788688785174088469e-01 5.250000000000000222e-01 4.202541022771978988e-17 6.441247166482669400e+02 7.329111018744703721e+00 2.646486959312186813e+10
8.200000000000000000e+01 2.620000000000000107e+00 5.088000000000000000e+08 1.000000000000000000e+07 9.268236228897329676e-01 2.250000000000000056e-01 3.822398255577303089e-18 1.185361722879551962e+03 1.962485576061287063e+01 7.510091393661793518e+10
8.300000000000000000e+01 4.780000000000000249e+00 1.434000000000000000e+09 1.000000000000000000e+07 1.000000000000000000e+00 1.500000000000000222e-01 3.806170322037393447e-15 7.665297944990044243e+02 0.000000000000000000e+00 1.134557947452078594e+14
8.400000000000000000e+01 5.700000000000000622e-01 5.088000000000000000e+08 5.000000000000000000e+07 8.781743261443593074e-01 5.000000000000000278e-02 1.238881261229757691e-18 1.093200498652029864e+03 3.284191764703603411e-02 1.410203931339228749e+08
8.500000000000000000e+01 2.169999999999999929e+00 5.088000000000000000e+08 1.000000000000000000e+07 9.891070386914596613e-01 0.000000000000000000e+00 1.647195499309558513e-19 9.920594337193379033e+02 4.676279494336892384e-01 1.280066934948952484e+10
8.600000000000000000e+01 9.400000000000000577e-01 8.064000000000000000e+08 2.511900000000000000e+07 8.194539282036752414e-01 0.000000000000000000e+00 7.066765200348746841e-19 1.222019720766672663e+03 1.035139819508203302e-01 3.270576334084234834e+08
8.700000000000000000e+01 1.929999999999999938e+00 5.088000000000000000e+08 5.000000000000000000e+07 8.362199171250624952e-01 2.750000000000000222e-01 1.928933130538036981e-18 5.710381057647153966e+02 1.942902492685278260e+00 5.937445165918531418e+09
8.800000000000000000e+01 2.629999999999999893e+00 2.500000000000000000e+09 5.000000000000000000e+07 9.968174326144358943e-01 2.250000000000000056e-01 4.873894095764319410e-19 8.349552641867302327e+02 1.296328271690019074e+00 1.247216390589706299e+12
8.900000000000000000e+01 3.810000000000000053e+00 1.700000000000000000e+09 1.000000000000000000e+07 1.000000000000000888e-02 1.250000000000000000e-01 2.027113732717001717e-19 5.900338009475267427e+02 3.406181372637568927e+00 6.956056843844653666e+07
9.000000000000000000e+01 1.929999999999999938e+00 3.000000000000000000e+09 2.511900000000000000e+07 2.514224249708160164e-01 3.500000000000000333e-01 6.864363500706723565e-17 5.040911633221524426e+03 9.036433508206764031e+01 8.590158760687763977e+10
9.100000000000000000e+01 2.510000000000000231e+00 5.088000000000000000e+08 1.000000000000000000e+07 9.870913234723223129e-01 0.000000000000000000e+00 1.267998660041896247e-19 1.074498211346423432e+03 5.687096808874544385e-01 1.311085054518246651e+10
9.200000000000000000e+01 1.090000000000000080e+00 2.500000000000000000e+09 1.000000000000000000e+07 1.000000000000000000e+00 2.250000000000000056e-01 4.131842385905655577e-17 5.159708837341992876e+03 0.000000000000000000e+00 2.213346026599045563e+10
9.300000000000000000e+01 1.110000000000000098e+00 4.000000000000000000e+09 5.000000000000000000e+07 5.313699076773616969e-01 7.750000000000000222e-01 1.032978954371961668e-15 2.948757851213300455e+03 1.902800464506782419e+02 1.041117749941100220e+12
9.400000000000000000e+01 4.950000000000000178e+00 1.139100030000000000e+09 5.000000000000000000e+07 1.000000000000000888e-02 0.000000000000000000e+00 1.351816280245188083e-19 2.859596419256159606e+03 2.673823925731915629e+00 1.643113075701784492e+08
9.500000000000000000e+01 1.030000000000000027e+00 2.500000000000000000e+09 5.000000000000000000e+07 5.313699076773616969e-01 8.500000000000000888e-01 1.725489678747091685e-15 3.614714863781032363e+03 2.539231105040858552e+02 8.970686824849022217e+11
9.600000000000000000e+01 1.700000000000000122e-01 8.064000000000000000e+08 1.000000000000000000e+07 1.000000000000000000e+00 2.000000000000000111e-01 2.602859779290249255e-17 1.413129303611853175e+03 0.000000000000000000e+00 2.803921377820562944e+07
9.700000000000000000e+01 4.100000000000000311e-01 8.064000000000000000e+08 1.000000000000000000e+07 1.000000000000000000e+00 1.250000000000000000e-01 7.187086346218055095e-18 7.377772825803224350e+02 0.000000000000000000e+00 7.000602149218866229e+07
9.800000000000000000e+01 1.989999999999999991e+00 5.088000000000000000e+08 5.000000000000000000e+07 9.100000000000000311e-01 2.750000000000000222e-01 3.818429911743452590e-18 8.069975770872422345e+02 4.231767053640770548e+00 2.540258608887456894e+10
9.900000000000000000e+01 1.890000000000000124e+00 3.000000000000000000e+09 2.511900000000000000e+07 7.345771296661833816e-01 3.000000000000000444e-01 3.466243694782237951e-17 4.187464808512298987e+03 4.274602370306675425e+01 3.270617180274622192e+11
1.000000000000000000e+02 4.120000000000000107e+00 5.088000000000000000e+08 5.000000000000000000e+07 8.194539282036752414e-01 1.750000000000000167e-01 1.514968590841793881e-18 9.166095582375785398e+02 1.670801617105460934e+01 4.548176705305557251e+10
1.010000000000000000e+02 3.400000000000000244e-01 5.088000000000000000e+08 1.000000000000000000e+07 1.000000000000000000e+00 5.000000000000000278e-02 1.761639009158914540e-17 1.547721266988070056e+03 0.000000000000000000e+00 6.845228275956253707e+07
1.020000000000000000e+02 1.090000000000000080e+00 2.500000000000000000e+09 5.000000000000000000e+07 6.118928294465026951e-01 1.000000000000000000e+00 1.791402714115885506e-15 2.159621145401860304e+03 3.124154957653646534e+02 1.528563522297218506e+12
1.030000000000000000e+02 2.099999999999999922e-01 3.000000000000000000e+09 1.000000000000000000e+07 1.000000000000000000e+00 7.500000000000001110e-02 1.421011258361025073e-16 7.802680288565712544e+03 0.000000000000000000e+00 1.011448299133603454e+09
1.040000000000000000e+02 2.649999999999999911e+00 5.088000000000000000e+08 1.000000000000000000e+07 9.909453928203675321e-01 5.000000000000000278e-02 8.023661847305006586e-20 7.142331207625513798e+02 4.270081840748055635e-01 1.408718359765517807e+10
1.050000000000000000e+02 2.500000000000000000e+00 5.088000000000000000e+08 2.511900000000000000e+07 9.824577129666183239e-01 2.750000000000000222e-01 1.888696681822798975e-18 9.715105573314854155e+02 5.596144514096014433e+00 1.413222532602161865e+11
1.060000000000000000e+02 3.570000000000000284e+00 2.000000000000000000e+09 5.000000000000000000e+07 1.000000000000000888e-02 4.000000000000000222e-01 2.456966108831073049e-17 1.426943036732281826e+03 1.718753202172914598e+02 1.271812510428279495e+10
1.070000000000000000e+02 2.510000000000000231e+00 5.088000000000000000e+08 1.000000000000000000e+07 9.941510680753888884e-01 0.000000000000000000e+00 2.240131730803634065e-20 7.182156206445507678e+02 1.004720779223143429e-01 5.147332045895502090e+09
1.080000000000000000e+02 6.099999999999999867e-01 5.088000000000000000e+08 1.000000000000000000e+07 6.118928294465026951e-01 0.000000000000000000e+00 4.575637579736054953e-19 5.796471619238357107e+02 2.866219269570324454e-02 1.390449597431802563e+07
1.090000000000000000e+02 4.600000000000000200e-01 5.088000000000000000e+08 5.000000000000000000e+07 2.514224249708160164e-01 4.250000000000000444e-01 3.104527632709084071e-17 1.180363142120281282e+03 4.563571413848097613e-01 1.130573781871632934e+08
1.100000000000000000e+02 2.439999999999999947e+00 8.064000000000000000e+08 1.000000000000000000e+07 9.870913234723223129e-01 0.000000000000000000e+00 3.023153251711865357e-19 1.261115750345487641e+03 1.240404839735948173e+00 4.383274470823436737e+10
1.110000000000000000e+02 3.570000000000000284e+00 2.000000000000000000e+09 5.000000000000000000e+07 1.000000000000000888e-02 3.000000000000000444e-01 8.520045706629151318e-18 1.320490737976155970e+03 5.960137499778298320e+01 4.410276837016281128e+09
1.120000000000000000e+02 5.700000000000000622e-01 5.088000000000000000e+08 1.000000000000000000e+07 1.000000000000000888e-02 3.750000000000000000e-01 4.299728205300771915e-17 1.179974977978583183e+03 2.226836627184439976e+00 2.904680017902936414e+07
1.130000000000000000e+02 4.600000000000000200e-01 5.088000000000000000e+08 1.000000000000000000e+07 1.000000000000000000e+00 7.500000000000001110e-02 9.485505791282963936e-18 6.690802761755951451e+02 0.000000000000000000e+00 8.209081129419611394e+07
1.140000000000000000e+02 2.260000000000000231e+00 5.088000000000000000e+08 1.000000000000000000e+07 8.897735565382587364e-01 3.750000000000000000e-01 1.990951059898803414e-17 1.548889597713771536e+03 6.420520839625365284e+01 1.568273550043063354e+11
1.150000000000000000e+02 4.299999999999999933e-01 8.064000000000000000e+08 1.000000000000000000e+07 1.000000000000000000e+00 7.500000000000001110e-02 5.926480033490819861e-18 8.416667205935162883e+02 0.000000000000000000e+00 6.556264040405830741e+07
1.160000000000000000e+02 4.299999999999999933e-01 5.088000000000000000e+08 1.000000000000000000e+07 1.000000000000000000e+00 2.500000000000000000e-01 4.142400868854029911e-17 1.464209187499657901e+03 0.000000000000000000e+00 2.989174423136771321e+08
1.170000000000000000e+02 2.459999999999999964e+00 2.500000000000000000e+09 5.000000000000000000e+07 9.955456022925407433e-01 4.750000000000000333e-01 1.393547544454310295e-17 2.015888865047009631e+03 3.002848173015190625e+01 2.061595239148046875e+13
1.180000000000000000e+02 2.999999999999999889e-02 1.139100030000000000e+09 1.000000000000000000e+07 1.000000000000000000e+00 0.000000000000000000e+00 1.296387164337670835e-17 1.393797379453345684e+03 0.000000000000000000e+00 3.973215894161032629e+05
1.190000000000000000e+02 4.200000000000000178e+00 5.088000000000000000e+08 2.511900000000000000e+07 9.736921945229898290e-01 2.500000000000000139e-02 1.756831337097186790e-19 8.972226325535776823e+02 2.692009333648814007e+00 4.494995217417785645e+10
1.200000000000000000e+02 3.390000000000000124e+00 2.000000000000000000e+09 1.000000000000000000e+07 1.000000000000000888e-02 3.250000000000000111e-01 4.254853706958283217e-18 1.068395585292378428e+03 4.934753724728495428e+01 1.099597174099889040e+09
1.210000000000000000e+02 3.800000000000000044e-01 5.088000000000000000e+08 1.000000000000000000e+07 8.654560229254073533e-01 0.000000000000000000e+00 1.816864256201092345e-18 2.675266102583717839e+03 3.132409956421770142e-02 6.103376959684671462e+07
1.220000000000000000e+02 2.530000000000000249e+00 5.088000000000000000e+08 5.000000000000000000e+07 9.798004827959798657e-01 5.000000000000000000e-01 4.900507835555857006e-18 7.391679379112256356e+02 1.153507499389826307e+01 3.299905735962650757e+11
1.230000000000000000e+02 3.320000000000000284e+00 1.434000000000000000e+09 2.511900000000000000e+07 9.870913234723223129e-01 5.000000000000000278e-02 2.915732795862257601e-19 2.078777051771568949e+03 2.117446972648802106e+00 2.087349627804075317e+11
1.240000000000000000e+02 3.080000000000000071e+00 2.000000000000000000e+09 1.000000000000000000e+07 1.000000000000000888e-02 3.000000000000000444e-01 7.967128757060572406e-18 2.667509410356837179e+03 6.819062564858134579e+01 1.519472367740274668e+09
1.250000000000000000e+02 4.790000000000000036e+00 8.064000000000000000e+08 1.000000000000000000e+07 9.990352180385682068e-01 2.500000000000000139e-02 2.263467492181142843e-19 2.336947495242804507e+03 7.877567719377177369e+00 3.768682298360684082e+12
1.260000000000000000e+02 4.100000000000000311e-01 5.088000000000000000e+08 1.000000000000000000e+07 9.941510680753888884e-01 0.000000000000000000e+00 3.212467387910722536e-20 9.537190367997089879e+02 6.773054667000101342e-04 3.469935334970191121e+07
1.270000000000000000e+02 1.840000000000000080e+00 3.000000000000000000e+09 1.000000000000000000e+07 1.000000000000000888e-02 4.000000000000000222e-01 5.292847937791230867e-17 1.912491347612442496e+03 8.975200996103070850e+01 2.568726979876514912e+09
1.280000000000000000e+02 1.110000000000000098e+00 1.700000000000000000e+09 5.000000000000000000e+07 9.736921945229898290e-01 3.000000000000000444e-01 5.165443911277500745e-18 2.062830871976177605e+03 9.515013865639065926e-01 7.103404241494201660e+10
1.290000000000000000e+02 4.839999999999999858e+00 5.088000000000000000e+08 1.000000000000000000e+07 9.941510680753888884e-01 0.000000000000000000e+00 6.493098084783207902e-20 6.020641832110044334e+02 2.335778187317924193e+00 1.196653454801794586e+11
1.300000000000000000e+02 3.200000000000000178e+00 2.000000000000000000e+09 5.000000000000000000e+07 9.736921945229898290e-01 2.000000000000000111e-01 3.383285469397870752e-18 1.247123430214340942e+03 1.672922824099350336e+01 1.471763455200196533e+12
1.310000000000000000e+02 2.419999999999999929e+00 1.434000000000000000e+09 1.000000000000000000e+07 9.187989160644089992e-01 8.750000000000000000e-01 1.965894024376949913e-15 1.515718375512084776e+03 7.859910001115299565e+03 7.675946441497867188e+13
1.320000000000000000e+02 4.520000000000000462e+00 5.088000000000000000e+08 1.000000000000000000e+07 9.870913234723223129e-01 2.500000000000000139e-02 5.425447122552187863e-19 2.900060896954933469e+03 1.569761134144143355e+01 3.618876961841778564e+11
1.330000000000000000e+02 2.350000000000000089e+00 5.088000000000000000e+08 1.000000000000000000e+07 6.118928294465026951e-01 3.500000000000000333e-01 4.821094789484609420e-14 1.473692221290683188e+07 1.757604595788817096e+05 8.526425834214725000e+13
1.340000000000000000e+02 2.099999999999999922e-01 3.000000000000000000e+09 1.000000000000000000e+07 1.000000000000000000e+00 1.250000000000000000e-01 2.334819432103433200e-14 1.073525064371265471e+07 0.000000000000000000e+00 1.661879263440095215e+11
1.350000000000000000e+02 2.459999999999999964e+00 1.700000000000000000e+09 1.000000000000000000e+07 9.979773556538258372e-01 0.000000000000000000e+00 5.436490508442201375e-20 9.546056062295057245e+02 2.288646653441165912e-01 1.165115509199622040e+11
1.360000000000000000e+02 2.470000000000000195e+00 1.139100030000000000e+09 1.000000000000000000e+07 9.870913234723223129e-01 0.000000000000000000e+00 1.302262682400403153e-19 8.739598507202840665e+02 5.552699626280551692e-01 2.464553678306103897e+10
1.370000000000000000e+02 2.569999999999999840e+00 5.088000000000000000e+08 1.000000000000000000e+07 9.701892829446502331e-01 0.000000000000000000e+00 6.134242532037280834e-19 4.783640423381716573e+03 2.963828669171542529e+00 2.909751767667569351e+10
1.380000000000000000e+02 2.520000000000000018e+00 5.088000000000000000e+08 1.000000000000000000e+07 1.000000000000000000e+00 7.500000000000001110e-02 8.035254641858641553e-17 6.983953988055634545e+04 0.000000000000000000e+00 1.099730193598516083e+11
1.390000000000000000e+02 2.629999999999999893e+00 5.088000000000000000e+08 1.000000000000000000e+07 8.897735565382587364e-01 0.000000000000000000e+00 1.034857145191203127e-18 2.929498951261384718e+03 5.377344191784953154e+00 1.313467688385558319e+10
1.400000000000000000e+02 1.239999999999999991e+00 8.064000000000000000e+08 5.000000000000000000e+07 8.897735565382587364e-01 0.000000000000000000e+00 4.393229778894013177e-19 1.154131695991959532e+03 1.131379291789090802e-01 8.299603792551821470e+08
1.410000000000000000e+02 2.669999999999999929e+00 8.064000000000000000e+08 2.511900000000000000e+07 9.955456022925407433e-01 0.000000000000000000e+00 8.857005324150244319e-20 1.073767186681208159e+03 3.228978359534095954e-01 4.984599101303668213e+10
1.420000000000000000e+02 2.890000000000000124e+00 2.500000000000000000e+09 1.000000000000000000e+07 1.000000000000000888e-02 4.250000000000000444e-01 6.925735209587507268e-18 2.460472274418385041e+03 4.846384682402580069e+01 1.254301080116686821e+09
1.430000000000000000e+02 1.280000000000000027e+00 5.088000000000000000e+08 1.000000000000000000e+07 6.788688785174088469e-01 2.000000000000000111e-01 1.873030181499854396e-18 7.175294795886965176e+02 1.037932136390947724e+00 6.716034103334686756e+08
1.440000000000000000e+02 5.799999999999999600e-01 8.064000000000000000e+08 1.000000000000000000e+07 1.000000000000000000e+00 5.000000000000000278e-02 3.715702071634873360e-18 7.093330787749223418e+02 0.000000000000000000e+00 8.890474033708038926e+07
1.450000000000000000e+02 6.400000000000000133e-01 5.088000000000000000e+08 1.000000000000000000e+07 1.000000000000000888e-02 5.000000000000000000e-01 4.453934485133154947e-16 1.476354751972035592e+04 3.195458268885186470e+01 4.168147617281281352e+08
1.460000000000000000e+02 3.599999999999999867e-01 5.088000000000000000e+08 1.000000000000000000e+07 9.524560062662843496e-01 0.000000000000000000e+00 3.373355322187203394e-19 1.311289709508782153e+03 5.046980140974788656e-03 3.051939012518389151e+07
1.470000000000000000e+02 4.339999999999999858e+00 5.088000000000000000e+08 1.000000000000000000e+07 9.701892829446502331e-01 0.000000000000000000e+00 1.008092882909805804e-19 1.050276857887497954e+03 2.562915728345272814e+00 2.516153733346604156e+10
1.480000000000000000e+02 4.299999999999999933e-01 5.088000000000000000e+08 1.000000000000000000e+07 9.268236228897329676e-01 5.250000000000000222e-01 4.362900411256354311e-18 1.412855111454806092e+03 1.044715958318729598e-01 3.997946493516342640e+08
1.490000000000000000e+02 1.890000000000000124e+00 5.088000000000000000e+08 1.000000000000000000e+07 8.515106807538886935e-01 5.500000000000000444e-01 8.249347303203042623e-17 1.506902166389604190e+03 1.520693870385626951e+02 2.643131436254837341e+11
1.500000000000000000e+02 2.430000000000000160e+00 2.500000000000000000e+09 5.000000000000000000e+07 9.909453928203675321e-01 7.500000000000001110e-02 2.603553083654223412e-19 7.047257761603850668e+02 5.397709409119810786e-01 1.814765150231580505e+11
1.510000000000000000e+02 5.799999999999999600e-01 1.139100030000000000e+09 5.000000000000000000e+07 9.621369907677361777e-01 0.000000000000000000e+00 7.685744471154732465e-20 6.518713380456136974e+02 2.037439703682906045e-03 5.879884480738848448e+07
1.520000000000000000e+02 3.300000000000000155e-01 5.088000000000000000e+08 1.000000000000000000e+07 9.926219917125062020e-01 7.500000000000001110e-02 2.694410245115473896e-19 2.424063893420871409e+03 3.216236942727993247e-03 1.304295811530471444e+08
1.530000000000000000e+02 2.609999999999999876e+00 8.064000000000000000e+08 1.000000000000000000e+07 9.663484167759833765e-01 1.000000000000000056e-01 3.378126540028323838e-19 6.240083122372287789e+02 1.713602777524886767e+00 2.275109523688206100e+10
1.540000000000000000e+02 5.600000000000000533e-01 5.088000000000000000e+08 5.000000000000000000e+07 5.734841677598339071e-01 2.500000000000000139e-02 2.831489871008529880e-18 1.064126811366404354e+03 7.144639563387095160e-02 6.012996680036094785e+07
1.550000000000000000e+02 2.490000000000000213e+00 5.088000000000000000e+08 5.000000000000000000e+07 8.654560229254073533e-01 0.000000000000000000e+00 5.491211753740473103e-19 1.004771312410275414e+03 1.229280990004541385e+00 4.716860188370095253e+09
1.560000000000000000e+02 3.580000000000000071e+00 2.000000000000000000e+09 1.000000000000000000e+07 9.848811356849042076e-01 4.250000000000000444e-01 3.071659380261471117e-18 6.359332240285212947e+02 4.235372993289691124e+01 3.355372587760339355e+12
1.570000000000000000e+02 3.990000000000000213e+00 5.088000000000000000e+08 5.000000000000000000e+07 8.515106807538886935e-01 2.750000000000000222e-01 5.718482159897769417e-18 1.239580806212339439e+03 5.695491280425874692e+01 1.951351370789763794e+11
1.580000000000000000e+02 2.660000000000000142e+00 5.088000000000000000e+08 5.000000000000000000e+07 9.990352180385682068e-01 1.500000000000000222e-01 2.006832195773089142e-20 8.661871302755342867e+02 5.532044269663763392e-02 3.372854606245475006e+10
1.590000000000000000e+02 2.620000000000000107e+00 5.088000000000000000e+08 1.000000000000000000e+07 9.870913234723223129e-01 0.000000000000000000e+00 7.674483483710360537e-20 8.887535191092699733e+02 3.940212958847602587e-01 9.083640556114492416e+09
1.600000000000000000e+02 3.680000000000000160e+00 5.088000000000000000e+08 1.000000000000000000e+07 9.768868878517409371e-01 1.500000000000000222e-01 2.502770109080467640e-19 9.073531066187459828e+02 3.766377312851819870e+00 4.800944930454427338e+10
1.610000000000000000e+02 1.000000000000000000e+00 5.088000000000000000e+08 1.000000000000000000e+07 1.000000000000000000e+00 1.000000000000000056e-01 1.112828689191116135e-17 1.193339912262000325e+03 0.000000000000000000e+00 8.826594482296061516e+08
1.620000000000000000e+02 2.879999999999999893e+00 5.088000000000000000e+08 5.000000000000000000e+07 3.181690290810633703e-01 2.250000000000000056e-01 8.037291612704261600e-18 1.645232744274521338e+03 2.847443358997488261e+01 9.246499669214181900e+09
1.630000000000000000e+02 2.899999999999999800e-01 1.434000000000000000e+09 1.000000000000000000e+07 8.654560229254073533e-01 0.000000000000000000e+00 8.589541949849434177e-19 1.112038080817318814e+03 6.745583822780070946e-03 3.747946836594225466e+07
1.640000000000000000e+02 3.310000000000000053e+00 2.000000000000000000e+09 5.000000000000000000e+07 1.000000000000000888e-02 1.500000000000000222e-01 3.874380800465276884e-18 6.267335444334949898e+03 2.132314867570478256e+01 1.577832536585158587e+09
1.650000000000000000e+02 3.470000000000000195e+00 8.064000000000000000e+08 1.000000000000000000e+07 9.824577129666183239e-01 1.750000000000000167e-01 2.316304358569460751e-19 5.471523389180882759e+02 2.892716898002663406e+00 7.487521532755522156e+10
1.660000000000000000e+02 3.250000000000000000e+00 2.000000000000000000e+09 1.000000000000000000e+07 9.663484167759833765e-01 7.000000000000000666e-01 3.885162061321959429e-16 2.137071110720960860e+03 3.942103589491596722e+03 1.376924863330348750e+14
1.670000000000000000e+02 2.700000000000000178e+00 8.064000000000000000e+08 2.511900000000000000e+07 9.955456022925407433e-01 4.000000000000000222e-01 1.619100764445935032e-17 7.968541509098411552e+03 6.114521422123467431e+01 9.439034453614718750e+12
1.680000000000000000e+02 2.379999999999999893e+00 5.088000000000000000e+08 5.000000000000000000e+07 8.781743261443593074e-01 1.250000000000000000e-01 2.188183673160797332e-18 7.140601373001876482e+02 4.193526934019516261e+00 1.800664696893841553e+10
1.690000000000000000e+02 4.379999999999999893e+00 1.434000000000000000e+09 1.000000000000000000e+07 1.000000000000000000e+00 7.500000000000001110e-02 1.753935573879988172e-15 9.519523616955328862e+02 0.000000000000000000e+00 3.958548734746455469e+13
1.700000000000000000e+02 2.700000000000000178e-01 4.000000000000000000e+09 1.000000000000000000e+07 7.080048279597983552e-01 7.500000000000001110e-02 8.261758016308225409e-18 5.965109473615386378e+03 5.921820196712802853e-02 3.520070369184367061e+08
1.710000000000000000e+02 3.339999999999999858e+00 8.064000000000000000e+08 2.511900000000000000e+07 9.824577129666183239e-01 0.000000000000000000e+00 7.544524406205062390e-20 1.670003499070861835e+03 5.584260219193207808e-01 2.161212771997747803e+10
1.720000000000000000e+02 2.720000000000000195e+00 2.500000000000000000e+09 5.000000000000000000e+07 9.891070386914596613e-01 7.500000000000001110e-02 3.655975263083652241e-19 6.107655309643021155e+02 1.081294606124405533e+00 3.016375792222134399e+11
1.730000000000000000e+02 3.900000000000000133e-01 2.500000000000000000e+09 1.000000000000000000e+07 9.575192539750227994e-01 0.000000000000000000e+00 1.148883361721241447e-18 4.113944830684454246e+03 2.121268468305355717e-02 7.519539597076327801e+08
1.740000000000000000e+02 7.600000000000000089e-01 5.088000000000000000e+08 5.000000000000000000e+07 7.080048279597983552e-01 1.750000000000000167e-01 1.561714820557361546e-17 5.507934119870481481e+03 9.385896491298300059e-01 1.386794480215842009e+09
1.750000000000000000e+02 1.479999999999999982e+00 5.088000000000000000e+08 1.000000000000000000e+07 1.000000000000000000e+00 2.250000000000000056e-01 5.346321538056919073e-17 1.782606632302469734e+03 0.000000000000000000e+00 1.392508998155834389e+10
1.760000000000000000e+02 2.629999999999999893e+00 5.088000000000000000e+08 2.511900000000000000e+07 9.824577129666183239e-01 0.000000000000000000e+00 2.655597510186967739e-19 1.464344688514064046e+03 9.231326424511278050e-01 2.331233311803152084e+10
1.770000000000000000e+02 2.479999999999999982e+00 5.088000000000000000e+08 5.000000000000000000e+07 9.100000000000000311e-01 0.000000000000000000e+00 9.724180924323468136e-19 1.602693769484606037e+03 2.149482076322720481e+00 1.290297948780143738e+10
1.780000000000000000e+02 4.700000000000000289e-01 5.088000000000000000e+08 5.000000000000000000e+07 1.000000000000000888e-02 2.750000000000000222e-01 2.640162426230801342e-17 1.351516988560717891e+03 4.114098936736209633e-01 2.301710199847733974e+07
1.790000000000000000e+02 6.300000000000000044e-01 5.088000000000000000e+08 5.000000000000000000e+07 6.118928294465026951e-01 2.750000000000000222e-01 6.982244077763059008e-18 1.335799732235560896e+03 2.452243190667549866e-01 2.398820274850619733e+08
1.800000000000000000e+02 2.280000000000000249e+00 3.000000000000000000e+09 2.511900000000000000e+07 9.621369907677361777e-01 3.500000000000000333e-01 1.179790184390515450e-17 1.084593498368305518e+03 2.616619994378157443e+01 1.832841935727850830e+12
1.810000000000000000e+02 2.680000000000000160e+00 5.088000000000000000e+08 1.000000000000000000e+07 9.909453928203675321e-01 0.000000000000000000e+00 6.657861404354182974e-20 2.263599572342055126e+03 3.671305627672815097e-01 1.211179512453356552e+10
1.820000000000000000e+02 2.280000000000000249e+00 5.088000000000000000e+08 1.000000000000000000e+07 1.000000000000000888e-02 0.000000000000000000e+00 1.351018947103258101e-19 6.116828239993881198e+02 4.479018893849052163e-01 5.842420823310571723e+06
1.830000000000000000e+02 2.589999999999999858e+00 8.064000000000000000e+08 5.000000000000000000e+07 9.824577129666183239e-01 1.250000000000000000e-01 2.298161016271564262e-19 7.053293894172227283e+02 5.824180116314495725e-01 2.946978895535190201e+10
1.840000000000000000e+02 4.199999999999999845e-01 5.088000000000000000e+08 1.000000000000000000e+07 9.100000000000000311e-01 0.000000000000000000e+00 1.785735564396975255e-18 3.194972075561026486e+03 4.014969295501328445e-02 1.227383530795512348e+08
1.850000000000000000e+02 2.729999999999999982e+00 2.500000000000000000e+09 1.000000000000000000e+07 1.000000000000000000e+00 0.000000000000000000e+00 4.974214920444559333e-16 9.247896531621354370e+03 0.000000000000000000e+00 4.571534463552846680e+12
1.860000000000000000e+02 2.709999999999999964e+00 5.088000000000000000e+08 1.000000000000000000e+07 9.955456022925407433e-01 2.500000000000000139e-02 1.626451868305475850e-20 5.959766811034977536e+02 9.289279887909795974e-02 6.257414120941789627e+09
1.870000000000000000e+02 2.290000000000000036e+00 5.088000000000000000e+08 1.000000000000000000e+07 8.781743261443593074e-01 7.500000000000001110e-02 3.257646521213199601e-18 1.895666756847944953e+03 1.094947238150497704e+01 2.389494135397538757e+10
1.880000000000000000e+02 4.299999999999999933e-01 8.064000000000000000e+08 1.000000000000000000e+07 1.782362288973291520e-01 2.500000000000000000e-01 3.492043197891506768e-17 1.574860045731442597e+03 8.361853152923748311e-01 9.215108550424632430e+07
1.890000000000000000e+02 2.649999999999999911e+00 8.064000000000000000e+08 1.000000000000000000e+07 9.870913234723223129e-01 7.500000000000001110e-02 2.720736538326886130e-19 1.911310941152491068e+03 1.447938348706899525e+00 5.116644982265837097e+10
1.900000000000000000e+02 4.400000000000000355e+00 1.434000000000000000e+09 1.000000000000000000e+07 1.000000000000000888e-02 0.000000000000000000e+00 4.599633144930691694e-20 1.192055846616952067e+03 1.221604809742340203e+00 2.285518319403523952e+07
1.910000000000000000e+02 2.510000000000000231e+00 8.064000000000000000e+08 5.000000000000000000e+07 7.080048279597983552e-01 2.750000000000000222e-01 1.017179755829979967e-17 1.400488892659255953e+03 2.335183461300350416e+01 5.227298847789904022e+10
1.920000000000000000e+02 4.000000000000000222e-01 1.434000000000000000e+09 1.000000000000000000e+07 6.469219452298986539e-01 0.000000000000000000e+00 6.229628516392103125e-18 2.127212413401286085e+03 1.229991112309129359e-01 1.955394382511431873e+08
1.930000000000000000e+02 2.410000000000000142e+00 5.088000000000000000e+08 1.000000000000000000e+07 8.654560229254073533e-01 1.750000000000000167e-01 4.829419818939460347e-18 1.787347663354065844e+03 1.905880678313462440e+01 3.713533152350994873e+10
1.940000000000000000e+02 3.379999999999999893e+00 5.088000000000000000e+08 1.000000000000000000e+07 9.524560062662843496e-01 5.000000000000000278e-02 1.549848788038209476e-19 2.360050782411559339e+03 1.780744883342340268e+00 1.076827058757817459e+10
1.950000000000000000e+02 2.520000000000000018e+00 5.088000000000000000e+08 1.000000000000000000e+07 1.000000000000000000e+00 0.000000000000000000e+00 1.182353991845164801e-17 3.372455990102102533e+03 0.000000000000000000e+00 1.618206817715853500e+10
1.960000000000000000e+02 4.899999999999999911e-01 5.088000000000000000e+08 1.000000000000000000e+07 9.798916064409035620e-02 6.000000000000000888e-01 2.798509759425577062e-16 1.721539586501325175e+03 9.544106859349412275e+00 4.078890899920341372e+08
1.970000000000000000e+02 4.700000000000000289e-01 5.088000000000000000e+08 1.000000000000000000e+07 7.588113568490419958e-01 0.000000000000000000e+00 1.368635796130976486e-18 1.242248977965641870e+03 4.166587518684305297e-02 3.991998639615977556e+07
1.980000000000000000e+02 2.530000000000000249e+00 1.700000000000000000e+09 1.000000000000000000e+07 9.955456022925407433e-01 0.000000000000000000e+00 4.212168191080169303e-20 6.430685575629102004e+02 1.937017601421945623e-01 4.466888497950117493e+10
1.990000000000000000e+02 2.100000000000000089e+00 3.000000000000000000e+09 1.000000000000000000e+07 9.909453928203675321e-01 5.000000000000000278e-02 3.013289846356552797e-19 1.399491093488895103e+03 7.719544983570548746e-01 1.557451617286122437e+11
2.000000000000000000e+02 2.180000000000000160e+00 8.064000000000000000e+08 5.000000000000000000e+07 8.781743261443593074e-01 1.000000000000000000e+00 4.649188183971812551e-15 1.983880227782708289e+03 6.853976385190429937e+03 4.493601062188116406e+13
2.010000000000000000e+02 3.709999999999999964e+00 1.700000000000000000e+09 5.000000000000000000e+07 9.341422424970816651e-01 3.500000000000000333e-01 7.711714822332009633e-18 9.583789842909191066e+02 6.095403313525660849e+01 1.745807734721062988e+12
2.020000000000000000e+02 2.300000000000000266e+00 5.088000000000000000e+08 1.000000000000000000e+07 4.345600626628430829e-01 3.250000000000000111e-01 1.764423841054150718e-17 2.006805770825709260e+03 6.012219204891530921e+01 1.452555303793466377e+10
2.030000000000000000e+02 4.000000000000000000e+00 1.700000000000000000e+09 5.000000000000000000e+07 1.000000000000000888e-02 3.000000000000000444e-01 1.192817049857960892e-17 1.680594825467237342e+03 1.197512213532345129e+02 8.425786342090691566e+09
2.040000000000000000e+02 3.830000000000000071e+00 1.700000000000000000e+09 5.000000000000000000e+07 1.000000000000000888e-02 1.000000000000000056e-01 7.416168134157011518e-19 1.067616907237924806e+03 6.485516175541802930e+00 4.563258144323918223e+08
2.050000000000000000e+02 1.189999999999999947e+00 5.088000000000000000e+08 5.000000000000000000e+07 4.851925397502274695e-01 2.500000000000000000e-01 2.943974704993682661e-17 3.428952987100113660e+03 6.522713518326265003e+00 3.945416819999013901e+09
2.060000000000000000e+02 5.700000000000000622e-01 8.064000000000000000e+08 1.000000000000000000e+07 1.000000000000000888e-02 3.750000000000000000e-01 3.160821151669037163e-17 1.330127453664411632e+03 1.636994706744156813e+00 2.400916256844295561e+07
2.070000000000000000e+02 2.600000000000000089e+00 5.088000000000000000e+08 5.000000000000000000e+07 9.268236228897329676e-01 0.000000000000000000e+00 3.234420808017902699e-19 9.802547089191474470e+02 8.297101386482075291e-01 6.228445678996652603e+09
2.080000000000000000e+02 2.459999999999999964e+00 5.088000000000000000e+08 1.000000000000000000e+07 9.408169029081063783e-01 0.000000000000000000e+00 1.853617979664533010e-19 1.024764680633571288e+03 7.803336691804896308e-01 3.746015733727310181e+09
2.090000000000000000e+02 2.870000000000000107e+00 1.434000000000000000e+09 1.000000000000000000e+07 9.736921945229898290e-01 8.500000000000000888e-01 7.017661708287470553e-16 2.070625323810859300e+03 4.804100236483609478e+03 1.533543088499569062e+14
2.100000000000000000e+02 1.610000000000000098e+00 1.139100030000000000e+09 1.000000000000000000e+07 8.515106807538886935e-01 1.000000000000000056e-01 5.395336279927427976e-14 1.581060274116984010e+08 6.045790042001953407e+04 2.017955887353780000e+14
2.110000000000000000e+02 2.200000000000000178e+00 5.088000000000000000e+08 1.000000000000000000e+07 4.345600626628430829e-01 2.500000000000000000e-01 3.157057742264816662e-14 2.260348568353839964e+07 9.356886360552127007e+04 2.260628637584405469e+13
2.120000000000000000e+02 2.510000000000000231e+00 5.088000000000000000e+08 2.511900000000000000e+07 9.736921945229898290e-01 1.500000000000000222e-01 1.325605038881627789e-18 1.275406556149162952e+03 3.977410309561592250e+00 6.641299528837324524e+10
2.130000000000000000e+02 4.299999999999999822e+00 8.064000000000000000e+08 5.000000000000000000e+07 9.798004827959798657e-01 2.500000000000000139e-02 6.191060442635959129e-19 1.526271761259191771e+04 7.822692679014121353e+00 3.428734400721047974e+11
2.140000000000000000e+02 2.540000000000000036e+00 5.088000000000000000e+08 5.000000000000000000e+07 9.768868878517409371e-01 1.500000000000000222e-01 9.825313756902980362e-19 1.240765160865097414e+03 2.341653181377197690e+00 5.838549160493121338e+10
2.150000000000000000e+02 2.350000000000000089e+00 5.088000000000000000e+08 1.000000000000000000e+07 7.809132347232226046e-01 3.250000000000000111e-01 6.327137271251537093e-16 2.672973126467541442e+04 2.306655652237704089e+03 2.500748810994600586e+12
2.160000000000000000e+02 2.339999999999999858e+00 5.088000000000000000e+08 5.000000000000000000e+07 9.408169029081063783e-01 1.250000000000000000e-01 1.005338061242124656e-18 8.806840505795220224e+02 1.826311177617247372e+00 1.718386847830584335e+10
2.170000000000000000e+02 2.689999999999999947e+00 8.064000000000000000e+08 1.000000000000000000e+07 8.515106807538886935e-01 8.000000000000000444e-01 1.179335681073900350e-15 4.071905018069131529e+03 6.580011287772928881e+03 1.749824108397809961e+13
2.180000000000000000e+02 2.530000000000000249e+00 5.088000000000000000e+08 1.000000000000000000e+07 8.010703869145960887e-01 1.750000000000000167e-01 8.992055843433364822e-18 2.324526505112834457e+03 4.135108013631542434e+01 5.059393199742613983e+10
2.190000000000000000e+02 2.250000000000000000e+00 1.139100030000000000e+09 5.000000000000000000e+07 9.575192539750227994e-01 7.500000000000001110e-02 2.327652753040195877e-18 3.434768016861729848e+03 3.789089884872350211e+00 9.701711584216629028e+10
2.200000000000000000e+02 2.689999999999999947e+00 2.500000000000000000e+09 5.000000000000000000e+07 9.524560062662843496e-01 9.500000000000000666e-01 4.721522832619242771e-15 2.025999462582723254e+03 1.348412487782925928e+04 8.304070106256676250e+14
2.210000000000000000e+02 3.399999999999999911e+00 2.000000000000000000e+09 2.511900000000000000e+07 1.000000000000000888e-02 0.000000000000000000e+00 3.838251451055818240e-20 5.880640600685610480e+02 3.005975208378613983e-01 1.306977266571274400e+07
2.220000000000000000e+02 2.319999999999999840e+00 5.088000000000000000e+08 1.000000000000000000e+07 9.341422424970816651e-01 1.000000000000000056e-01 1.940064164426421184e-18 1.461897919038599866e+03 6.701402789874373767e+00 2.871195947637419128e+10
2.230000000000000000e+02 3.680000000000000160e+00 1.700000000000000000e+09 1.000000000000000000e+07 9.909453928203675321e-01 3.500000000000000333e-01 9.769525583208885897e-18 1.333050246246566076e+03 1.470199735102412433e+02 1.660257505070201758e+13
2.240000000000000000e+02 3.700000000000000178e+00 1.700000000000000000e+09 5.000000000000000000e+07 1.000000000000000888e-02 4.500000000000000111e-01 1.526397891064670786e-16 4.240746594395258398e+03 1.196180739949109466e+03 8.416417993437786865e+10
2.250000000000000000e+02 5.999999999999999778e-01 5.088000000000000000e+08 1.000000000000000000e+07 6.118928294465026951e-01 4.000000000000000222e-01 1.035224120872960291e-16 7.434417021740372547e+03 6.189978521168065129e+00 3.002859283742062092e+09
2.260000000000000000e+02 1.169999999999999929e+00 8.064000000000000000e+08 1.000000000000000000e+07 8.781743261443593074e-01 2.250000000000000056e-01 1.022403598667615608e-17 4.277245706795241858e+03 4.202502151790993956e+00 1.403746446358064079e+10
2.270000000000000000e+02 4.899999999999999911e-01 5.088000000000000000e+08 1.000000000000000000e+07 9.768868878517409371e-01 0.000000000000000000e+00 1.611584043282364621e-19 6.430749106253223317e+02 5.496186057634622028e-03 7.005906312199948728e+07
2.280000000000000000e+02 1.150000000000000133e+00 4.000000000000000000e+09 2.511900000000000000e+07 8.010703869145960887e-01 8.250000000000000666e-01 8.823920925625979318e-16 2.521281189944926155e+03 2.363738408164521161e+02 3.488192548617719727e+12
2.290000000000000000e+02 4.299999999999999933e-01 5.088000000000000000e+08 5.000000000000000000e+07 6.118928294465026951e-01 0.000000000000000000e+00 8.868822715130421878e-19 7.293616017001666023e+02 1.087027106662655750e-02 1.063345867448305525e+07
2.300000000000000000e+02 3.709999999999999964e+00 1.700000000000000000e+09 5.000000000000000000e+07 9.003521803856815442e-01 3.250000000000000111e-01 7.070576943851310918e-18 1.185520072258052096e+03 5.588642620352583634e+01 1.020635531689900269e+12
2.310000000000000000e+02 3.609999999999999876e+00 2.000000000000000000e+09 5.000000000000000000e+07 1.000000000000000888e-02 4.000000000000000222e-01 3.144584127273510202e-17 1.451066282502980357e+03 2.278962488167731522e+02 1.686346241906164169e+10
2.320000000000000000e+02 1.199999999999999956e+00 8.064000000000000000e+08 5.000000000000000000e+07 7.809132347232226046e-01 2.500000000000000139e-02 5.906810861657692484e-19 5.924894589569834125e+02 1.377074121335309931e-01 4.499113215307288170e+08
2.330000000000000000e+02 5.799999999999999600e-01 5.088000000000000000e+08 1.000000000000000000e+07 1.000000000000000000e+00 2.000000000000000111e-01 1.397779353773448248e-17 1.003593878672056121e+03 0.000000000000000000e+00 2.181534964268994331e+08
2.340000000000000000e+02 3.750000000000000000e+00 1.700000000000000000e+09 5.000000000000000000e+07 1.000000000000000888e-02 2.000000000000000111e-01 4.504666230999904059e-18 1.499573766050981476e+03 3.683881189532657885e+01 2.592006616875368118e+09
2.350000000000000000e+02 4.100000000000000311e-01 5.088000000000000000e+08 5.000000000000000000e+07 7.809132347232226046e-01 0.000000000000000000e+00 1.550393592420781168e-18 9.864885470658570057e+02 1.673166997448511870e-02 3.594818692271652073e+07
2.360000000000000000e+02 2.560000000000000053e+00 2.500000000000000000e+09 5.000000000000000000e+07 9.968174326144358943e-01 1.000000000000000056e-01 1.340040296536194922e-19 7.133105528762044969e+02 3.273602875088978958e-01 3.149581206594923706e+11
2.370000000000000000e+02 9.899999999999999911e-01 1.434000000000000000e+09 2.511900000000000000e+07 8.781743261443593074e-01 0.000000000000000000e+00 2.006885500911259760e-18 3.228001054475636010e+03 3.429341922699200018e-01 3.194638321187011719e+09
2.380000000000000000e+02 4.560000000000000497e+00 1.434000000000000000e+09 5.000000000000000000e+07 9.990352180385682068e-01 2.000000000000000111e-01 6.542637807759225876e-19 6.935510653349002723e+02 9.965109096923642440e+00 1.738222802962021875e+13
2.390000000000000000e+02 2.709999999999999964e+00 5.088000000000000000e+08 5.000000000000000000e+07 9.891070386914596613e-01 1.750000000000000167e-01 2.669965083204317997e-19 9.459229522423980825e+02 7.805448922092395048e-01 4.176629517161217499e+10
2.400000000000000000e+02 2.810000000000000053e+00 5.088000000000000000e+08 5.000000000000000000e+07 9.736921945229898290e-01 8.500000000000000888e-01 2.529153645174001142e-16 9.700636591031189937e+02 8.290011671154446731e+02 1.810557554433028516e+13
2.410000000000000000e+02 4.679999999999999716e+00 5.088000000000000000e+08 1.000000000000000000e+07 9.891070386914596613e-01 0.000000000000000000e+00 1.246267242013632687e-19 9.540561221390147466e+02 4.000778601389445299e+00 1.095157893768313141e+11
2.420000000000000000e+02 3.800000000000000266e+00 1.700000000000000000e+09 5.000000000000000000e+07 9.768868878517409371e-01 3.500000000000000333e-01 8.096069062946327901e-18 1.001281950375116935e+03 6.905408316809706548e+01 5.886526406681791016e+12
2.430000000000000000e+02 2.800000000000000266e-01 5.088000000000000000e+08 1.000000000000000000e+07 1.000000000000000888e-02 0.000000000000000000e+00 -2.761112286603704519e-16 9.415379917581830025e+08 -2.168371082199525457e+00 -2.828417710116034374e+07
2.440000000000000000e+02 2.800000000000000266e-01 5.088000000000000000e+08 1.000000000000000000e+07 1.000000000000000888e-02 0.000000000000000000e+00 -1.562702038763228713e-16 7.210627941213312149e+08 -1.227229304432403412e+00 -1.600794775177043490e+07
2.450000000000000000e+02 2.490000000000000213e+00 5.088000000000000000e+08 5.000000000000000000e+07 8.654560229254073533e-01 2.500000000000000000e-01 4.551750088303289822e-18 1.285590439189787958e+03 1.018969966144776329e+01 3.909878136515689850e+10
2.460000000000000000e+02 2.500000000000000000e-01 5.088000000000000000e+08 1.000000000000000000e+07 1.000000000000000888e-02 0.000000000000000000e+00 -1.052685764875606719e-16 2.135584919971765578e+08 -6.228913234938402432e-01 -8.124978539468824863e+06
2.470000000000000000e+02 3.520000000000000018e+00 2.000000000000000000e+09 5.000000000000000000e+07 1.000000000000000888e-02 5.250000000000000222e-01 4.196602221213484629e-17 9.950085726190773130e+02 2.807195574710489154e+02 2.077218792449133301e+10
2.480000000000000000e+02 3.099999999999999978e-01 5.088000000000000000e+08 1.000000000000000000e+07 1.000000000000000888e-02 0.000000000000000000e+00 -6.341597228225698684e-17 1.708568132179912329e+08 -6.447292574047339686e-01 -8.409831992519218475e+06
2.490000000000000000e+02 2.000000000000000000e+00 3.000000000000000000e+09 1.000000000000000000e+07 7.080048279597983552e-01 4.500000000000000111e-01 7.552999176828562633e-17 2.078538514911433595e+03 1.661136484512358322e+02 7.441451235856423340e+11
2.500000000000000000e+02 3.439999999999999947e+00 8.064000000000000000e+08 5.000000000000000000e+07 9.824577129666183239e-01 2.000000000000000111e-01 8.472073583201475145e-19 1.268080548538000812e+03 5.268525858303501508e+00 2.665823206859671326e+11
2.510000000000000000e+02 4.799999999999999822e-01 5.088000000000000000e+08 1.000000000000000000e+07 9.798916064409035620e-02 4.500000000000000111e-01 1.003840102513186934e-16 1.993708786561373245e+03 3.236197085243177618e+00 1.383062347883951962e+08
2.520000000000000000e+02 4.560000000000000497e+00 5.088000000000000000e+08 1.000000000000000000e+07 9.663484167759833765e-01 2.500000000000000139e-02 9.121484050009958438e-20 6.280168490666961816e+02 2.714208525292397312e+00 2.351522939757033920e+10
2.530000000000000000e+02 3.500000000000000333e-01 1.434000000000000000e+09 1.000000000000000000e+07 1.000000000000000000e+00 0.000000000000000000e+00 1.057372932453264239e-17 1.262207322130251896e+03 0.000000000000000000e+00 1.267401769020437598e+08
2.540000000000000000e+02 2.459999999999999964e+00 2.500000000000000000e+09 1.000000000000000000e+07 9.955456022925407433e-01 3.500000000000000333e-01 1.537768270890785621e-18 1.418612333693650271e+03 6.473676724859533493e+00 2.274852471541348145e+12
2.550000000000000000e+02 4.070000000000000284e+00 5.088000000000000000e+08 5.000000000000000000e+07 4.345600626628430829e-01 3.750000000000000000e-01 6.974239445853121531e-18 7.953491748557379424e+02 7.398717759563272978e+01 3.717620412334710693e+10
2.560000000000000000e+02 2.520000000000000018e+00 5.088000000000000000e+08 5.000000000000000000e+07 9.268236228897329676e-01 4.000000000000000222e-01 6.819207634437803431e-18 6.593271882398645403e+02 1.585242422457873168e+01 1.190005503898786774e+11
2.570000000000000000e+02 6.800000000000000488e-01 5.088000000000000000e+08 1.000000000000000000e+07 8.010703869145960887e-01 1.750000000000000167e-01 1.167953746318422279e-18 1.041408710858434461e+03 9.957725427914812522e-02 1.218349028581999391e+08
2.580000000000000000e+02 2.390000000000000124e+00 8.064000000000000000e+08 1.000000000000000000e+07 5.734841677598339071e-01 6.250000000000000000e-01 9.584011195281362170e-17 1.209432902135967197e+03 3.684394135673487654e+02 2.325544836328682556e+11
2.590000000000000000e+02 4.100000000000000311e-01 5.088000000000000000e+08 1.000000000000000000e+07 5.313699076773616969e-01 2.250000000000000056e-01 2.730725335924647905e-17 1.817382920319368850e+03 5.757366456195712745e-01 2.024856763466118574e+08
2.600000000000000000e+02 3.750000000000000000e+00 1.700000000000000000e+09 1.000000000000000000e+07 1.000000000000000888e-02 2.750000000000000222e-01 4.819997948911657533e-18 1.543278491173403609e+03 7.700844947876156255e+01 1.572655984598393917e+09
2.610000000000000000e+02 2.300000000000000266e+00 3.000000000000000000e+09 1.000000000000000000e+07 9.524560062662843496e-01 5.500000000000000444e-01 9.692206761318625832e-17 4.049837240275075601e+03 3.302589223310716875e+02 1.219951699645577148e+13
2.620000000000000000e+02 3.430000000000000160e+00 2.000000000000000000e+09 5.000000000000000000e+07 1.000000000000000888e-02 0.000000000000000000e+00 -7.085498515909639586e-19 4.776250426266793162e+07 -4.365756852315718639e+00 -3.230495323728576303e+08
2.630000000000000000e+02 3.400000000000000244e-01 5.088000000000000000e+08 1.000000000000000000e+07 1.000000000000000888e-02 0.000000000000000000e+00 -9.383145838103344430e-17 2.344790944824153185e+08 -1.209882733970745416e+00 -1.578167952901881374e+07
2.640000000000000000e+02 3.300000000000000155e-01 5.088000000000000000e+08 1.000000000000000000e+07 1.000000000000000888e-02 0.000000000000000000e+00 -1.968312956190115340e-16 1.112978967685989380e+09 -2.349516320324668062e+00 -3.064703096792849526e+07
2.650000000000000000e+02 3.300000000000000155e-01 5.088000000000000000e+08 1.000000000000000000e+07 1.000000000000000888e-02 0.000000000000000000e+00 -2.305750640450388034e-16 1.056954107126010537e+09 -2.752305594138448885e+00 -3.590100398413404822e+07
2.660000000000000000e+02 2.629999999999999893e+00 5.088000000000000000e+08 2.511900000000000000e+07 9.824577129666183239e-01 2.500000000000000000e-01 1.595289058254699338e-18 1.121848487250163089e+03 5.545506795253579924e+00 1.400434734666021729e+11
2.670000000000000000e+02 3.400000000000000244e-01 5.088000000000000000e+08 1.000000000000000000e+07 1.000000000000000888e-02 0.000000000000000000e+00 -2.714702814311276409e-17 1.506425667995174229e+07 -3.500395410630117721e-01 -4.565906847361330874e+06
2.680000000000000000e+02 2.350000000000000089e+00 5.088000000000000000e+08 1.000000000000000000e+07 7.809132347232226046e-01 3.750000000000000000e-01 7.217633476761138307e-14 3.740934866029507667e+07 2.631299802929355646e+05 2.852710090109198750e+14
2.690000000000000000e+02 2.099999999999999922e-01 1.434000000000000000e+09 1.000000000000000000e+07 1.000000000000000000e+00 0.000000000000000000e+00 3.706130733696110269e-14 3.488859224384406954e+07 0.000000000000000000e+00 1.233833229846899872e+11
2.700000000000000000e+02 3.370000000000000107e+00 5.088000000000000000e+08 5.000000000000000000e+07 8.010703869145960887e-01 2.500000000000000000e-01 3.779818611771867335e-18 1.228070181104577159e+03 2.202188499536353916e+01 5.331070590029892731e+10
2.710000000000000000e+02 3.200000000000000067e-01 5.088000000000000000e+08 1.000000000000000000e+07 9.341422424970816651e-01 0.000000000000000000e+00 2.093815612909000890e-19 6.825400472257762203e+02 2.309057336978343443e-03 9.893086979955956340e+06
2.720000000000000000e+02 1.090000000000000080e+00 2.500000000000000000e+09 5.000000000000000000e+07 9.909453928203675321e-01 1.500000000000000222e-01 1.226421965256574829e-18 2.106002609427876905e+03 2.138844734765650013e-01 7.191014914309649658e+10
2.730000000000000000e+02 3.379999999999999893e+00 8.064000000000000000e+08 2.511900000000000000e+07 7.809132347232226046e-01 5.250000000000000222e-01 3.439524711032165865e-17 1.172414609448982446e+03 2.643779516470614226e+02 6.574208116645493164e+11
2.740000000000000000e+02 4.299999999999999933e-01 5.088000000000000000e+08 1.000000000000000000e+07 1.000000000000000000e+00 1.500000000000000222e-01 1.045629984403945841e-17 1.099177154848241116e+03 0.000000000000000000e+00 7.545311292651031911e+07
2.750000000000000000e+02 2.780000000000000249e+00 5.088000000000000000e+08 5.000000000000000000e+07 9.768868878517409371e-01 6.750000000000000444e-01 4.020533306378094861e-17 1.656976736904782911e+03 1.273915813522793030e+02 3.176311574546666016e+12
2.760000000000000000e+02 1.799999999999999933e-01 3.000000000000000000e+09 1.000000000000000000e+07 1.000000000000000000e+00 1.500000000000000222e-01 1.573902026607896715e-17 1.606941537604265704e+03 0.000000000000000000e+00 7.743780666529755294e+07
2.770000000000000000e+02 2.430000000000000160e+00 5.088000000000000000e+08 5.000000000000000000e+07 9.621369907677361777e-01 0.000000000000000000e+00 9.555245201558742352e-20 5.677004652856803659e+02 1.981001933654078229e-01 2.973585744786927700e+09
2.780000000000000000e+02 4.000000000000000222e-01 5.088000000000000000e+08 1.000000000000000000e+07 9.798004827959798657e-01 0.000000000000000000e+00 1.750924847704870867e-19 1.194220902531526463e+03 3.457063282876905730e-03 5.056816544232165813e+07
2.790000000000000000e+02 2.839999999999999858e+00 5.088000000000000000e+08 5.000000000000000000e+07 9.941510680753888884e-01 0.000000000000000000e+00 5.105983817173038291e-20 8.239020640374606046e+02 1.730731408424471818e-01 1.732794926295167542e+10
2.800000000000000000e+02 3.669999999999999929e+00 1.700000000000000000e+09 5.000000000000000000e+07 1.000000000000000888e-02 3.000000000000000444e-01 3.858865082713474611e-18 7.294061457875322958e+02 2.946873902953237589e+01 2.073442725909719467e+09
2.810000000000000000e+02 5.000000000000000000e-01 5.088000000000000000e+08 1.000000000000000000e+07 8.897735565382587364e-01 1.250000000000000000e-01 5.728276315023029556e-19 8.262264646245913582e+02 2.064652215542096478e-02 5.043110271816220134e+07
2.820000000000000000e+02 2.270000000000000018e+00 5.088000000000000000e+08 5.000000000000000000e+07 9.663484167759833765e-01 5.000000000000000278e-02 5.495530163837511972e-19 1.355417688321775813e+03 9.197915323967136292e-01 1.559641869567131233e+10
2.830000000000000000e+02 2.450000000000000178e+00 2.500000000000000000e+09 1.000000000000000000e+07 9.621369907677361777e-01 3.250000000000000111e-01 5.533497779462842204e-18 8.507514940797168492e+02 2.299812751882764061e+01 9.190532054210023193e+11
2.840000000000000000e+02 4.600000000000000200e-01 5.088000000000000000e+08 2.511900000000000000e+07 8.897735565382587364e-01 1.250000000000000000e-01 1.255303971919072381e-18 1.043526151983794989e+03 2.411688292645148071e-02 8.830116042804208398e+07
2.850000000000000000e+02 4.199999999999999845e-01 5.088000000000000000e+08 1.000000000000000000e+07 1.000000000000000000e+00 2.000000000000000111e-01 1.647679939122636513e-17 1.489738814521583436e+03 0.000000000000000000e+00 1.116385376001192033e+08
2.860000000000000000e+02 3.800000000000000044e-01 5.088000000000000000e+08 1.000000000000000000e+07 9.187989160644089992e-01 2.500000000000000139e-02 7.219386473986740735e-19 1.124791949425006123e+03 1.244676259835549026e-02 4.256601976480817050e+07
2.870000000000000000e+02 3.260000000000000231e+00 5.088000000000000000e+08 5.000000000000000000e+07 9.469042655519807061e-01 9.500000000000000666e-01 7.121451083884795606e-15 3.919844338710071952e+03 3.734795457483553037e+04 3.940045541523906250e+14
2.880000000000000000e+02 1.050000000000000044e+00 1.700000000000000000e+09 2.511900000000000000e+07 9.926219917125062020e-01 1.500000000000000222e-01 8.825052031321963439e-19 1.626410328104411747e+03 1.797950296666232239e-01 3.731136420156120300e+10
2.890000000000000000e+02 2.350000000000000089e+00 5.088000000000000000e+08 1.000000000000000000e+07 9.187989160644089992e-01 3.250000000000000111e-01 2.364837173769764714e-17 2.425037899938409282e+03 8.621379305745435317e+01 2.948379540690803223e+11
2.900000000000000000e+02 1.370000000000000107e+00 5.088000000000000000e+08 5.000000000000000000e+07 9.824577129666183239e-01 6.250000000000000000e-01 3.448710932621489130e-17 2.576805741819413015e+03 1.203777915660342224e+01 3.975180280381349487e+11
2.910000000000000000e+02 3.390000000000000124e+00 8.064000000000000000e+08 5.000000000000000000e+07 9.926219917125062020e-01 2.750000000000000222e-01 1.356592059570723621e-18 9.898114717196947367e+02 8.053443074381734235e+00 9.783412012412377930e+11
2.920000000000000000e+02 1.209999999999999964e+00 8.064000000000000000e+08 5.000000000000000000e+07 4.345600626628430829e-01 1.000000000000000000e+00 1.861560664005411762e-15 1.625570124311461768e+03 4.450507817712398833e+02 3.309678072904804688e+11
2.930000000000000000e+02 2.419999999999999929e+00 5.088000000000000000e+08 5.000000000000000000e+07 9.268236228897329676e-01 1.000000000000000056e-01 1.037856121839327791e-18 1.074575073857166672e+03 2.123958826194323635e+00 1.594407680124280930e+10
2.940000000000000000e+02 1.189999999999999947e+00 2.000000000000000000e+09 5.000000000000000000e+07 5.313699076773616969e-01 1.000000000000000000e+00 2.590349675091651867e-15 1.987994923931641324e+03 5.739216717539230785e+02 1.574653591403812256e+12
2.950000000000000000e+02 1.409999999999999920e+00 5.088000000000000000e+08 5.000000000000000000e+07 8.781743261443593074e-01 6.750000000000000444e-01 2.190645458622395870e-16 1.831526968845391366e+03 8.351327954970295764e+01 3.585988991439172363e+11
2.960000000000000000e+02 2.660000000000000142e+00 5.088000000000000000e+08 5.000000000000000000e+07 9.768868878517409371e-01 0.000000000000000000e+00 2.567915502883777016e-19 1.423036452229481256e+03 7.078729488509352130e-01 1.764971450135371399e+10
2.970000000000000000e+02 2.510000000000000231e+00 5.088000000000000000e+08 1.000000000000000000e+07 9.621369907677361777e-01 0.000000000000000000e+00 5.006693858947910678e-19 4.065799348215681675e+03 2.245550690668209448e+00 1.721819480939381790e+10
2.980000000000000000e+02 4.870000000000000107e+00 1.434000000000000000e+09 1.000000000000000000e+07 1.000000000000000000e+00 0.000000000000000000e+00 4.642853351487657055e-16 6.107961276479200023e+02 0.000000000000000000e+00 1.468662105634100000e+13
2.990000000000000000e+02 4.600000000000000200e-01 5.088000000000000000e+08 1.000000000000000000e+07 1.000000000000000000e+00 2.500000000000000000e-01 1.465586788936675949e-17 1.046809449236000091e+03 0.000000000000000000e+00 1.268368932275932729e+08
3.000000000000000000e+02 3.760000000000000231e+00 1.700000000000000000e+09 1.000000000000000000e+07 1.000000000000000888e-02 3.500000000000000333e-01 6.779643305744686189e-18 1.119126448925645946e+03 1.092375484684151843e+02 2.230834220199300289e+09
3.010000000000000000e+02 6.300000000000000044e-01 8.064000000000000000e+08 5.000000000000000000e+07 6.118928294465026951e-01 4.250000000000000444e-01 5.167914228634952745e-16 1.193112627104512649e+04 1.815030001240535640e+01 2.673563019918107605e+10
3.020000000000000000e+02 1.610000000000000098e+00 4.000000000000000000e+09 2.511900000000000000e+07 8.515106807538886935e-01 1.500000000000000222e-01 1.022207271871668113e-13 9.848379448725861311e+07 7.662807769675747841e+04 1.609505369591434750e+15
3.030000000000000000e+02 3.350000000000000089e+00 5.088000000000000000e+08 5.000000000000000000e+07 9.408169029081063783e-01 0.000000000000000000e+00 3.077033142554960893e-20 6.044902972930511851e+02 1.759216399169362122e-01 1.655256979133523703e+09
3.040000000000000000e+02 1.520000000000000018e+00 5.088000000000000000e+08 5.000000000000000000e+07 9.798004827959798657e-01 4.000000000000000222e-01 1.571697223985509825e-17 2.346761550530332443e+03 7.548244497250687246e+00 2.159370036701275940e+11
3.050000000000000000e+02 2.280000000000000249e+00 5.088000000000000000e+08 1.000000000000000000e+07 8.194539282036752414e-01 2.750000000000000222e-01 1.826496526823800950e-17 1.473574291613848345e+03 6.055364708788359707e+01 8.342892744514974976e+10
3.060000000000000000e+02 5.999999999999999778e-01 5.088000000000000000e+08 5.000000000000000000e+07 5.734841677598339071e-01 5.250000000000000222e-01 3.001465657241524529e-16 3.437258316790219851e+03 9.186278536445549037e+00 7.731259478028503418e+09
3.070000000000000000e+02 2.410000000000000142e+00 5.088000000000000000e+08 5.000000000000000000e+07 9.663484167759833765e-01 3.000000000000000444e-01 1.917956327115116184e-18 6.833142145999535160e+02 3.874279356669980245e+00 6.569410661258334351e+10
3.080000000000000000e+02 3.350000000000000089e+00 8.064000000000000000e+08 5.000000000000000000e+07 9.408169029081063783e-01 2.500000000000000000e-01 4.716142796466915824e-18 8.927882191859937393e+02 2.696336166688156055e+01 3.882196078329850464e+11
3.090000000000000000e+02 3.089999999999999858e+00 2.000000000000000000e+09 2.511900000000000000e+07 9.736921945229898290e-01 0.000000000000000000e+00 1.544067330954137182e-19 1.351110784834118203e+04 8.932226183800988650e-01 6.011378847928943634e+10
3.100000000000000000e+02 7.900000000000000355e-01 4.000000000000000000e+09 1.000000000000000000e+07 8.897735565382587364e-01 0.000000000000000000e+00 2.903681976321323933e-19 7.413807726513583702e+02 3.814934573408876317e-02 7.540582895720825195e+08
3.110000000000000000e+02 1.130000000000000115e+00 4.000000000000000000e+09 1.000000000000000000e+07 9.341422424970816651e-01 2.500000000000000139e-02 2.551651302030433019e-19 4.697831646136141899e+02 9.690495852522933162e-02 3.364972430136483192e+09
3.120000000000000000e+02 2.450000000000000178e+00 2.500000000000000000e+09 2.511900000000000000e+07 9.848811356849042076e-01 7.750000000000000222e-01 1.699578985972536157e-16 7.532130903349798245e+02 4.725508109092433529e+02 7.235818942478592188e+13
3.130000000000000000e+02 2.550000000000000266e+00 5.088000000000000000e+08 1.000000000000000000e+07 9.798004827959798657e-01 0.000000000000000000e+00 2.198913081446351316e-19 8.034817357080650027e+02 1.036594622736402460e+00 1.516277952989438248e+10
3.140000000000000000e+02 8.800000000000000044e-01 5.088000000000000000e+08 5.000000000000000000e+07 1.000000000000000888e-02 3.250000000000000111e-01 7.929202983131224346e-18 5.402632199714716990e+02 7.312983030508225513e-01 4.091386204238345474e+07
3.150000000000000000e+02 1.650000000000000133e+00 4.000000000000000000e+09 1.000000000000000000e+07 4.345600626628430829e-01 2.750000000000000222e-01 7.817506024758353636e-18 6.698720937268183206e+02 9.450957205300417385e+00 1.787089583280315399e+10
3.160000000000000000e+02 1.360000000000000098e+00 8.064000000000000000e+08 1.000000000000000000e+07 1.000000000000000000e+00 2.000000000000000111e-01 1.722055937649519920e-16 1.607487171694931476e+03 0.000000000000000000e+00 5.305004650967311859e+10
3.170000000000000000e+02 2.310000000000000053e+00 5.088000000000000000e+08 2.511900000000000000e+07 9.926219917125062020e-01 1.750000000000000167e-01 4.159278796822888200e-19 7.654070788017736504e+02 9.611298885856021101e-01 5.827316208749362946e+10
3.180000000000000000e+02 2.180000000000000160e+00 3.000000000000000000e+09 1.000000000000000000e+07 9.663484167759833765e-01 7.500000000000000000e-01 2.635441555582637283e-16 1.591399599088118066e+03 7.590447775204185064e+02 4.018823145114214844e+13
3.190000000000000000e+02 4.669999999999999929e+00 5.088000000000000000e+08 2.511900000000000000e+07 9.798004827959798657e-01 0.000000000000000000e+00 1.190397090716691404e-19 4.743133409446057840e+02 2.556463627027794061e+00 5.592384647578011322e+10
3.200000000000000000e+02 5.999999999999999778e-01 5.088000000000000000e+08 1.000000000000000000e+07 4.345600626628430829e-01 0.000000000000000000e+00 9.781710436009737678e-19 4.607493407991033223e+02 5.848837587760972317e-02 1.413082219659697451e+07
3.210000000000000000e+02 4.700000000000000289e-01 4.000000000000000000e+09 5.000000000000000000e+07 8.362199171250624952e-01 0.000000000000000000e+00 3.950780149456867037e-19 4.889257116400277710e+02 6.156401685999191194e-03 1.506009913499876261e+08
3.220000000000000000e+02 5.799999999999999600e-01 5.088000000000000000e+08 5.000000000000000000e+07 1.000000000000000888e-02 4.250000000000000444e-01 1.313297631575990785e-17 5.321571445837652163e+02 3.481464609405148791e-01 1.947771000430498645e+07
3.230000000000000000e+02 6.300000000000000044e-01 5.088000000000000000e+08 5.000000000000000000e+07 9.524560062662843496e-01 0.000000000000000000e+00 2.439560106740294038e-19 8.169873122153170470e+02 8.568011363324756074e-03 1.014825222176894844e+08
3.240000000000000000e+02 2.819999999999999840e+00 5.088000000000000000e+08 1.000000000000000000e+07 9.941510680753888884e-01 0.000000000000000000e+00 9.136014182138637498e-19 1.326970937897986369e+04 5.916417160979019485e+00 3.031067365118141479e+11
3.250000000000000000e+02 2.569999999999999840e+00 8.064000000000000000e+08 2.511900000000000000e+07 9.926219917125062020e-01 2.500000000000000139e-02 9.624912449856030487e-20 3.111642882924616060e+02 3.111024003015490647e-01 2.891264160386117172e+10
3.260000000000000000e+02 3.400000000000000244e-01 3.000000000000000000e+09 1.000000000000000000e+07 1.000000000000000000e+00 0.000000000000000000e+00 1.515716669791242211e-17 1.991925169197706282e+03 0.000000000000000000e+00 3.602749494552469254e+08
3.270000000000000000e+02 2.209999999999999964e+00 8.064000000000000000e+08 1.000000000000000000e+07 1.000000000000000000e+00 0.000000000000000000e+00 6.928400707002564043e-18 1.727553105846616063e+03 0.000000000000000000e+00 9.622659409284854889e+09
3.280000000000000000e+02 2.300000000000000100e-01 4.000000000000000000e+09 1.000000000000000000e+07 9.798916064409035620e-02 0.000000000000000000e+00 4.788586962427295676e-18 3.921204331971759075e+03 2.307337635523122946e-02 6.365270644074956886e+06
3.290000000000000000e+02 3.250000000000000000e+00 8.064000000000000000e+08 1.000000000000000000e+07 9.909453928203675321e-01 7.500000000000001110e-02 1.246166907325219715e-19 9.256338714775554308e+02 1.264430919723555702e+00 6.394370314753222656e+10
3.300000000000000000e+02 4.600000000000000200e-01 5.088000000000000000e+08 1.000000000000000000e+07 9.100000000000000311e-01 0.000000000000000000e+00 4.741939467860318698e-19 8.821420973487105357e+02 1.361801648600781053e-02 4.163052797379038483e+07
3.310000000000000000e+02 2.390000000000000124e+00 1.139100030000000000e+09 1.000000000000000000e+07 9.870913234723223129e-01 0.000000000000000000e+00 7.143031681771551804e-20 7.398083175905327380e+02 2.746005143671622628e-01 1.218808423465303993e+10
3.320000000000000000e+02 2.660000000000000142e+00 1.434000000000000000e+09 1.000000000000000000e+07 9.736921945229898290e-01 0.000000000000000000e+00 1.025551346546644701e-19 7.195624037986219719e+02 5.523069709560634033e-01 1.763049262810054016e+10
3.330000000000000000e+02 3.959999999999999964e+00 5.088000000000000000e+08 1.000000000000000000e+07 8.194539282036752414e-01 1.000000000000000056e-01 5.466489801430950893e-19 1.269679868552324933e+03 1.038457797175499664e+01 1.430754783269535065e+10
3.340000000000000000e+02 2.629999999999999893e+00 2.000000000000000000e+09 5.000000000000000000e+07 8.515106807538886935e-01 5.750000000000000666e-01 5.396801226573627158e-17 7.330540920226314938e+02 1.435407883150085979e+02 1.962634423462291260e+12
3.350000000000000000e+02 2.720000000000000195e+00 5.088000000000000000e+08 1.000000000000000000e+07 9.701892829446502331e-01 0.000000000000000000e+00 2.028987115122303911e-19 1.051133639096361094e+03 1.172380552232211270e+00 1.150989738280081940e+10
3.360000000000000000e+02 4.410000000000000142e+00 5.088000000000000000e+08 5.000000000000000000e+07 9.768868878517409371e-01 0.000000000000000000e+00 1.026031502542715125e-19 7.101883244087686080e+02 1.404937698271742530e+00 3.502994330682780457e+10
3.370000000000000000e+02 3.520000000000000018e+00 2.000000000000000000e+09 5.000000000000000000e+07 1.000000000000000888e-02 2.000000000000000111e-01 1.784875484061066617e-18 9.336960467036861928e+02 1.193940787367890977e+01 8.834711278881496191e+08
3.380000000000000000e+02 1.520000000000000018e+00 5.088000000000000000e+08 5.000000000000000000e+07 8.515106807538886935e-01 8.000000000000000444e-01 5.766699704995530375e-16 1.716381776444634852e+03 2.769519386510730214e+02 9.488743262358988037e+11
3.390000000000000000e+02 4.860000000000000320e+00 8.064000000000000000e+08 5.000000000000000000e+07 1.000000000000000888e-02 0.000000000000000000e+00 1.588734806332262625e-19 1.650196876782222489e+03 2.964053302402606338e+00 1.752258183760214448e+08
3.400000000000000000e+02 2.800000000000000266e-01 5.088000000000000000e+08 1.000000000000000000e+07 1.000000000000000000e+00 0.000000000000000000e+00 2.305178820913746199e-17 4.736967762412989032e+03 0.000000000000000000e+00 5.455447283770609647e+07
3.410000000000000000e+02 5.100000000000000089e-01 5.088000000000000000e+08 1.000000000000000000e+07 3.790426555198066483e-01 2.750000000000000222e-01 2.139023498289237902e-17 1.240766854021724384e+03 8.140380181612785204e-01 1.578836149549197257e+08
3.420000000000000000e+02 2.700000000000000178e+00 5.088000000000000000e+08 1.000000000000000000e+07 9.621369907677361777e-01 2.500000000000000139e-02 1.823686341742357031e-19 7.978220516973228769e+02 1.029495176662277744e+00 7.893853646130630493e+09
3.430000000000000000e+02 3.390000000000000124e+00 1.700000000000000000e+09 5.000000000000000000e+07 9.848811356849042076e-01 3.250000000000000111e-01 2.372678391195100125e-17 4.485742537427866409e+03 1.408546528228385171e+02 1.850249344608840234e+13
3.440000000000000000e+02 4.400000000000000022e-01 5.088000000000000000e+08 1.000000000000000000e+07 8.194539282036752414e-01 0.000000000000000000e+00 7.836764493160263147e-19 8.931469124095912093e+02 1.996089086127655898e-02 2.750149322945098206e+07
3.450000000000000000e+02 4.500000000000000111e-01 5.088000000000000000e+08 1.000000000000000000e+07 9.268236228897329676e-01 0.000000000000000000e+00 3.335077856851083228e-19 9.446471151990095905e+02 9.025137357637618221e-03 3.453763289931721985e+07
3.460000000000000000e+02 2.580000000000000071e+00 5.088000000000000000e+08 1.000000000000000000e+07 9.701892829446502331e-01 0.000000000000000000e+00 2.941303826515984219e-19 1.081805562604873558e+03 1.438624302982784986e+00 1.412375705841247559e+10
3.470000000000000000e+02 2.270000000000000018e+00 3.000000000000000000e+09 1.000000000000000000e+07 9.341422424970816651e-01 4.000000000000000222e-01 3.741201908640692334e-17 1.659867196976343394e+03 1.223318340559525694e+02 3.199873793657575684e+12
3.480000000000000000e+02 2.229999999999999982e+00 3.000000000000000000e+09 1.000000000000000000e+07 9.408169029081063783e-01 3.750000000000000000e-01 3.971544440200421188e-16 1.082336766620687704e+05 1.228167590838498427e+03 3.600264926354979688e+13
3.490000000000000000e+02 3.099999999999999978e-01 4.000000000000000000e+09 2.511900000000000000e+07 8.362199171250624952e-01 7.500000000000001110e-02 1.727069723164963623e-16 2.378496831357122282e+05 1.174635214289237783e+00 2.197030095350515747e+10
3.500000000000000000e+02 4.419999999999999929e+00 5.088000000000000000e+08 1.000000000000000000e+07 9.408169029081063783e-01 2.000000000000000111e-01 7.908497340229254882e-19 7.606924526339724935e+02 2.130930045677694551e+01 1.022959509995788879e+11
3.510000000000000000e+02 3.589999999999999858e+00 5.088000000000000000e+08 2.511900000000000000e+07 7.809132347232226046e-01 1.500000000000000222e-01 1.293654859971356175e-18 2.107534733828985281e+03 1.203917126979220420e+01 1.963299772653961182e+10
3.520000000000000000e+02 2.339999999999999858e+00 5.088000000000000000e+08 5.000000000000000000e+07 7.345771296661833816e-01 3.250000000000000111e-01 4.638950181129297765e-17 3.307317015010852629e+03 8.427181755894510218e+01 1.415248517896280518e+11
3.530000000000000000e+02 3.300000000000000155e-01 8.064000000000000000e+08 1.000000000000000000e+07 1.000000000000000000e+00 0.000000000000000000e+00 3.095546107358005842e-17 2.691859140744801152e+03 0.000000000000000000e+00 1.707097290640484691e+08
3.540000000000000000e+02 5.799999999999999600e-01 5.088000000000000000e+08 1.000000000000000000e+07 1.000000000000000000e+00 3.250000000000000111e-01 5.274523306038849601e-18 4.789981113320423560e+02 0.000000000000000000e+00 8.232026736489069462e+07
3.550000000000000000e+02 2.709999999999999964e+00 1.139100030000000000e+09 2.511900000000000000e+07 9.798004827959798657e-01 0.000000000000000000e+00 2.065621508250107605e-19 7.262876477256293128e+02 7.892343922620823626e-01 3.322829464825467300e+10
3.560000000000000000e+02 2.689999999999999947e+00 5.088000000000000000e+08 1.000000000000000000e+07 9.768868878517409371e-01 3.500000000000000333e-01 2.986473981867539670e-18 1.162164604930286259e+03 1.666279824030626600e+01 2.123982014919560852e+11
3.570000000000000000e+02 4.629999999999999893e+00 8.064000000000000000e+08 5.000000000000000000e+07 9.979773556538258372e-01 5.000000000000000278e-02 3.318528841830551513e-19 1.644494076384789878e+03 5.305624257349244033e+00 2.363042974127100098e+12
3.580000000000000000e+02 3.450000000000000178e+00 5.088000000000000000e+08 5.000000000000000000e+07 4.851925397502274695e-01 2.000000000000000111e-01 2.111637063197938625e-18 1.192179305923623133e+03 1.325310053251921261e+01 8.016449842726892471e+09
3.590000000000000000e+02 2.620000000000000107e+00 2.500000000000000000e+09 1.000000000000000000e+07 9.870913234723223129e-01 2.500000000000000000e-01 2.624587058115984617e-18 7.795037551781457523e+02 1.347508527441975268e+01 1.620171402077081055e+12
3.600000000000000000e+02 2.540000000000000036e+00 5.088000000000000000e+08 2.511900000000000000e+07 9.663484167759833765e-01 1.750000000000000167e-01 5.499220184499211295e-19 7.475155002946331706e+02 1.712932323497886156e+00 2.220101014110725403e+10
3.610000000000000000e+02 3.540000000000000036e+00 2.000000000000000000e+09 1.000000000000000000e+07 1.000000000000000888e-02 3.000000000000000444e-01 1.710995349468090142e-17 2.775140088769654540e+03 2.276566949921179628e+02 5.072809555293991089e+09
3.620000000000000000e+02 3.959999999999999964e+00 5.088000000000000000e+08 1.000000000000000000e+07 9.736921945229898290e-01 2.500000000000000139e-02 1.671386284096059755e-19 9.436965480294171584e+02 3.175098064497252182e+00 3.544537843361438751e+10
3.630000000000000000e+02 2.999999999999999889e-01 5.088000000000000000e+08 1.000000000000000000e+07 1.000000000000000888e-02 0.000000000000000000e+00 -2.872152385796445807e-16 4.430803010967861414e+08 -2.685852167030112536e+00 -3.503418717554396391e+07
3.640000000000000000e+02 2.430000000000000160e+00 8.064000000000000000e+08 5.000000000000000000e+07 9.990352180385682068e-01 0.000000000000000000e+00 5.686711137180640078e-21 6.583686078699026893e+02 1.178974010740123542e-02 1.101956110962068367e+10
3.650000000000000000e+02 1.260000000000000009e+00 1.139100030000000000e+09 5.000000000000000000e+07 9.848811356849042076e-01 3.000000000000000444e-01 3.137255022873954357e-18 1.275607490718331519e+03 8.482107263554738985e-01 6.268613404749456787e+10
3.660000000000000000e+02 1.260000000000000009e+00 2.000000000000000000e+09 5.000000000000000000e+07 9.941510680753888884e-01 2.000000000000000111e-01 9.390640404699691395e-19 1.231127221952614718e+03 2.538920763705286299e-01 1.025313990259868164e+11
3.670000000000000000e+02 2.129999999999999893e+00 1.139100030000000000e+09 2.511900000000000000e+07 9.926219917125062020e-01 5.000000000000000278e-02 1.565504997753951788e-19 6.407391579682936253e+02 2.763809380768919577e-01 3.226209079083515930e+10
3.680000000000000000e+02 1.060000000000000053e+00 2.000000000000000000e+09 1.000000000000000000e+07 1.000000000000000000e+00 2.000000000000000111e-01 2.951848185317831925e-16 2.225941532088112126e+03 0.000000000000000000e+00 1.124634826683437958e+11
3.690000000000000000e+02 1.130000000000000115e+00 2.000000000000000000e+09 5.000000000000000000e+07 9.941510680753888884e-01 2.000000000000000111e-01 2.714321350667773000e-18 3.372579764308893573e+03 5.276396323942610378e-01 2.130812054645939331e+11
3.700000000000000000e+02 3.120000000000000107e+00 5.088000000000000000e+08 5.000000000000000000e+07 9.891070386914596613e-01 0.000000000000000000e+00 3.702356687117055091e-20 4.165226362833375333e+02 1.689636098269478026e-01 9.041099457225915909e+09
3.710000000000000000e+02 2.550000000000000266e+00 1.700000000000000000e+09 1.000000000000000000e+07 9.909453928203675321e-01 0.000000000000000000e+00 8.480361225821598097e-20 1.374108923685122818e+03 3.997746395581406320e-01 4.514548804601050568e+10
3.720000000000000000e+02 2.339999999999999858e+00 5.088000000000000000e+08 1.000000000000000000e+07 8.897735565382587364e-01 1.750000000000000167e-01 1.037471914787738231e-17 2.107174884415129327e+03 3.682031754455716310e+01 8.993714303197383118e+10
3.730000000000000000e+02 3.300000000000000155e-01 5.088000000000000000e+08 1.000000000000000000e+07 1.000000000000000888e-02 0.000000000000000000e+00 -1.299365753241386295e-16 4.228292363622155786e+08 -1.551014046679231928e+00 -2.023138767289006338e+07
