9.937945366248243095e-01 9.748056982100450352e-01 1.066911417232187187e+00 1.023265384395039890e+00 9.347867246059143875e-01 9.857498287905060996e-01 9.425433702082995913e-01 9.978327663430215377e-01 1.015477694380159113e+00 1.143293468781472866e+00 1.021435081209045359e+00 9.653060444956428343e-01
1.034426196051449365e+00 9.651745909830062864e-01 9.537368752843942143e-01 1.013225280974418663e+00 1.048604000320488394e+00 1.026068393274317314e+00 1.041289492335020217e+00 9.789972594056396415e-01 9.800218022930501371e-01 9.897593435672764617e-01 1.006225090904396602e+00 9.837020895822687905e-01
9.636785528659216338e-01 1.040320634736667582e+00 1.077972166643974328e+00 9.807186379132536436e-01 9.660357270124988460e-01 1.012791785278191803e+00 9.760031991741776602e-01 1.005708271928705377e+00 1.089537314058379280e+00 9.696533902153365858e-01 9.689141866299615380e-01 9.885210338177061740e-01
1.031196024863862748e+00 9.875643049641379401e-01 9.074893334803656453e-01 1.060496994682628147e+00 1.066908160387271876e+00 1.085063192724038394e+00 1.059024085157666661e+00 9.851479252597368230e-01 9.448445365030752052e-01 9.607056291971673989e-01 1.026880239024550612e+00 9.565199495220095827e-01
9.738721409233996873e-01 1.018022962705225298e+00 1.020106528003377644e+00 1.020373972379390093e+00 9.225136812622088955e-01 1.074952714746373106e+00 1.117495158857482851e+00 9.462800980988718136e-01 9.828777415836572606e-01 9.985358628031769657e-01 1.007670409612501317e+00 9.761746344324987446e-01
1.036650124396637729e+00 1.152426945524737567e+00 8.516029925030211833e-01 1.025765604084952098e+00 9.901588984288856032e-01 1.014558095277366956e+00 1.050274593268245127e+00 9.736985721062845212e-01 1.049907800164496585e+00 9.895858922662812418e-01 1.001959156723944977e+00 9.870553947596922839e-01
9.831123811671865775e-01 1.039728849760510165e+00 1.025621117443445751e+00 9.967807591810639023e-01 9.385913192058195076e-01 1.029386836790834758e+00 0.000000000000000000e+00 1.150812165753552385e+00 9.270416838820038086e-01 9.457583830946071357e-01 1.027539998796655585e+00 1.007257526705532147e+00
9.194080454679764980e-01 1.030457810814071395e+00 8.802055205136696259e-01 1.244710125896135056e+00 1.010757080180008760e+00 1.045928973674808971e+00 1.047981638037013497e+00 1.157165314386014776e+00 9.314845884471335546e-01 8.230775112329056231e-01 9.928413485326162968e-01 1.143193244550432253e+00
9.759523549810802390e-01 9.378477679213497176e-01 1.048970028754909967e+00 1.045887307457070037e+00 1.043287508929141350e+00 9.967230835175906467e-01 9.790324068726810047e-01 9.925916154989479212e-01 1.034812423106551638e+00 1.018978878380812469e+00 9.762662325857235368e-01 9.775356940184367627e-01
1.043429733468402176e+00 9.622777012514216466e-01 8.993884557473725838e-01 9.987309416942097284e-01 1.002405523958314504e+00 1.130066568179586728e+00 1.164132726402768103e+00 1.020452178580095737e+00 1.041040723518493305e+00 1.003032720891056329e+00 1.028276333376055396e+00 8.617838258867115409e-01
9.831761086811499073e-01 1.033079356839020857e+00 1.044954644403377264e+00 1.032004127202150956e+00 9.856732454171773794e-01 9.814734638000813804e-01 9.533883651894550226e-01 1.026474547274950355e+00 9.744496692082047495e-01 9.656434669022694317e-01 1.005156287241266932e+00 1.033757248634233017e+00
1.181824531994792427e+00 1.239574196101745684e+00 8.091414333489103106e-01 8.243397291688527861e-01 9.344862790761910842e-01 1.068875733090694169e+00 1.132734849289360302e+00 1.228827940095120530e+00 1.408952500280327813e+00 9.314024127159269417e-01 1.035559601290405807e+00 9.873082652923412805e-01
9.105347663418290605e-01 1.077162092860391107e+00 1.098458703860589969e+00 1.081271874768316543e+00 9.833828940803208685e-01 1.001923177154645517e+00 9.642269971208087265e-01 1.036101749328150357e+00 9.851829564925473903e-01 9.663752290897257291e-01 9.622023928766193501e-01 1.002537595851602514e+00
1.020217635332488770e+00 1.043033029151143376e+00 9.333821187880364523e-01 9.574630014507717890e-01 9.868115458316769617e-01 1.042586865019866194e+00 1.008535115360516654e+00 1.005453464978002920e+00 1.176458958348010286e+00 1.004021889867445561e+00 1.051304399358375496e+00 8.809174471314088484e-01
1.212654711920040373e+00 9.427597654787200909e-01 9.772963422779916698e-01 9.907504318625126594e-01 1.054153605404465344e+00 9.814411794051117743e-01 9.512463354913796021e-01 1.021650627347744367e+00 9.837477413996561504e-01 1.009043287011168522e+00 9.903199902297240564e-01 1.047781214321269916e+00
9.974785287982563808e-01 9.960958486233826292e-01 9.084759791523639993e-01 9.865327178437554023e-01 9.711402388865705282e-01 1.136742960978621264e+00 1.105511513502760002e+00 1.119776604891249860e+00 1.019994549585876875e+00 1.072405804545021546e+00 1.026605090182928448e+00 8.366772709101265582e-01
1.760928143053200612e-01 7.983321457043773828e-01 1.076333470767035116e+00 1.058746931081199438e+00 1.133078405826776658e+00 9.624251391688876112e-01 9.732299226005840520e-01 9.858118387902644608e-01 9.647969477462157162e-01 9.608166654233785131e-01 9.739974506787503206e-01 1.062901422948836272e+00
1.079968518171007918e+00 1.036365746058379278e+00 8.781210093281996976e-01 1.046258078462100061e+00 1.070903640327930839e+00 1.078462068889570524e+00 1.051154737061838818e+00 9.884087076797134497e-01 9.062685059202807425e-01 9.391209924841514844e-01 1.055830181127664913e+00 1.008354874392070277e+00
1.146669570376986247e+00 9.353375523031892680e-01 9.295530779218902362e-01 1.009103427145045639e+00 1.158442103331530415e+00 9.441008725439499205e-01 9.862203237687234836e-01 9.997123167309213132e-01 1.641916961466048264e+00 9.083541035669766561e-01 9.635328037188152228e-01 9.695818027889975266e-01
9.913258644745539527e-01 9.524159666536977653e-01 9.530407100887562377e-01 9.943397954450519105e-01 1.042357980305630427e+00 1.158263002859755808e+00 1.115431052421048674e+00 1.032627904469682667e+00 9.614031468675915404e-01 1.013047909081168374e+00 1.059868951851812735e+00 8.619171605955899818e-01
9.963281223634973260e-01 1.016798264345710301e+00 9.465809754985038404e-01 9.770235404943062862e-01 9.361700057207759107e-01 1.156510685277048811e+00 1.136151214968428746e+00 1.039322841532618114e+00 9.145128557463462204e-01 1.226846038083519552e+00 9.605846726584106321e-01 8.081677022600075588e-01
1.368991864468894537e+00 8.599075759792238483e-01 1.019504860568837268e+00 1.188932107851219833e+00 1.148972324873982931e+00 1.007597522695132142e+00 1.000091651585085284e+00 9.286154290193435745e-01 8.689598790870370904e-01 9.268031723445810943e-01 1.015371677931705685e+00 1.188799619064856206e+00
1.017884086399372778e+00 1.006724992899574067e+00 9.902230199007451272e-01 1.005240720194859216e+00 9.207653865771618928e-01 1.096780886689046497e+00 1.091793537985541240e+00 1.012657335964531891e+00 9.281373073778955707e-01 9.801691419452136511e-01 1.032484408094804129e+00 9.790363497535393700e-01
9.550333910151014294e-01 1.046703887358124696e+00 1.119513145945805865e+00 1.000854078036320649e+00 9.633380293815330120e-01 9.778825055574474900e-01 9.586035554172902540e-01 9.989916071588149649e-01 1.076032679914459500e+00 9.889057192684111985e-01 9.652345734559324431e-01 1.002145803843690119e+00
1.192260062762493744e+00 9.921536950944508382e-01 8.605340387074510433e-01 1.054325325114058742e+00 1.053702460667525820e+00 1.098087349315517214e+00 1.005737932551355573e+00 9.487157620796192736e-01 9.142488825548440445e-01 8.781176173476786806e-01 1.104429892373187005e+00 1.141858512211015420e+00
1.054758883471192066e+00 9.933797108432049772e-01 9.358830025506856831e-01 1.022082194249879894e+00 1.005752399144900222e+00 1.057108832757932326e+00 1.032318945073275263e+00 9.494804407105524868e-01 9.146251005266324841e-01 9.398264699342309125e-01 1.105945449463171970e+00 1.071180626405041636e+00
9.963993165484551495e-01 1.028760258399370242e+00 9.254837937170911077e-01 1.018374678582548265e+00 9.511770808147481659e-01 1.070476723832608057e+00 1.051346446069891361e+00 1.041206570067049197e+00 1.024358487411994201e+00 1.077586202948298766e+00 1.044322852634634868e+00 8.656000748383311238e-01
9.916347115551440439e-01 9.595135954226766684e-01 9.887619563587720650e-01 1.002542198553896480e+00 1.106160970950788469e+00 1.026374498169585925e+00 9.679002883027325588e-01 1.024936323749123135e+00 1.196892300752522509e+00 9.691345065355728705e-01 9.896592647116667640e-01 9.031999420116230137e-01
9.478491336809045098e-01 1.031385866637333004e+00 1.113328447344356986e+00 1.007462364994002879e+00 9.855427334592437028e-01 9.603903571469710743e-01 9.708150936818180643e-01 1.005501440684483550e+00 1.168069139434786630e+00 9.445253700801038432e-01 9.789438475635717785e-01 9.753418202502129875e-01
9.370010732004631082e-01 9.691060949501923982e-01 1.014305220100018889e+00 1.138604736875887591e+00 9.858606636684015267e-01 1.063035676987556633e+00 1.020671461241555500e+00 9.766422145817391653e-01 9.945000639853281976e-01 1.115719602737541338e+00 9.168032766212569351e-01 9.619187762298242461e-01
1.003870719246620080e+00 9.893871839518800781e-01 9.256654317369077400e-01 9.645234462125622521e-01 9.314365349722317777e-01 1.073786896672531688e+00 1.085083580696588612e+00 2.465788924466951304e+00 8.041622666713498235e-01 1.500743709691005234e+00 1.207779567815792987e+00 7.960518810513982357e-01
1.060322520090120735e+00 9.260390866667266296e-01 1.006443807767832377e+00 1.000541355621755724e+00 1.076483448588729575e+00 9.495890499684125352e-01 1.001091707500264327e+00 1.008066421857540362e+00 1.025612663077257958e+00 9.716624760763747926e-01 1.012893681935259194e+00 9.996285154669452000e-01
9.323565863678384691e-01 1.000293526115062059e+00 1.194815609914616106e+00 9.720492489029163297e-01 1.070205103870499164e+00 9.945292754709768035e-01 1.008622253473964614e+00 9.043625006160574964e-01 1.237074199521300599e+00 9.600841125486557770e-01 9.565485067683474618e-01 9.622397284744760304e-01
1.054558821204780950e+00 9.328056903599623029e-01 9.896376367240834471e-01 1.032970381121939729e+00 1.094871719787937403e+00 9.580030279126344750e-01 9.750885991151427845e-01 1.067899668629896937e+00 1.053305296614732045e+00 9.543484333844359790e-01 9.784122564203115990e-01 9.679063314491415104e-01
1.014778582994863898e+00 9.698065687815698999e-01 9.222011098997563439e-01 1.000005977480830754e+00 9.642655671987491184e-01 1.157896492678564426e+00 1.170078255651072485e+00 1.044222163933022696e+00 7.920987823023005747e-01 9.758661377747962495e-01 1.070839929501955279e+00 8.928814634218064095e-01
8.396173416153044355e-01 9.376394168667825380e-01 1.001557113426753798e+00 1.054914463113469703e+00 1.013114794006120034e+00 1.004889594468818759e+00 9.779273776819522590e-01 1.003105364159575963e+00 9.850852791539035369e-01 1.015558889073913340e+00 9.823694068050043970e-01 9.854630273689634068e-01
9.699573931146081573e-01 9.992167798933629941e-01 1.078919517819393548e+00 1.007929183275287910e+00 9.736872602276591682e-01 9.853925355013520848e-01 9.717729783852810943e-01 1.241816375307066567e+00 1.046278229931099313e+00 9.774418362429153628e-01 8.821478122150231416e-01 9.960828834569921408e-01
1.045894826830567004e+00 1.033658888286957067e+00 9.033506465823786247e-01 9.715371016489949829e-01 9.134790824506512363e-01 1.036895044551728873e+00 1.004697749101328696e+00 1.962956803192207111e+00 9.149943605008777903e-01 1.039234459020108359e+00 1.108022897791279604e+00 8.938475432389690889e-01
1.048537290509897302e+00 9.875891260136578920e-01 9.328383560396100727e-01 1.052821235852667847e+00 1.016286479072008753e+00 1.067288658791387901e+00 1.026886587128821970e+00 1.013126850689807235e+00 9.476930292006633394e-01 9.235071611049230356e-01 1.084999842742775833e+00 9.635171560018965797e-01
9.628327949713495482e-01 1.089528847280602175e+00 9.122233836265819518e-01 1.065629960366940132e+00 1.009464625253642334e+00 1.035146470162912502e+00 1.049490518166049879e+00 9.743249016993481559e-01 9.951673518667246698e-01 9.743354751205165476e-01 1.023241154424656241e+00 9.647431297303288300e-01
1.083055137170721549e+00 9.451169195664568257e-01 9.731662495038667648e-01 1.002533665335493929e+00 1.067541210886529424e+00 9.726328010042190053e-01 9.709285759530869031e-01 1.006324497798834150e+00 1.005383165679670343e+00 9.729078148687080319e-01 1.004166735497427965e+00 1.031783958093277054e+00
9.667597396347369365e-01 1.046279620459075854e+00 9.936109328672787511e-01 9.818940397679932763e-01 9.959867913510589421e-01 1.023587410300910605e+00 9.931041937090341332e-01 1.017247440797115265e+00 9.920723983415189462e-01 1.004509683644098317e+00 9.986946391089233099e-01 9.953439654258434688e-01
9.399343582617240012e-01 1.052110638915975116e+00 1.055082654322170965e+00 1.074412839913293727e+00 9.926330241144570854e-01 9.878713608738206586e-01 9.405911149695032059e-01 1.025012409124670620e+00 1.066973501116181167e+00 9.576963240188092197e-01 9.764060202958706469e-01 9.828682862284033872e-01
1.002527225407319866e+00 1.069219241497129103e+00 9.674063540702806385e-01 9.401781936764800340e-01 9.330122433790090097e-01 9.986641944755828559e-01 9.623831938299656219e-01 1.038324221084243604e+00 1.273380307461844163e+00 9.715867634492668659e-01 9.772086670676035647e-01 1.008313920346639359e+00
9.305910201261178294e-01 1.012160853122049842e+00 1.025415916320778553e+00 1.091339588313174236e+00 9.854973581919999059e-01 1.005835174629214235e+00 9.867279844666994038e-01 1.019423048405235344e+00 9.735823576174637006e-01 9.822107725763560282e-01 9.936916138404215948e-01 1.025467491520821950e+00
1.004954993123201357e+00 1.014676392374216807e+00 1.026525987844407739e+00 9.780423730583703845e-01 9.091117781666748776e-01 1.063877509530208876e+00 9.968430161529242550e-01 1.021066224777795961e+00 1.038581805332112085e+00 1.013802358038204954e+00 9.753024112658382760e-01 9.920164559515495251e-01
9.526683589169665511e-01 9.981621745962744319e-01 1.065924480455707979e+00 9.872098584192805504e-01 9.767931689767610504e-01 1.026208194065128643e+00 1.009316306249131490e+00 9.932731095315469050e-01 1.002452205588644896e+00 9.931778603137301209e-01 1.007328427682587346e+00 1.003479578367469705e+00
1.018455582338499310e+00 1.004569069946420035e+00 9.456850179195958050e-01 1.013125996342750357e+00 9.596005511478229444e-01 1.156771052121348342e+00 1.084886025931371734e+00 9.913459663165984370e-01 1.000767899551124884e+00 9.600461365396136815e-01 1.040730796424633953e+00 9.159525557422433240e-01
7.472015881831254314e-01 1.121273946955127609e+00 9.919249779269967426e-01 9.915233219158863243e-01 1.023717777394435702e+00 9.874965144103766690e-01 9.981887002695284394e-01 9.884831441754069470e-01 9.959320043603943073e-01 9.682850923952742717e-01 1.008555856926834471e+00 1.037932904706407422e+00
9.935008549895324448e-01 9.628473380419606542e-01 1.023310006242477144e+00 1.015842845226267999e+00 9.609873480560785497e-01 1.001137969419671370e+00 9.977241464227183387e-01 1.038559699229216982e+00 9.993197417660520943e-01 1.021905702278727013e+00 1.010628628544128826e+00 9.863729215009681139e-01
1.066901602709769747e+00 9.371876937368575078e-01 9.398535938435026438e-01 1.053207801889484818e+00 1.076365628132398999e+00 9.408079366475569083e-01 9.264453541288224514e-01 1.020774168500317991e+00 1.269205040281176311e+00 9.815262578383117109e-01 9.359986651604421670e-01 1.026013963584116784e+00
1.011847349430405885e+00 1.029584572910032803e+00 1.012513956491556621e+00 9.233614270171752736e-01 9.600755725604342983e-01 1.017143524367669638e+00 1.075333130953131100e+00 9.517831450684666184e-01 1.302250484275486508e+00 9.798100313426327812e-01 1.196619920310768137e+00 8.821412341135548285e-01
9.420867939563202231e-01 1.057662398209416876e+00 9.976516137099472603e-01 1.101980894129250599e+00 1.062360491358385284e+00 1.242896714471084074e+00 7.144255212648777942e-01 1.084388115623436510e+00 9.667597444287521213e-01 1.327887796536071363e+00 9.649028686302589808e-01 8.933503358581819098e-01
1.000466325390559241e+00 9.993519071351063543e-01 8.635966951827178661e-01 9.799800151478657018e-01 9.734915952174886256e-01 1.113081653369796253e+00 1.083609112100595739e+00 1.818783074469622285e+00 1.022428679112580285e+00 1.021819215119514901e+00 1.006940550727458250e+00 8.396969283449255972e-01
9.351015305140346623e-01 9.678030374258069779e-01 1.024364659213251816e+00 1.054633683968875468e+00 1.081620925585121240e+00 1.036903513064014515e+00 1.010147938570273407e+00 9.941486458367205792e-01 9.625112474875955337e-01 1.111718294294139708e+00 9.570010045549834921e-01 9.346184994283107672e-01
1.068086427665565941e+00 9.095022177899397819e-01 9.651426894613379659e-01 1.041218159764261131e+00 1.086433878575148837e+00 1.003338311119505777e+00 9.614957081528154870e-01 1.039771456869895472e+00 9.969212178649140554e-01 9.958944916148888549e-01 9.772817303275527223e-01 1.008614449962220716e+00
9.852191765567757109e-01 9.642283112216980534e-01 1.057904605288405797e+00 9.528948753548013295e-01 9.704468120735941783e-01 1.060313023070247551e+00 1.021312002613933956e+00 1.002356779082023364e+00 1.029056548044680497e+00 1.034613446093121780e+00 9.628133964672573875e-01 1.011340521166491424e+00
1.036711414585622881e+00 9.453678584255668094e-01 9.725640152997678811e-01 1.065205977505705448e+00 9.730034321436135114e-01 9.711854285265218989e-01 9.549804885908179664e-01 1.039329557533101189e+00 1.025002463437421962e+00 1.068742053936561742e+00 9.644682414241502189e-01 1.026059407903871623e+00
1.040094514110988522e+00 9.606170228099618624e-01 9.271974281167962850e-01 1.093160447355450149e+00 1.020982754484581090e+00 1.068451659695674572e+00 1.007128948709555383e+00 1.004859188570288886e+00 1.045922463836579608e+00 9.076042100197488915e-01 9.787465695502070018e-01 1.021499703567315454e+00
9.972034780075450522e-01 9.280323351042384372e-01 9.952072196080511413e-01 9.982718787967062024e-01 1.164940901178918242e+00 8.924267375355545706e-01 9.819764273598208248e-01 1.198566826232321025e+00 1.579982483008209870e+00 9.449666011747758221e-01 8.237095046174086610e-01 9.289979761387541224e-01
9.724438096318538394e-01 1.055095053783702497e+00 1.012810904579165783e+00 9.603766897650911627e-01 9.559650645082709008e-01 1.011497026150222744e+00 1.014208839870161638e+00 1.026453291661098444e+00 1.001643222033133940e+00 1.022289370831145128e+00 1.036360065187359902e+00 9.555597958785105872e-01
1.155384500194482245e+00 9.196342554334228092e-01 9.460601260304609683e-01 1.038938129900368379e+00 1.029602203315481024e+00 9.728447947172218502e-01 9.514759823508349701e-01 9.813627742611519267e-01 1.020052517048899210e+00 9.836903266562494474e-01 9.924859876589851027e-01 1.098652080654772600e+00
9.883344333010141147e-01 1.054372131926212264e+00 1.028607697541380261e+00 9.415485239307710419e-01 9.146894108375855925e-01 1.036522589718023246e+00 1.032526219521155975e+00 9.493146165641316303e-01 1.073739574775865124e+00 1.100765447853319756e+00 9.214706223196598156e-01 1.042923007421025394e+00
9.318778004543472049e-01 1.008777878494578006e+00 1.031330739827516885e+00 1.075182594936635594e+00 9.841375958665721235e-01 1.008293028850073769e+00 9.817485777316253825e-01 1.007508986376738136e+00 1.001608970188924808e+00 1.012044673153022600e+00 9.882135164089943524e-01 9.938384892103337975e-01
1.460278797687940111e+00 8.136097095420996572e-01 1.056763116028651694e+00 1.143505632820330131e+00 1.148794467174838907e+00 9.860944653123214776e-01 9.556505355678828195e-01 9.713102612631505650e-01 8.802421672482956261e-01 9.990220010253817451e-01 9.952740695566841822e-01 1.113917369983478567e+00
8.282975629518805061e-01 1.061987795028580317e+00 1.122811688566285104e+00 9.585509317323210876e-01 8.839734856816492403e-01 9.945805973091127461e-01 9.602087642411770707e-01 1.083017783084773145e+00 1.042464958662381758e+00 1.081875876253405089e+00 9.405427984014164133e-01 1.037441711209035056e+00
1.073436832842292965e+00 9.031071077315211415e-01 9.614510190102102394e-01 1.013680633767138461e+00 1.082579992469091090e+00 1.079164579076096864e+00 1.085696479124382163e+00 1.021977691298311397e+00 9.855264171282192009e-01 9.132392617205179475e-01 9.391555561987835477e-01 1.042578452188273719e+00
1.167594787517545418e+00 8.509687918086774605e-01 1.004695537097719082e+00 1.058655770382645134e+00 1.081430275234948946e+00 9.741638755426311747e-01 9.414446112741373662e-01 9.881642330114606132e-01 1.016252122099913224e+00 1.076500334772656275e+00 9.506834172710791897e-01 1.037040060282287790e+00
9.908673569362089761e-01 9.385762808070757801e-01 1.030143917880421700e+00 1.087761003275990568e+00 1.048270269040757485e+00 9.996809239420276771e-01 9.761246837080418404e-01 1.141997692666798070e+00 9.288568091537555693e-01 1.100760988751502856e+00 9.155928175225911403e-01 9.536274462177892763e-01
1.032680644750742838e+00 1.011983553065758157e+00 9.546673869350900121e-01 9.618588104996761423e-01 1.010448778066821651e+00 1.130324023195878658e+00 1.066508151452345565e+00 9.140366836657338734e-01 9.955780515213389359e-01 9.342405775005695467e-01 1.154755005054077133e+00 9.006756016591467295e-01
9.752624907265171617e-01 1.028643472770643497e+00 9.537942827338284912e-01 1.057613893167666630e+00 1.021273659747474971e+00 9.789952987563650399e-01 9.403316168245101636e-01 1.017739781435586632e+00 1.174651980668577345e+00 9.227026109596759840e-01 9.662691502736296956e-01 1.056272492352080095e+00
1.004544680055272199e+00 9.903804742967828867e-01 1.005503686774235295e+00 1.006295726730867202e+00 1.052762710923977219e+00 1.007531700646344230e+00 9.942401746469258228e-01 9.890327630787955071e-01 9.651157832846363194e-01 9.922345556716294368e-01 9.936459701699288383e-01 1.011671718417434196e+00
8.858356879685356233e-01 9.629311878711458439e-01 1.039409257980417278e+00 1.153626137430022514e+00 9.401520375983385414e-01 1.026590327697272098e+00 9.905782803093154953e-01 1.412776398885712936e+00 9.987293342573038135e-01 1.059770914520165919e+00 9.043704447069900176e-01 8.762007583872298833e-01
8.436764080941041577e-01 1.097167035650699951e+00 9.312434928131598788e-01 1.112112823261538930e+00 9.329005477391584256e-01 1.057133027710224882e+00 1.005576313919434916e+00 1.113199107195815163e+00 9.930417268013975729e-01 9.542485242998356432e-01 9.916913122506939571e-01 9.902641028244879573e-01
1.055690044388433391e+00 9.997120036729270076e-01 9.527357938566127782e-01 1.005498523494648522e+00 1.025505068079531013e+00 9.914323390687554971e-01 0.000000000000000000e+00 9.410784988777632920e-01 1.013848118728682524e+00 9.895943952643265762e-01 1.059351297470903619e+00 9.923363567190913725e-01
8.601287102794812345e-01 1.240017323941093430e+00 1.274345108764854961e+00 1.126697300220547149e+00 9.053992232849130684e-01 9.496641141763939586e-01 9.350833418274551168e-01 9.620137078347602566e-01 9.768164662583577185e-01 9.573509997450263542e-01 1.057886521400752677e+00 1.081711039399433361e+00
1.084955307144341852e+00 9.854460693815845218e-01 9.029146856488152739e-01 1.104989565762758863e+00 1.001940636060756562e+00 1.036821420204470323e+00 9.863191860762529073e-01 1.085585654488580909e+00 9.600713168127131825e-01 9.018775967012849781e-01 1.020068393370923143e+00 1.029997987565151485e+00
9.918208332120382886e-01 1.071942774836091905e+00 9.520878136172514772e-01 9.519427183792924518e-01 9.814967404367082038e-01 1.013643320096384803e+00 9.940038133433954926e-01 1.025356122764046640e+00 1.098573684086353364e+00 1.043042188857671082e+00 1.114856094937449082e+00 8.685808260403705683e-01
9.901045673309704087e-01 9.398805647014281117e-01 1.023748551192539713e+00 1.017176592834039717e+00 1.130814204404866352e+00 1.042600686699342472e+00 1.051102608103796854e+00 9.386153160650291261e-01 1.051747211371506951e+00 9.920900365637284057e-01 1.012305372565805550e+00 8.957537298100705092e-01
1.007247030335496785e+00 9.548128263436331808e-01 9.961690671757510440e-01 1.018777914321028266e+00 1.084624526898861907e+00 9.801054994229375650e-01 9.783546716530238108e-01 9.358323232655945123e-01 1.197188370716069761e+00 1.017414480268679533e+00 9.597303032563037073e-01 9.647765036778715997e-01
1.002949068832217128e+00 9.513250764812959392e-01 1.006772440033892213e+00 1.067138184601785555e+00 9.775689278320522924e-01 9.999083147676119943e-01 9.730481705320905839e-01 1.081021979864349003e+00 9.561376048974374875e-01 1.111079183185751384e+00 9.411992140767280191e-01 9.924042397255256054e-01
1.046678306115293555e+00 9.944765947774666381e-01 9.169647320816012304e-01 9.270722331995897569e-01 9.267480833814972785e-01 1.103348522279738786e+00 1.057279149879754909e+00 1.279877994565598698e+00 9.541375716631659287e-01 1.270047854597061487e+00 1.133327943876899724e+00 8.074635328280808100e-01
7.279888387539402705e-01 1.042055879650061634e+00 9.535963494092593029e-01 1.052842105369419468e+00 1.021663967857404209e+00 1.030863701205497751e+00 9.563639377618375903e-01 9.887212129456153242e-01 1.040617115309350194e+00 1.005401132596568603e+00 9.682775538536880777e-01 1.007000798834559285e+00
1.026736362773151612e+00 1.054807179316110455e+00 9.735265677201186962e-01 9.359616119806151158e-01 9.525087494909704189e-01 1.029046009598550970e+00 9.854100243336061382e-01 9.834383341092366448e-01 1.330062444958862278e+00 9.556361180623800244e-01 1.066122881447758797e+00 9.891015282270122499e-01
1.059616849495242707e+00 9.232190159356062908e-01 1.025042830777708858e+00 1.043804182045847462e+00 1.045771927716432792e+00 9.903366153394788096e-01 9.548467542615258763e-01 1.018844230073523427e+00 9.816798842296663441e-01 1.090680696900836466e+00 9.427203521545346465e-01 9.803245902659356581e-01
1.069997219595245630e+00 9.679992839750427569e-01 1.001911858197195970e+00 9.354188978336321902e-01 9.837436864257238511e-01 1.042357914482261672e+00 1.083252391034569717e+00 1.167992282790577097e+00 9.964399434705669689e-01 7.523814605694640889e-01 1.963007217386751213e+00 5.203266922589285803e-01
1.024064531557115076e+00 9.131599307229955054e-01 1.081586859005501111e+00 1.097014624669061966e+00 1.062804758570486507e+00 9.751477935695719301e-01 9.579972365379585408e-01 9.638806029855132573e-01 9.638332165719789568e-01 9.972786759874948670e-01 9.803190013368113798e-01 1.063558622056886005e+00
4.577851338344433585e-01 7.723029851312261940e-01 7.880195890895507205e-01 1.129177238836278185e+00 9.995207972086629367e-01 1.069242032151208388e+00 1.065899865998199525e+00 1.174792433886657550e+00 8.979356700341940556e-01 8.698608144704206291e-01 1.010334142062974117e+00 1.087353437801092282e+00
1.114481870884008297e+00 9.337926713354813835e-01 9.110939756234205378e-01 1.048827184296901915e+00 1.080944348658906984e+00 1.046865794782616099e+00 1.019586302452756499e+00 1.013701620646349166e+00 1.010977949232414685e+00 9.385214578352553128e-01 9.916514874002614333e-01 9.965425891556838334e-01
9.334424585639754524e-01 1.026077478048573743e+00 1.045354534065037866e+00 1.133947584679898313e+00 9.925107653464401158e-01 1.022017952945319275e+00 9.692534801042576031e-01 9.968627130907394829e-01 9.651639191147208807e-01 1.038686610959158152e+00 9.415246450330662098e-01 9.958682408914366624e-01
9.114780525614277762e-01 1.016012605262525570e+00 1.076725988222980712e+00 1.011854894125503446e+00 1.037128213371569574e+00 1.039629426272383084e+00 1.007502665784236084e+00 9.144009732664655221e-01 1.062531218420941670e+00 9.652235735277564510e-01 9.934240861178533777e-01 1.027100209996961500e+00
9.305401177904711885e-01 1.015167512690804630e+00 1.061894558342580064e+00 1.088559815222123639e+00 9.677318174755730196e-01 9.709809776712660101e-01 9.717512560283287915e-01 9.873841281912671963e-01 1.031763321632535702e+00 1.014328620424592708e+00 9.850459619345635076e-01 1.016146969677416134e+00
1.032860178710221399e+00 9.407206691201286386e-01 9.705648652061829029e-01 1.025672816342346527e+00 1.098422906744319194e+00 9.711252832658964218e-01 9.652576650454371965e-01 9.705253459646293601e-01 1.159620574511075253e+00 9.712961628069284314e-01 9.990939735425166113e-01 9.746154602708015924e-01
9.790509149424762025e-01 9.910262383220802551e-01 1.041859735781712759e+00 1.063902768154557865e+00 9.988470759424370460e-01 9.902316427624427986e-01 1.037523329293645213e+00 9.295505114051323403e-01 1.035613868875479238e+00 9.286164426131359173e-01 1.004878131311975453e+00 1.041791177590195572e+00
7.440522206184686516e-01 7.414700245003558177e-01 1.094090269809916638e+00 1.062055227544920877e+00 1.144258680154227603e+00 9.795595877209284374e-01 1.000079237410818944e+00 9.608903999378272109e-01 9.565179521937043905e-01 9.739775191768031970e-01 9.506163202430334414e-01 1.061684307692367213e+00
1.058732906572539045e+00 1.018188907845539504e+00 9.024909275697376998e-01 9.978847771894833185e-01 9.846562525444114700e-01 1.037919979106654678e+00 1.025258302879059169e+00 1.165458936715831451e+00 9.250557305674756980e-01 9.222882284714145618e-01 1.038763936793250409e+00 1.031593050013361434e+00
9.741344173838613063e-01 1.026648646355762251e+00 1.058834919469714198e+00 9.980560828669854390e-01 9.477881375738567149e-01 1.033694230323097596e+00 1.010963406225973138e+00 1.003577643041403400e+00 9.622740300630463484e-01 9.972936267237755281e-01 1.004184552055748414e+00 1.003095005043668442e+00
6.272285943092688054e-01 8.786119916876887759e-01 1.128159573844900176e+00 1.150088218008382901e+00 1.079013029101278054e+00 9.908809975475486587e-01 9.935853719526575034e-01 9.408707976702624931e-01 9.238687845306787771e-01 1.009703955417651455e+00 9.566738019643470370e-01 1.048205503583942599e+00
9.863962659145241174e-01 9.985625373443125508e-01 9.846218726290780765e-01 1.042716427160052861e+00 9.576112928480073894e-01 9.927037789736870010e-01 9.879409533615578498e-01 9.790479699264220681e-01 1.056037420550747674e+00 1.001642045515359625e+00 1.009425666696730728e+00 1.019443125960881380e+00
9.351747573552557924e-01 1.073416372172274702e+00 1.099709289646408905e+00 1.009095811854996194e+00 9.688788296364162500e-01 9.988725054381032420e-01 9.599864449580659542e-01 9.746915153177773128e-01 1.103542243080004592e+00 9.619631527189009823e-01 9.835453967494903749e-01 9.964608194680553144e-01
9.398980403206591561e-01 1.043397995730662053e+00 1.131658028366724800e+00 1.043734476012737167e+00 9.451515433328493421e-01 9.724940238739911980e-01 1.007701238842138469e+00 9.645153765016803993e-01 9.839725635156412187e-01 1.006569686487609028e+00 1.018969712082999912e+00 9.980761419763086728e-01
1.154402148766598524e+00 8.704002871156821808e-01 9.631219333530013360e-01 1.080981604428896903e+00 1.088779906967929367e+00 9.728742557392319190e-01 9.754525841390687679e-01 9.603451995068491565e-01 1.039419158087920625e+00 9.860812332343871223e-01 9.748342423569783532e-01 1.058843704827038268e+00
1.060549726984404639e+00 8.785700191483661881e-01 1.478373996926273470e+00 9.791886390653080641e-01 9.264965578179221728e-01 1.000522210813343804e+00 9.933111820407424242e-01 9.951105428807871522e-01 9.474365001518270102e-01 1.142473892780420552e+00 9.794971174173267014e-01 9.751989337401083535e-01
9.423930820022292654e-01 9.967251487190569303e-01 1.010385325578526450e+00 1.130104219877048122e+00 9.961491299249271014e-01 1.032785809331321136e+00 9.924277130615646314e-01 9.968783758418412466e-01 9.365609830781334022e-01 1.034015434832172842e+00 9.984310933762702289e-01 9.827901663097474705e-01
9.505297438001997223e-01 1.045724586355704977e+00 9.775980921565510240e-01 1.027912680063143736e+00 9.012098204127545475e-01 1.085081010266533807e+00 1.056519794591424422e+00 9.926289744028936601e-01 9.978368442856965226e-01 1.018969404770629916e+00 1.081222415614320198e+00 9.388384485220855336e-01
9.756785510174273979e-01 9.981832980902418662e-01 9.497776781157883930e-01 9.458453370077902767e-01 9.694592362373647410e-01 1.084118434329385483e+00 1.127579036415947700e+00 9.441632521052512050e-01 1.111923614788711046e+00 1.315806391038615075e+00 1.086262521684610682e+00 8.146674910403283176e-01
1.017867624970096196e+00 1.034233202547377495e+00 8.652444730511903437e-01 1.052427451624480925e+00 1.022654439097370416e+00 1.069141000989728418e+00 1.107715161362718082e+00 1.135975812749406622e+00 9.174154287786407957e-01 9.380239089066632063e-01 1.041070921937054417e+00 9.454046593582370317e-01
9.837500461213209979e-01 1.037425193592926620e+00 9.821974120139357334e-01 1.011129952378254426e+00 9.558618082953376227e-01 9.718996171493912151e-01 9.756634101261947301e-01 1.006721193440138329e+00 1.043104462059765591e+00 1.034669918852406445e+00 1.058877964106270442e+00 9.646964817105853074e-01
9.330571473807818261e-01 1.038147053257448160e+00 1.129373802300569718e+00 1.079033633341679232e+00 9.257829362518374960e-01 9.664071439174208855e-01 9.790839086508135169e-01 9.782947818159245523e-01 9.928215962503081915e-01 1.170622600704118277e+00 9.267601401600397137e-01 1.007450050105263895e+00
9.054476176933359266e-01 1.025952599132898824e+00 1.121181536828470549e+00 1.022226919918024279e+00 9.901173412636111726e-01 9.832228143194761127e-01 9.489433702436941287e-01 1.013692484184871567e+00 1.148876828830568186e+00 9.502956219693057260e-01 9.801771147351135971e-01 1.006791847296230280e+00
9.628918290888295317e-01 1.018122375009625324e+00 1.037848042109850599e+00 1.003010156040160528e+00 9.608400653866527863e-01 1.058544733888951539e+00 1.056028185874101410e+00 9.401751505926483343e-01 9.788385717405537756e-01 1.015533997320297255e+00 1.022342585776558010e+00 9.786076897567372868e-01
1.002141640253583432e+00 9.714572537922814277e-01 1.016383081753138962e+00 1.016917048865272566e+00 9.542429569281918322e-01 1.025401680057367093e+00 9.828033006050937992e-01 1.007015921419174065e+00 1.025121078394437557e+00 1.018146944350064587e+00 9.810203716530809803e-01 1.012475232554051585e+00
8.424061683863889316e-01 1.054218833394677590e+00 1.162599752597849312e+00 1.047749999249232733e+00 8.839316166988472334e-01 1.031326266590748331e+00 1.005848627407421203e+00 9.389893711780451513e-01 9.050865470865913087e-01 1.170469626746473812e+00 9.526784728362461818e-01 1.011268026676005904e+00
1.006571431742586897e+00 1.070703202032407653e+00 9.102286033483252270e-01 1.047073925465312083e+00 9.854284590249712261e-01 9.735920658477350553e-01 9.429927379961278167e-01 9.598917238675501729e-01 1.121629542376971322e+00 1.230688405775103078e+00 1.029708254252818200e+00 9.797279797335206597e-01
1.015647681736432828e+00 1.019328448601224846e+00 8.917296029559620418e-01 9.432519697009247306e-01 9.375868075013455982e-01 1.041820843395065976e+00 1.053829262564739189e+00 1.869120321592756984e+00 9.596649751876630274e-01 1.056995907497107590e+00 1.024060153161846953e+00 8.964906464620374660e-01
8.203540165430753817e-01 1.040412438636927561e+00 8.679515130831997327e-01 1.093298579714336194e+00 9.589044628270990689e-01 1.032023290288987649e+00 1.029987686898836019e+00 9.484187449562885286e-01 1.015383355167330137e+00 1.002134350273385488e+00 9.994490710444949855e-01 9.990122277743560542e-01
9.381891810866832548e-01 1.038387028180908223e+00 1.094412960562856307e+00 9.952835883134960593e-01 9.646487945418295018e-01 1.006342331664118461e+00 1.009226493994733964e+00 9.712447146875753390e-01 1.099482637245608130e+00 9.872000476538502767e-01 9.709350388437405499e-01 9.765325477327287951e-01
9.314609052113342891e-01 1.001716754659388808e+00 1.085165524292108108e+00 1.180516986993569661e+00 1.051869688963680716e+00 9.966410241726247898e-01 9.898376214112629690e-01 9.469128805897366608e-01 9.406539428322391316e-01 9.820584170255682865e-01 1.006732936579818105e+00 9.681943411750841832e-01
9.521151586862750538e-01 1.021752396208658764e+00 1.017171667725695450e+00 1.057089478824269291e+00 9.662923235223445095e-01 1.003242251594807399e+00 1.034246867008165038e+00 1.029413218784977380e+00 9.661271367457627823e-01 1.008916224389488026e+00 9.692028498362225131e-01 9.977348763722064806e-01
-inf 2.006965562433411066e+00 1.100856686382878369e+00 9.737802292325814513e-01 9.629515871849048114e-01 8.158710463110637745e-01 9.096072297989279409e-01 9.315473022274312065e-01 1.135531602660738271e+00 1.295211119280751388e+00 1.476922306358154025e+00 9.108084499146963386e-01
9.954981459584414383e-01 1.081779587910763007e+00 1.026719703196853573e+00 8.858758719834415318e-01 9.880053016394331200e-01 1.078630286983673026e+00 1.045202512064702605e+00 1.040424518374700735e+00 9.796238599227402588e-01 9.503426957786597074e-01 9.934039485929718749e-01 9.969164300880800633e-01
8.203633405848004267e-01 1.026942783130449621e+00 1.021279256077446629e+00 1.049191396798512699e+00 1.029941258355135281e+00 9.799315802991850344e-01 1.020575173970682092e+00 9.658702520851707440e-01 9.234280822282673329e-01 1.040719657968247835e+00 9.717704994065193835e-01 1.029557893998434892e+00
9.777451852057045256e-01 1.042697384945552530e+00 9.488403227407655738e-01 1.052755237447065895e+00 1.018870595140518143e+00 9.955977310437528205e-01 9.999024685949817748e-01 9.519394332204252906e-01 1.046876606884888483e+00 1.011769440416222299e+00 1.040354797140858656e+00 9.471390387575486791e-01
9.598067453096645885e-01 1.089427229398526986e+00 1.010953430631939209e+00 1.028298509130906924e+00 9.707253186038652393e-01 1.028490821480854578e+00 9.799018645546396789e-01 1.007360226913115886e+00 9.555479174319898572e-01 9.702636514392410927e-01 1.015894139478954461e+00 1.013857078824573987e+00
1.065029909817425624e+00 9.619551956752468991e-01 9.947239797959683827e-01 1.026327021756957114e+00 9.832275811851560743e-01 1.065863987430078375e+00 1.067123242060517230e+00 9.527429796008222151e-01 9.516704254779073668e-01 9.747828799729932880e-01 9.864414830554238955e-01 1.010648438931289084e+00
9.463473798257171499e-01 1.011275294072705888e+00 1.129396522143532478e+00 9.837718928737929636e-01 1.004008855106246711e+00 9.691255451595210957e-01 9.373150848828302184e-01 9.790976122850795216e-01 1.198053361465151623e+00 9.845269593807958186e-01 9.833670780306865700e-01 9.820980596626186498e-01
1.121274643981273300e+00 9.561205714291464153e-01 8.727201467691592107e-01 1.119834941113501126e+00 1.019507267441475351e+00 1.101652482789618581e+00 1.086117358466615279e+00 1.054714464787957606e+00 8.944122020760535419e-01 9.033388727934746898e-01 9.971074000657533798e-01 1.070012524906154061e+00
1.085231821679351061e+00 9.413817427937684057e-01 9.642107225832039497e-01 1.039233052354181286e+00 1.052100685921869783e+00 9.874411995551728438e-01 9.781484901918180430e-01 9.688221865285807644e-01 1.006853596105800941e+00 1.009432705505523220e+00 9.977492078210782323e-01 1.004116836768914611e+00
1.011021887098659366e+00 1.018435551086390722e+00 9.011150199648881864e-01 1.003628285508451068e+00 1.036112395793272523e+00 1.108265638295356625e+00 1.141637610430697114e+00 9.477123322466036726e-01 9.647864325475513647e-01 1.021667811378885071e+00 1.063851521320994253e+00 9.009696427358148130e-01
1.062311123008044200e+00 9.327099112878893816e-01 1.007061743595461190e+00 1.002518542603399121e+00 1.041630517331057160e+00 9.790150409247587726e-01 9.751550730155460478e-01 9.794922581001260786e-01 1.017005071754591983e+00 1.058615732003639343e+00 9.733361374681438472e-01 1.003113447295512328e+00
9.503607260472617391e-01 9.847374945886556707e-01 1.029705330140580744e+00 1.000063919708611637e+00 1.079417411115089820e+00 9.565642124840352256e-01 9.782678742892635393e-01 1.001764728115528191e+00 1.029220680754554529e+00 9.614608797292696352e-01 1.056035976718501912e+00 9.791080305340016388e-01
1.015598364269802989e+00 9.970310601375076409e-01 9.059456354203850870e-01 1.032616950410614853e+00 9.898702181148782975e-01 1.110379684875474116e+00 1.047299025207154788e+00 1.037636470882799644e+00 9.243820597224867708e-01 9.894313296963272997e-01 1.073588319139586966e+00 9.545032349910849145e-01
9.290251465564360878e-01 9.644629174393535287e-01 9.951015080099003818e-01 1.110528148088637979e+00 1.075059327991928937e+00 9.973105776159977287e-01 9.854079705629457120e-01 9.677330501109123739e-01 1.063387358526715509e+00 9.773985477635699359e-01 9.509478873804071419e-01 9.847219281678689651e-01
6.617542832316913870e-01 9.525973343249262149e-01 1.112356806341581406e+00 1.021423168913206503e+00 9.742473764777337397e-01 9.814149861224314986e-01 9.561234305443800929e-01 1.002543084239204019e+00 1.005624308688151780e+00 9.974165068720286520e-01 9.957480240498077784e-01 1.033958732888782928e+00
1.048669929170845672e+00 9.817061155403210559e-01 1.019708611671348741e+00 9.810156922221749953e-01 1.063881410403881400e+00 1.009800768174095253e+00 9.836395427750637133e-01 1.019652113191423792e+00 9.901072505335014595e-01 9.663842716215874651e-01 9.258739146307529699e-01 1.018426641409239108e+00
1.020980805571596761e+00 9.903911275535804970e-01 8.837274068860625498e-01 1.257377754476990628e+00 1.024265486252651236e+00 1.053667981857663971e+00 1.063107991992165990e+00 1.093005329659845426e+00 9.276179810631064449e-01 8.743386800892333222e-01 9.803156026151593760e-01 1.055708446977909665e+00
9.638580554564069036e-01 1.146618546905965541e+00 1.023072120532311891e+00 8.903574067811410586e-01 9.461631218823606249e-01 1.018761807087919413e+00 1.025118135347206527e+00 1.039649098330008403e+00 1.078836267959218498e+00 9.946680660534417129e-01 9.738577842425882869e-01 9.989970284483539187e-01
8.017215946611496724e-01 8.884957729888319777e-01 1.127174019434694641e+00 1.094585535278920441e+00 9.909400285466182234e-01 1.041065459652471548e+00 1.063898467347991428e+00 9.133341094446089103e-01 9.920426724163192711e-01 9.792935753426306178e-01 9.718247989652381014e-01 1.008390665369938599e+00
1.085416274229118683e+00 9.188098820574348569e-01 9.009064193539739751e-01 1.083431706567869579e+00 1.102770753413105487e+00 1.077035657066369279e+00 1.062959855424771227e+00 1.002138361019457857e+00 9.477007873729597076e-01 9.516009725420855325e-01 1.005497095536374896e+00 9.840780369022139595e-01
9.858072900836326591e-01 1.065876928613272767e+00 9.629252688644824865e-01 1.025639659408548621e+00 9.757590968750539107e-01 1.009772325155763095e+00 1.004011787395320487e+00 9.899942717299559103e-01 9.581166491086887671e-01 9.972636900276803384e-01 1.012743440070372980e+00 1.028960976545256534e+00
9.756914363355218001e-01 1.111338913976320120e+00 9.722831639144159377e-01 1.041623386524703765e+00 1.024391023379128907e+00 1.014333391164442544e+00 8.169878549091162956e-01 1.024380596790829046e+00 9.935330822723836830e-01 1.028463552205556963e+00 1.037249336322246140e+00 1.092528409491688723e+00
1.034586276279527040e+00 9.455117391429970208e-01 1.050060822220625356e+00 1.031725312648566817e+00 1.067060886446684398e+00 9.876441719830797439e-01 9.784412738257102227e-01 9.701754557425336101e-01 9.717576381301507027e-01 9.759099975601355226e-01 9.901097315026134993e-01 1.052641574603596863e+00
9.621177880134825777e-01 1.016659391080344754e+00 1.024946305298279903e+00 1.009987877290411618e+00 1.015989055018456488e+00 9.831612896606750640e-01 1.026745763346552431e+00 9.452281634846698699e-01 9.833376107180104020e-01 9.978409120651294817e-01 9.997865336210455256e-01 1.054187636275444095e+00
9.765654235048155662e-01 1.039628504766549666e+00 9.385722545661305816e-01 9.452714644823335677e-01 9.757604736115391697e-01 1.016037224290863294e+00 0.000000000000000000e+00 1.036683769595763804e+00 1.250359616319617340e+00 1.084578219032954927e+00 1.020548949731223454e+00 8.787019028689296851e-01
1.053021719501333386e+00 1.060470020454120643e+00 9.149248775661159572e-01 9.885395483601938649e-01 9.709617196374532577e-01 9.774007100944396287e-01 9.601546631620064831e-01 1.143805353206962527e+00 9.381156244912064457e-01 9.574344456693394401e-01 1.031786863961769773e+00 1.113919059381105470e+00
9.938563544491212376e-01 9.745786523448430883e-01 1.057911853147163184e+00 1.034626030690013243e+00 9.766144690247927640e-01 9.828349824427525805e-01 1.042610375850814064e+00 9.463108405945904744e-01 1.018440793724247229e+00 1.031491024766358677e+00 9.757935546819046513e-01 9.901876018507921318e-01
9.987105320737745817e-01 1.042397803245454169e+00 9.988315577980307891e-01 1.038817639981853613e+00 9.535897082618692844e-01 9.901415286680438355e-01 1.006460877621189187e+00 9.492069389263084744e-01 9.817950874540697370e-01 1.018001811657264444e+00 1.004966517638891110e+00 1.037865028379989507e+00
9.390612848148884861e-01 1.040755394287204316e+00 1.081514517042165613e+00 1.005159386262649335e+00 9.619647042508974177e-01 1.010435154940988456e+00 1.021003561361904621e+00 9.721503433475899847e-01 1.046454793128118732e+00 9.757747216825566339e-01 1.011468383629493983e+00 9.705398136971562506e-01
1.132699374883837873e+00 8.828068863397435795e-01 1.003011441638689716e+00 1.082377198698567078e+00 1.097804768937051589e+00 1.009365779172426647e+00 1.045338763470936128e+00 9.992730854947776686e-01 9.589732404224660112e-01 9.875331870980320614e-01 9.483764683257490669e-01 9.908533851386256419e-01
9.365867191674543957e-01 1.008850671903875229e+00 1.030547344177697333e+00 1.109340653137865340e+00 1.099141954455566061e+00 9.853159289332384940e-01 9.894841408139326555e-01 9.027435988787674281e-01 9.897203490346243582e-01 1.004941594673849137e+00 1.034362414336624791e+00 9.831838573892027755e-01
1.283856656322298617e+00 9.229064663247322775e-01 9.132211875710096738e-01 1.115379587765045200e+00 1.099945220627917220e+00 9.731592202636516475e-01 1.098404858208679835e+00 9.275636246657374961e-01 9.454716919088207439e-01 1.002464627680031084e+00 1.063238483373130316e+00 9.775154895974942360e-01
1.078043817512887026e+00 9.184627861448917407e-01 9.935315678565237452e-01 1.019629370607618268e+00 1.075313000951518383e+00 1.005236943364637980e+00 1.000188933134167124e+00 1.033095955433300572e+00 9.886356885098172009e-01 9.509414930751195483e-01 9.710836768239821115e-01 1.012476541639002692e+00
1.018930863915095797e+00 9.232468220354391741e-01 1.035731447821086837e+00 9.838412695895550897e-01 1.062665186174936771e+00 1.026086899355119986e+00 1.043376436852200051e+00 9.974057684093559084e-01 9.796779053076495325e-01 1.017484688414925786e+00 1.011553971941398178e+00 9.388839139821231194e-01
7.522431716532630430e-01 8.995706402225200904e-01 1.092511867825789906e+00 1.028242534741308223e+00 1.022017943998223100e+00 9.716893765038917552e-01 9.507460699950357474e-01 9.620890421243003532e-01 1.064596080641459830e+00 9.810384108632159705e-01 9.875461754782710599e-01 1.026952555742397521e+00
1.000251081662702157e+00 9.805795399686085823e-01 9.967810990697310025e-01 1.128582788566359518e+00 9.740118457212094683e-01 1.000408066231295301e+00 9.858798327596722810e-01 9.563344579207521123e-01 1.045398913980675193e+00 1.031480043438503413e+00 9.906344688258523767e-01 9.543799702044558630e-01
9.581133889806516812e-01 1.014817721670747686e+00 1.049681595651992927e+00 1.018497510271803685e+00 9.767825913098500124e-01 9.734551816450968120e-01 9.772209479287026213e-01 9.620848544318632012e-01 1.076085184160108454e+00 9.919768917846963907e-01 1.030184382180102887e+00 9.994829789837211820e-01
1.059987504246550527e+00 9.385088486827186660e-01 9.610976306290717197e-01 1.019601541652973342e+00 1.076670166585264710e+00 1.007744441585725959e+00 9.921183392862215067e-01 1.013874085993962781e+00 1.002936304181136773e+00 9.947546214409065390e-01 9.824395185275389686e-01 9.817348881235412605e-01
9.274525991254728430e-01 9.636044182405871794e-01 1.080217298984827767e+00 1.130839919580516995e+00 1.062507263488589038e+00 1.000011601435994102e+00 9.727554427881505150e-01 9.727280365467658729e-01 9.751765667133523996e-01 9.964648511101813488e-01 9.590479983547920417e-01 1.030769908405741342e+00
9.260993079173278630e-01 9.795201297135959217e-01 1.030268430970739280e+00 1.149183239379617971e+00 9.775367452299590365e-01 1.063794683169992261e+00 1.083879976048567562e+00 9.381677907028291852e-01 9.825269787709636216e-01 1.010020043237903842e+00 9.961834834951219797e-01 9.496522073463453673e-01
9.774864297899915622e-01 1.014856485542360076e+00 1.083695620013658267e+00 9.738552826388587880e-01 9.672266765942162392e-01 9.917094772472381248e-01 1.003797004990094610e+00 9.427356392613668312e-01 1.061266641591622761e+00 1.040888439726974646e+00 1.002977205382359571e+00 9.757024997406793521e-01
1.169418550795535916e+00 9.208947124648588778e-01 1.012401495433122856e+00 9.579400223954741556e-01 1.063206471413014276e+00 1.043706108422967516e+00 1.003312687281866511e+00 9.638040278979920217e-01 9.980446912465851250e-01 9.407565126909273046e-01 9.358163454342801613e-01 1.157403046050978324e+00
1.017932158730516345e+00 9.308333922756096834e-01 9.661904115115511615e-01 1.010948876950347408e+00 1.121620566822784326e+00 1.025928249230005251e+00 9.779878343083355796e-01 9.915685601718642328e-01 1.344610824677426875e+00 9.086852531388274201e-01 9.587790086734023776e-01 9.655868553002514565e-01
9.678159240963998267e-01 1.003574004500830119e+00 1.026383163476164651e+00 9.644225764396576750e-01 9.677072052482792452e-01 1.055062275101694258e+00 1.066901940726358466e+00 1.006639748183026262e+00 1.004171084748741505e+00 9.795508301098349024e-01 9.893191604613738033e-01 9.919298918656798136e-01
1.006358246580433713e+00 1.053218443540766103e+00 9.567739010512547049e-01 1.013659862375210219e+00 9.473920272335411008e-01 1.027365005596912351e+00 0.000000000000000000e+00 9.834723689796373014e-01 1.009217888567661481e+00 9.996937483465392349e-01 1.024538617340106539e+00 1.002154087483887901e+00
9.383159018129854090e-01 9.792086794752645762e-01 1.016513160944282568e+00 1.122613554249217493e+00 9.867880265642166027e-01 1.090171291632363149e+00 1.079796251505302784e+00 9.549086627835124963e-01 9.550464220359351497e-01 1.146929371416159915e+00 9.307112981775540472e-01 9.267891966759381761e-01
9.491979095430966851e-01 1.019897146950771827e+00 1.037742124600754767e+00 1.044816176988627499e+00 9.811934686019276874e-01 9.909049294214559156e-01 9.989058190530524239e-01 9.499566205327474311e-01 1.016777883482173239e+00 1.019824120608436857e+00 1.020711273866139912e+00 9.914832182859242282e-01
9.804274847996254927e-01 9.982915612759581947e-01 1.027531213528949383e+00 1.030364393211446128e+00 9.703355450784652003e-01 9.823755138225992445e-01 1.001865605590845920e+00 9.636559882747248729e-01 9.629195850421136127e-01 1.048464701810531752e+00 1.047704037365013718e+00 1.006990194358451607e+00
9.996643935819991000e-01 1.047132843932923496e+00 9.279571012304065336e-01 9.564930660429615816e-01 9.771379645715244644e-01 1.058253712920243839e+00 1.023675747486570087e+00 1.008577892394597830e+00 1.149748135897030288e+00 9.949161101307780752e-01 9.882903343099694871e-01 9.409444567841355189e-01
1.148847963367180869e+00 1.161770283973175610e+00 9.193426008071298172e-01 9.903413296598758686e-01 1.017859925311870750e+00 9.866295370780476803e-01 1.076486643085141415e+00 1.030437312317063148e+00 9.824876526458149462e-01 9.283359639855638390e-01 9.769969103591960025e-01 1.052249709908665398e+00
9.690403472440274335e-01 1.031913806907065467e+00 9.597435904834906717e-01 9.910994688162285682e-01 9.691256737985943781e-01 1.031744246753856231e+00 1.020013594322641826e+00 1.032624926996976944e+00 1.032984258017091594e+00 1.009051365311422144e+00 9.982407538396913527e-01 9.725244604433579410e-01
9.319076450969970837e-01 1.004471820634369461e+00 1.042972501403942376e+00 1.070182104487105823e+00 1.014091151942991376e+00 9.844798282924838162e-01 1.029745769134317701e+00 9.396798942739177374e-01 1.017205025599860591e+00 1.007493209551070912e+00 1.000365155028754227e+00 9.915392584384867813e-01
1.005482015391279793e+00 9.513362854620420750e-01 9.509286201756192991e-01 1.019764173457047507e+00 1.107443187551355956e+00 9.821155304631382643e-01 9.889727313327969505e-01 9.113454239147658065e-01 2.379908397148946086e+00 1.015468882412426277e+00 9.258501333392232802e-01 9.632883797257294489e-01
9.767003555124781355e-01 1.010400710374231403e+00 1.085801670488453885e+00 9.794689916266154928e-01 9.560263997431242000e-01 1.004344390348984373e+00 1.019367293296921329e+00 9.702766207544506472e-01 1.101888352061489273e+00 1.021352896416329648e+00 9.579318162471281983e-01 9.638376453722019566e-01
9.774415454766332001e-01 1.092206066533562447e+00 1.002143180891105212e+00 1.000480990165025119e+00 1.012164770627083765e+00 1.008575009748224449e+00 9.800686102374954745e-01 9.551202818196382616e-01 9.967075196769829004e-01 9.700870327704909091e-01 9.882800250260949104e-01 1.041828435423220123e+00
1.078769925413948005e+00 9.807156072682071679e-01 9.223100674129008913e-01 1.005940125680053754e+00 9.963710778550676217e-01 1.188143447700684252e+00 1.166631415763553781e+00 9.298110240651051850e-01 8.781402483369874501e-01 9.623712753289167532e-01 1.143373496242700460e+00 9.594635408341450900e-01
1.000641801158268951e+00 1.017193164514490711e+00 1.065090160593735069e+00 1.054537923361502427e+00 9.799117005363774391e-01 9.808916030651991802e-01 9.333839873800674480e-01 9.722694642485064653e-01 9.643101464064128825e-01 1.013785015097736331e+00 1.010420566217816951e+00 1.040950950828146482e+00
1.015821167944380710e+00 1.036141613147660179e+00 1.014086706645830560e+00 8.698304926907038936e-01 9.273535781555261037e-01 1.049253838929178562e+00 1.056083833590129695e+00 1.046483615377607146e+00 1.114383312441665108e+00 1.004590477127353276e+00 9.323804599136927829e-01 1.040527732644032533e+00
9.779621285519013441e-01 9.873716275916172291e-01 1.043630612592582052e+00 1.020169457739449115e+00 9.831037738831794881e-01 9.610797446333351202e-01 1.048833661974349907e+00 9.324472907542380451e-01 1.002238639669864373e+00 1.029689806181911749e+00 1.024585293143957854e+00 1.016349575620052015e+00
9.731590676299245457e-01 1.042418253706473008e+00 9.666179923145559183e-01 1.011582885633980355e+00 9.601081919829482780e-01 1.051691558546171912e+00 1.069013445614506619e+00 9.821019472722611887e-01 9.649331581750284492e-01 1.021776819199891273e+00 1.016886212911183529e+00 9.706902534013159833e-01
9.729184037824197828e-01 9.838146581767132082e-01 1.050028466233567492e+00 9.652564419800251372e-01 1.024372906432375441e+00 9.873931159879961728e-01 1.040846916667036437e+00 9.402009695946164092e-01 1.053664567787836681e+00 1.068300182036733048e+00 9.785048790121220197e-01 9.727025594351678128e-01
1.114526315267410084e+00 1.011271491493959562e+00 8.059785397212294589e-01 1.062788536965722175e+00 1.044157564663756421e+00 1.072209410955710984e+00 1.083447761054093794e+00 1.839104283378100613e+00 8.981734434419262891e-01 8.822041760178438441e-01 9.769717190632761783e-01 1.012059292934660570e+00
9.454717676556328998e-01 9.826305134374069272e-01 1.098354650828700985e+00 9.920609154019058851e-01 1.062397798801200555e+00 1.066943056492293929e+00 1.094421996990054824e+00 9.825946143070172223e-01 1.044652190296287531e+00 9.873094478510745509e-01 9.194951330030615155e-01 9.146231516366934988e-01
9.475915251043739440e-01 1.000744146429247472e+00 1.023958087170748321e+00 1.079866169180891955e+00 9.918039905922272359e-01 9.703113368229407953e-01 9.755037064951703751e-01 9.389289979385616602e-01 1.158533194314928405e+00 9.938699919792064463e-01 1.000668019966123090e+00 9.888428177776972250e-01
1.180681025384849203e+00 9.552988511306435004e-01 9.176971284321469025e-01 1.336218474808845258e+00 9.443609947758768719e-01 1.032683010177690486e+00 1.033522770434057048e+00 1.065185693145698220e+00 9.308122290029280377e-01 8.687687249177032944e-01 1.010859124926402952e+00 1.107294280017179666e+00
6.034625716904292725e-01 9.977626001222597019e-01 1.046170427750247933e+00 1.011142563993885579e+00 1.012367495109486759e+00 9.946748050409445208e-01 9.843279351551500467e-01 9.249215303170991165e-01 1.021046451505941199e+00 9.986947676185963241e-01 1.048373599308976001e+00 1.006864270555025254e+00
7.815612395992855843e-01 1.007634045514403276e+00 1.058844397194198761e+00 1.005117410336670236e+00 1.020826702669843877e+00 9.965331344210255349e-01 1.034808217472191760e+00 9.363250177681644582e-01 9.154870895397619890e-01 1.015082180892756814e+00 1.008255408946421072e+00 1.068931672152587220e+00
9.634384575648492488e-01 1.007312055828808672e+00 1.013498391558891543e+00 1.094896420248148594e+00 9.922712530056801983e-01 9.721362786608863660e-01 9.962262271733107744e-01 9.706358448944542028e-01 1.033553072321560462e+00 1.002444935099384038e+00 9.942389198103732673e-01 9.846461582245014110e-01
9.895878227661679682e-01 1.023531806842316705e+00 9.510300708579606521e-01 1.040617598802354937e+00 9.388006575763213624e-01 1.059705398608170590e+00 1.088418454487931397e+00 9.756415357191493554e-01 9.645209953158162541e-01 1.021223972358018983e+00 9.887289277627206996e-01 9.954037528746021435e-01
1.041926584691980295e+00 9.565895207200857397e-01 1.104088825900727766e+00 1.043595768828154968e+00 8.749523628002123798e-01 1.018097582786149147e+00 1.022023579083194633e+00 8.733633258442606850e-01 1.088962661098056950e+00 1.180544781246055441e+00 1.000611547696820480e+00 9.708374012689551247e-01
1.011791156491415489e+00 9.902796472023333019e-01 9.057270356577856729e-01 1.003731010077890673e+00 9.715416032285760783e-01 1.135133359169606004e+00 1.168795435569569330e+00 9.982083387699209887e-01 9.212661115468931960e-01 1.098041351752164330e+00 1.093244128333027421e+00 8.809278294154876399e-01
1.193863807966377033e+00 9.260989154062360118e-01 9.860818058635050232e-01 9.938868450891611417e-01 1.061819807809672556e+00 9.749410354758568653e-01 9.984893685788911455e-01 9.230188201803404269e-01 9.776881248358758603e-01 9.838697806266317736e-01 9.883905562184849281e-01 1.104811253486067013e+00
1.111189301215620429e+00 9.527645001237526889e-01 9.630640189731002332e-01 1.012815799369052305e+00 1.041135572853222335e+00 1.000110734965399262e+00 1.004374660513604356e+00 9.881514934353556878e-01 9.600932003080944188e-01 9.753038240786617852e-01 1.028222609194144876e+00 1.001591757736784327e+00
8.071313048783984589e-01 1.070487747280674862e+00 1.003010900782412396e+00 1.098509433839793603e+00 1.017362083027966824e+00 9.782988708563128410e-01 9.416721948753039584e-01 9.469615891341395253e-01 9.957145329455331373e-01 9.448531487933028439e-01 1.021540373350378283e+00 1.078115586621228639e+00
9.130673586410287257e-01 1.019994474124567230e+00 1.092689386508445049e+00 1.120528493458823327e+00 9.983223882873413224e-01 9.891159103394205898e-01 1.034342127517819732e+00 9.441052514496489634e-01 9.914545373529340955e-01 1.005997845439995153e+00 9.767524121091021305e-01 9.826300386573258994e-01
1.015132077193061422e+00 1.008880809583011295e+00 1.010843039678637645e+00 1.013148977599866107e+00 9.832269296369563483e-01 9.736371752456367545e-01 9.895899973770719837e-01 9.502968302014104252e-01 1.092940553135490322e+00 9.908937049816937126e-01 1.010773136657452387e+00 9.853594039343023248e-01
9.774401170067630318e-01 9.356029942453085724e-01 1.024951667454540027e+00 1.053501486747182581e+00 1.113494225191555387e+00 1.008678932211356738e+00 1.038783886195794093e+00 9.429610677136229802e-01 1.051436897358786871e+00 1.015037956757020465e+00 9.600654024380570473e-01 9.427541695170398306e-01
9.589890667964328097e-01 1.066987512704200336e+00 1.003238197127240383e+00 9.106956486020572061e-01 9.685166613643489963e-01 1.029545069561296211e+00 1.029726361648495514e+00 1.036881848982214471e+00 1.044707708887676167e+00 1.007007619054475445e+00 9.714594279638123497e-01 1.016500040800700999e+00
9.670539909742045248e-01 1.023190873889154640e+00 1.075230941563018350e+00 9.973447287821383123e-01 9.736019615548288098e-01 1.017728830045912636e+00 9.952629172487317266e-01 1.005901546835715532e+00 1.001641302144260726e+00 1.007896962285130149e+00 9.755243703915128517e-01 9.777008966235566367e-01
9.461972746631052145e-01 1.032399009019558278e+00 1.006869087660324347e+00 1.058323794962714670e+00 9.816764609416313014e-01 9.962752751750008073e-01 9.967758018875139125e-01 9.778410149346137281e-01 9.735991724848940265e-01 9.944684028177325219e-01 1.029127101425768798e+00 1.027408999732601469e+00
9.667723934928442731e-01 9.780940199441280347e-01 1.068494276737145032e+00 9.754779583914408025e-01 9.747738994496258913e-01 1.001258953475885116e+00 1.011702999208764053e+00 9.380237882856561349e-01 1.143041200241536215e+00 1.004736369550012443e+00 1.008498617102150607e+00 9.863752998216087642e-01
1.045463971433099770e+00 9.296667387991568443e-01 9.404990701819323506e-01 1.015396552363781790e+00 1.088847338872195758e+00 1.063726581796330839e+00 1.033216833077775343e+00 9.787467680439002615e-01 9.738930657928205337e-01 1.026116410242386534e+00 9.893692774836315706e-01 9.676846428366671082e-01
1.000210142365205224e+00 9.850784886217536229e-01 9.964939938052995716e-01 1.003188178799885755e+00 1.001284430417845872e+00 9.956192307013371767e-01 1.009926494272359365e+00 9.622096616143644976e-01 9.969411587406444841e-01 1.030794977900772569e+00 1.026072292098578753e+00 9.990899036008356049e-01
1.136276987461582788e+00 9.311162879593384289e-01 9.445194517626688269e-01 1.012496410928308999e+00 1.056735956953051669e+00 9.974759678175681987e-01 9.730280867142122592e-01 9.906549874847715431e-01 1.011338356754925227e+00 9.627937526176412186e-01 1.079059609832160982e+00 1.009883231862249264e+00
1.056635744472497862e+00 1.036863406966409551e+00 8.956630753495449238e-01 9.440052407928370970e-01 9.267327646741834180e-01 1.049715820982219494e+00 1.031669317992893076e+00 1.942323239590507900e+00 9.057186359054472113e-01 1.041597656705809616e+00 1.060760235057984779e+00 9.098565222774278594e-01
9.765224901484040876e-01 1.021655072990471647e+00 1.030757812944570695e+00 1.048712900667354120e+00 9.807333489425276163e-01 9.736528443737694216e-01 1.002294526065964142e+00 9.458253783357023492e-01 9.645613443497996764e-01 1.012521855540745142e+00 1.025088315726388366e+00 1.031566281330881463e+00
9.927214388592410232e-01 9.629727743126444972e-01 1.008605371259626571e+00 1.035301563483947085e+00 1.019098231494104834e+00 1.021849334108756446e+00 9.903712263066608568e-01 9.957310466702575802e-01 1.005181296351861819e+00 1.023101062197280697e+00 9.487754431742864147e-01 1.010660323371910918e+00
9.014404055248245173e-01 1.046380510122853380e+00 1.053625227376328688e+00 1.135555428321393334e+00 1.001556621097732691e+00 9.714328293931615566e-01 9.715644485018619658e-01 9.564311494039829942e-01 1.040365090608053933e+00 9.963711193226879592e-01 1.006604703051331429e+00 9.919606467147370488e-01
2.118144978047556415e-01 8.849128535940722351e-01 1.115151675496406369e+00 1.007371548241057679e+00 9.912503265623969773e-01 1.060644609274719707e+00 1.033142177336398460e+00 9.807637576164264237e-01 9.602907875182641328e-01 9.621474635604247982e-01 9.668683167060132533e-01 1.055691716294371751e+00
1.081650746712162103e+00 1.052097943686295833e+00 8.144978424249590399e-01 1.002207408766895957e+00 9.809177222825308240e-01 1.096594474561993104e+00 1.105336987183052289e+00 1.798838374559684317e+00 8.511282359134996200e-01 9.400535676531633911e-01 1.068174167912377071e+00 9.814057120698410630e-01
1.426632119233303575e+00 1.004218415538405074e+00 9.081755987644054562e-01 1.047239631954814287e+00 1.042594116678624117e+00 1.081168956086331123e+00 1.054374530717394842e+00 8.655807175680181320e-01 9.079554360061089513e-01 9.645094930182779303e-01 1.042163557563465348e+00 1.094756156854939322e+00
9.684031642718031740e-01 9.095735167178260472e-01 1.025027625738156534e+00 1.052597425049726310e+00 1.105465343555628976e+00 9.860274782316637010e-01 1.047763219366130816e+00 1.019584470977219048e+00 1.013974881565151032e+00 1.013063106056515617e+00 9.872873220303093333e-01 9.338461229599488433e-01
1.065631863043877914e+00 9.081992502345325180e-01 9.829045316362294837e-01 1.031568445487634156e+00 1.114685175623264080e+00 9.974526315651207620e-01 1.009591164632050120e+00 9.755386917730094476e-01 1.080009208969104240e+00 9.710302402630900387e-01 9.564466189698105358e-01 9.787118747737646451e-01
9.510756282066147316e-01 1.000658311569689873e+00 1.081237892807450418e+00 9.731510414064296066e-01 9.864089318898859871e-01 1.000029781520293204e+00 1.029878369047523057e+00 9.386493783283071934e-01 1.077065361454735193e+00 1.026098805525122337e+00 9.803485041652901799e-01 9.969518489420217122e-01
8.803400705033216367e-01 9.461345192114888336e-01 1.145588118835051183e+00 1.171199098818176854e+00 1.038807450416637801e+00 9.539692902867645818e-01 1.071124716456623549e+00 1.094378685222688219e+00 9.464264934577505395e-01 1.087343050486258900e+00 9.265778948161346174e-01 9.337985555748324895e-01
9.181773194923031900e-01 8.391661130340863917e-01 1.120668330846594785e+00 1.056896054596750512e+00 9.707525365770829362e-01 1.004312906797793614e+00 9.661291619249053886e-01 9.934860396150084760e-01 9.459427156984774321e-01 1.026548821328301164e+00 1.002499005879243565e+00 1.044243705613456807e+00
1.004089881005802098e+00 1.034442082492523785e+00 9.971082204038154151e-01 1.006434152724267950e+00 9.521590097925263230e-01 1.063663346204903437e+00 9.727983881477872963e-01 1.079631104097350747e+00 9.497501046191896279e-01 9.648050689939415836e-01 1.049759094922680491e+00 9.677987163392144376e-01
9.664012655788615236e-01 1.074132711863899470e+00 9.954728770933723991e-01 9.938564689940857511e-01 9.770184268623819390e-01 1.043035954578780844e+00 9.882842710804214947e-01 9.829802754832408507e-01 1.150166385595096319e+00 9.355349797880082585e-01 9.462462699115803400e-01 1.017404528246814710e+00
9.860293377936328874e-01 1.002027426778472341e+00 1.007777922648803948e+00 1.047455809036586194e+00 9.731770585507734106e-01 9.855789529554207506e-01 1.014923858646777699e+00 9.584596720090747812e-01 9.604027769186558317e-01 1.014212823639454530e+00 1.022166737378314760e+00 1.036852999905110817e+00
9.717665590991940716e-01 9.377874728794118875e-01 1.026860870788206093e+00 1.040738960246434974e+00 1.058442912135625802e+00 1.035710438750989670e+00 1.007136680079203206e+00 9.505719728195198837e-01 9.960121802770779409e-01 1.082400078639403018e+00 9.373694019528491239e-01 1.004821081740328026e+00
9.667022681639021453e-01 1.027744240762085370e+00 1.065108103053789002e+00 9.785879371462604670e-01 9.712172271340180352e-01 1.016448028410427140e+00 1.102246952852623973e+00 9.045089264768947368e-01 1.024380287748039242e+00 1.013651187830460820e+00 1.005877993190531727e+00 9.799874636356875612e-01
1.369092848489183112e+00 9.449040531304957469e-01 1.050053078911083126e+00 1.051636435317594653e+00 9.647994306235246897e-01 1.008158744774892979e+00 9.972986720551255679e-01 1.012541619561028172e+00 9.715102924358333114e-01 9.933062204789977478e-01 1.012140079188973418e+00 9.972039106947120368e-01
8.540769532820904342e-01 1.081480730475200547e+00 9.806246257132713584e-01 1.050925267732888857e+00 9.853385943689417781e-01 9.753947041059360945e-01 9.457108171252542883e-01 9.524282180312272361e-01 9.945661229239611822e-01 1.017629970378776116e+00 1.030477869183808348e+00 1.064362477296830312e+00
9.675774996529203920e-01 9.982305632131094342e-01 1.107818380919654677e+00 9.659778735210305944e-01 1.009190239530466826e+00 1.003338525546917159e+00 1.038724396576885978e+00 9.031092667263794782e-01 1.126596329344789815e+00 9.442292767305402457e-01 9.944168218487097199e-01 1.025629099786485865e+00
1.004900849972290233e+00 9.881120510987780881e-01 9.859973783757682853e-01 1.072203246558424139e+00 9.872160474317221990e-01 1.069883365396629316e+00 1.134535874512938580e+00 9.076782827046058211e-01 9.780734916653229805e-01 9.851380999088600321e-01 9.688580609842515345e-01 9.901241690641344739e-01
1.098191208041181977e+00 8.783081957124302397e-01 9.647322375710589704e-01 1.063083758001121426e+00 1.075256664913377236e+00 1.011547874306204742e+00 1.016688986900424085e+00 9.794897930243523509e-01 1.017565746602320687e+00 9.955091228400677617e-01 9.591662402296454726e-01 1.019997222694443595e+00
1.027129616422093994e+00 1.023443247065622508e+00 9.233595009098322093e-01 9.623894384188580453e-01 9.449616159807886495e-01 1.016433785625688646e+00 1.009462339832720046e+00 1.777198886533336353e+00 8.495391926092208390e-01 1.034546552342685111e+00 1.064083120520473269e+00 9.924270059440526426e-01
9.392922334730866574e-01 1.017737016334769873e+00 1.023457045344751348e+00 1.051351665850534634e+00 9.916680872629217713e-01 9.892442644664801721e-01 9.700281242898195488e-01 9.907441799392474602e-01 1.073079893459453871e+00 9.957516403630353174e-01 9.918922850961294779e-01 9.927498065273933081e-01
1.519420868247725265e+00 1.028827339183142398e+00 8.400706847708450109e-01 1.026215951638996371e+00 9.892863680204001531e-01 1.106631112368755110e+00 1.177602622843081814e+00 9.973307313930979134e-01 8.977039688531320838e-01 8.215465411531646112e-01 1.018628044700898849e+00 1.207021681256316148e+00
9.734626650957208804e-01 1.038121274117508541e+00 9.466215449713945018e-01 9.742381828791031317e-01 9.860007386539116903e-01 1.033927739382472843e+00 1.072384222976332735e+00 9.806141784500682634e-01 1.002951265825899219e+00 1.019553785573958704e+00 1.040533062550575538e+00 9.629428092019366447e-01
9.453705809171913943e-01 9.684907898069201604e-01 1.048230252843391996e+00 1.067683039308997994e+00 1.058154082269209484e+00 1.002103567554874841e+00 1.066770332596467252e+00 9.231494277725093012e-01 1.006579313569445189e+00 1.148441593436364316e+00 9.657634989700554229e-01 9.067524338479983070e-01
9.667354589628852635e-01 1.037212048850957080e+00 9.771837498056175075e-01 1.024008246753055573e+00 9.942157611068352940e-01 9.900595834065999412e-01 9.757569514565004321e-01 1.002835673962262142e+00 1.001416411358419190e+00 9.964053362312133011e-01 9.913605502911841949e-01 1.045560372624889656e+00
9.730152385144205107e-01 1.063919992669816628e+00 1.074145552979653973e+00 1.034172382955129699e+00 9.675875098997350765e-01 9.637077678777082879e-01 9.445010756553364750e-01 9.607565135366789022e-01 9.827883135858537234e-01 1.003961880512138416e+00 1.017779786402395859e+00 1.056949760219625389e+00
1.060635392350573136e+00 1.022563699165597306e+00 9.384640812765392415e-01 1.048714948331176622e+00 9.833660454675646756e-01 1.054344614089931520e+00 1.024700130469902160e+00 1.006609324189038146e+00 9.426737571298936524e-01 9.281211825456688880e-01 1.008696903137110690e+00 1.082181903387450683e+00
1.192279314004994317e+00 9.325643090058101103e-01 1.067491201365801778e+00 9.520970655654058534e-01 1.003355003170264270e+00 1.025749749431303259e+00 1.046719599983223725e+00 9.852693889694800200e-01 9.685422514893765600e-01 9.887375877520524492e-01 1.000120895031041401e+00 1.020399330040156594e+00
9.400018946862683800e-01 1.078357053462316584e+00 1.096469724768454501e+00 1.016614141769195845e+00 9.655746563118489112e-01 9.864652041818680051e-01 9.473347216422960404e-01 9.808416551022715035e-01 9.915313171072958065e-01 1.000902269549321266e+00 1.020371257438620116e+00 1.022775581768691655e+00
9.677620133818853887e-01 1.026374416350608110e+00 1.024383877578572966e+00 9.839312529613842839e-01 9.482684564739067845e-01 1.027903712753495125e+00 1.072865884003291193e+00 9.814589835018250330e-01 1.001555735622005949e+00 1.007138539957672219e+00 9.869226294275025291e-01 9.947090299372508548e-01
9.752532871294999905e-01 1.019197495969503375e+00 1.062152410964939175e+00 9.915765954035982155e-01 9.843994846644673613e-01 1.031116218985475230e+00 1.049438170681707083e+00 9.379771970746278997e-01 9.942766415172126226e-01 1.013709063676677236e+00 9.879171624604518032e-01 9.791742897056570083e-01
1.002509613972337066e+00 9.652525118392615289e-01 9.445501973317511624e-01 1.035561217163450509e+00 9.963640823314316997e-01 1.179927250649037695e+00 1.155735904237863876e+00 1.014121423367708941e+00 9.492349366324548399e-01 1.001973851655884706e+00 1.031848929746533639e+00 8.724183268048256723e-01
9.641426645067928680e-01 1.053943026200301558e+00 9.290869392564167217e-01 1.048532086532924845e+00 1.026453929841122159e+00 9.906470036161170167e-01 1.003830787664104607e+00 9.548409416107135339e-01 1.019190489369909969e+00 1.013293932892062932e+00 1.040805683048816377e+00 9.893130145619485338e-01
9.343268949021161784e-01 9.694354294653056980e-01 1.005412151183892266e+00 1.159838653200304215e+00 9.551714084149104389e-01 1.125677977477042457e+00 1.172054724848952123e+00 9.169264357460578108e-01 9.112806772626000917e-01 1.111417738472072259e+00 9.711698750082692344e-01 9.580262224892855949e-01
8.959042377281811742e-01 9.857590194697716246e-01 1.079573294045393039e+00 1.220661468556857976e+00 8.756797538112626178e-01 1.058742815257714076e+00 1.083385905448633002e+00 1.545556842863112124e+00 8.100416309732300091e-01 1.160115348345207353e+00 9.722678645201784375e-01 9.447637041076893949e-01
9.515860139827582165e-01 9.773607586286742199e-01 1.089699183044657849e+00 1.027590555363540936e+00 1.034915165605981846e+00 9.521391880040416256e-01 9.691121760846357347e-01 9.199018358478048274e-01 1.265813504486857477e+00 1.024987951069271652e+00 9.643962201694376013e-01 9.733231043173948827e-01
9.141829508047321085e-01 1.023120473060384006e+00 1.072777992345894438e+00 1.129646847063405790e+00 9.796814485813291062e-01 1.003335140898393485e+00 1.028951066091235766e+00 9.574560237880472835e-01 9.862556799186806833e-01 1.018245527767189351e+00 9.819117664098009346e-01 9.699045518014122180e-01
9.226145250709588685e-01 9.650712947322086510e-01 1.032960066554006406e+00 1.194188790762602315e+00 9.889757746160590113e-01 1.085046676302547031e+00 1.045262883785458508e+00 1.258968693810859074e+00 8.415750313286584072e-01 1.232660926740264840e+00 8.710014306413346175e-01 9.432186314007465766e-01
1.101599860387542984e+00 8.569202791887515769e-01 9.901152957344925287e-01 1.123574108968121932e+00 1.111881845976126604e+00 1.063314671697078939e+00 1.120538414856598441e+00 9.727115387889351261e-01 8.931083385787663698e-01 9.080952875022201276e-01 9.333469597272483487e-01 1.066555961763913984e+00
9.664982531694255030e-01 1.016181226442877117e+00 9.992744761056542302e-01 1.126589480373212382e+00 1.006945120301666163e+00 9.700223035176841480e-01 9.819573642351431264e-01 9.656777808363830040e-01 1.005328880761489296e+00 1.037114161408832613e+00 9.797009522834841944e-01 9.836322668826226190e-01
9.285018168051100140e-01 1.002457827970342663e+00 1.035085362880007631e+00 1.105973696025965403e+00 1.009619862305924931e+00 1.003885878233863993e+00 1.036527010626674405e+00 9.716865836399479761e-01 9.526963838252986427e-01 1.008334060597689597e+00 1.011235781927684041e+00 9.777620238178559298e-01
9.324200084860224669e-01 1.054397105483205754e+00 1.076786565296794063e+00 1.084648225726183579e+00 9.786413036536011356e-01 9.689679057123530281e-01 1.023719892993904201e+00 9.894664791434153450e-01 9.369880489432635962e-01 1.017246789089306880e+00 9.832412281291111888e-01 1.006650928971304593e+00
1.023832835768176741e+00 9.594695022012424968e-01 9.991087564540356292e-01 9.937346197487709754e-01 1.077564062112556842e+00 9.778058690109210360e-01 9.903007531761466309e-01 9.562339083408437634e-01 1.054279554225290738e+00 1.018146622759414033e+00 9.743422488362132317e-01 1.003406914886145751e+00
9.816640608165385640e-01 9.960678275817614891e-01 9.938536663672329352e-01 1.051592747265326588e+00 9.736803260770676705e-01 1.022988534470501421e+00 1.006084474730761347e+00 9.667852007372279566e-01 1.004305125308980307e+00 1.032306143467775827e+00 9.790650606097425213e-01 1.005194274085701611e+00
9.829095813682395821e-01 1.013012343464099407e+00 1.007786581922171187e+00 1.059648038344767507e+00 9.742382154538854477e-01 9.916452465703751162e-01 1.006564137652484314e+00 9.452087138351888962e-01 9.922626643557933557e-01 9.964338614174919062e-01 1.027188891473969079e+00 1.021265739097452663e+00
1.045610922203705107e+00 1.039110172425767420e+00 8.586703833317883561e-01 9.802022136103474281e-01 9.519399449441187100e-01 1.053125935187432916e+00 1.055262383120910030e+00 1.508735002881390619e+00 9.335166071818836731e-01 9.491461052924521358e-01 1.073639776570375792e+00 9.424445313361088372e-01
9.895733926090620747e-01 9.635097927392591854e-01 9.404403996034478297e-01 1.073591178171599658e+00 1.004844120182107670e+00 1.077716691393018511e+00 1.062797119482516983e+00 1.045474690958310804e+00 9.912665849048319933e-01 9.637197974267924794e-01 1.040276922580151364e+00 9.127536380260197202e-01
7.767153077395161365e-01 9.577769764935152308e-01 1.024769476927173795e+00 1.000311473297121667e+00 1.014969348832060581e+00 1.019981783424800836e+00 1.034228416134419737e+00 9.456265573018691750e-01 9.598035123385894041e-01 1.006286538040925604e+00 1.024500570363739982e+00 1.009771764850966980e+00
5.360445275085629069e-01 1.139616372479549833e+00 9.131729903095417988e-01 1.056190281315518398e+00 9.817013410175263743e-01 1.001645669713373765e+00 1.043083397311264537e+00 1.045597945130910755e+00 9.236227647923745954e-01 9.631318630121961100e-01 1.036909897260113844e+00 1.032872469534470428e+00
