9.675012048556925759e-01 0.000000000000000000e+00
1.013184235782457865e+00 0.000000000000000000e+00
1.061070999461570352e+00 0.000000000000000000e+00
1.022231132436735246e+00 0.000000000000000000e+00
1.013747297924938007e+00 0.000000000000000000e+00
9.825301738539163887e-01 0.000000000000000000e+00
9.931837024775337364e-01 0.000000000000000000e+00
9.783380848758197468e-01 0.000000000000000000e+00
9.948288117708008471e-01 0.000000000000000000e+00
9.922028109869887036e-01 0.000000000000000000e+00
1.005092210743615322e+00 0.000000000000000000e+00
1.021446178535699190e+00 0.000000000000000000e+00
