# obj_no spec_z phot_z age_old age_new f_old_V EBV norm chi
7.670000000000000000e+02 6.250000000000000000e-01 1.000000000000000021e-02 5.088000000000000000e+08 5.000000000000000000e+07 7.345771296661833816e-01 6.000000000000000888e-01 2.839997510770823432e-17 1.328983581252994917e+01
7.680000000000000000e+02 7.670000000000000151e-01 1.000000000000000021e-02 5.088000000000000000e+08 5.000000000000000000e+07 8.194539282036752414e-01 1.500000000000000000e+00 2.896822469701345498e-16 6.942229841742114615e+01
7.690000000000000000e+02 5.560000000000000497e-01 1.000000000000000021e-02 5.088000000000000000e+08 5.000000000000000000e+07 5.313699076773616969e-01 1.150000000000000133e+00 1.199114927244879597e-15 6.450470164314936028e+00
7.700000000000000000e+02 1.395000000000000018e+00 1.000000000000000021e-02 5.088000000000000000e+08 5.000000000000000000e+07 8.194539282036752414e-01 4.500000000000000111e-01 9.313532981730052161e-18 2.786603860566336976e+01
7.710000000000000000e+02 1.032999999999999918e+00 1.000000000000000021e-02 2.000000000000000000e+09 5.000000000000000000e+07 9.341422424970816651e-01 9.500000000000000666e-01 1.939468401261473235e-17 2.466457735098114767e+01
7.720000000000000000e+02 7.530000000000000027e-01 1.000000000000000021e-02 5.088000000000000000e+08 5.000000000000000000e+07 5.734841677598339071e-01 6.250000000000000000e-01 5.161954992530938810e-17 6.654775456413839052e+00
7.730000000000000000e+02 4.739999999999999769e-01 1.000000000000000021e-02 5.088000000000000000e+08 5.000000000000000000e+07 7.588113568490419958e-01 1.500000000000000000e+00 3.495091499547321426e-16 2.502889528751640924e+01
7.740000000000000000e+02 1.104999999999999982e+00 1.000000000000000021e-02 5.088000000000000000e+08 5.000000000000000000e+07 3.181690290810633703e-01 4.000000000000000222e-01 3.643013129853041066e-17 7.461311612863480036e+01
7.750000000000000000e+02 8.689999999999999947e-01 1.000000000000000021e-02 8.064000000000000000e+08 5.000000000000000000e+07 8.010703869145960887e-01 1.475000000000000089e+00 6.353275834052004380e-17 4.984100802444216782e+01
7.760000000000000000e+02 5.480000000000000426e-01 1.000000000000000021e-02 8.064000000000000000e+08 5.000000000000000000e+07 8.010703869145960887e-01 1.425000000000000044e+00 5.811505889030983568e-16 2.421705443860329510e+01
7.770000000000000000e+02 3.739999999999999991e-01 1.000000000000000021e-02 2.500000000000000000e+09 5.000000000000000000e+07 9.891070386914596613e-01 1.750000000000000167e-01 4.567451113334935010e-18 3.453058337040357362e+00
7.780000000000000000e+02 8.269999999999999574e-01 1.000000000000000021e-02 5.088000000000000000e+08 5.000000000000000000e+07 7.080048279597983552e-01 7.500000000000000000e-01 6.661889236762295300e-17 1.373663097805506439e+01
7.790000000000000000e+02 7.570000000000000062e-01 1.000000000000000021e-02 8.064000000000000000e+08 5.000000000000000000e+07 1.782362288973291520e-01 6.500000000000000222e-01 9.200269725485505043e-17 1.778008730390274650e+01
7.800000000000000000e+02 1.274999999999999911e+00 1.000000000000000021e-02 5.088000000000000000e+08 5.000000000000000000e+07 2.514224249708160164e-01 2.250000000000000056e-01 3.344534982525608571e-17 3.720519566877304385e+01
7.810000000000000000e+02 5.110000000000000098e-01 1.000000000000000021e-02 5.088000000000000000e+08 5.000000000000000000e+07 7.809132347232226046e-01 1.300000000000000044e+00 8.506934748165080838e-16 6.034866944002766687e+00
7.820000000000000000e+02 4.560000000000000164e-01 1.000000000000000021e-02 2.500000000000000000e+09 5.000000000000000000e+07 9.848811356849042076e-01 4.000000000000000222e-01 1.468853152425427975e-17 7.358523158189924196e+00
7.830000000000000000e+02 1.445999999999999952e+00 1.000000000000000021e-02 5.088000000000000000e+08 5.000000000000000000e+07 7.809132347232226046e-01 8.500000000000000888e-01 1.852363049180403133e-17 3.476537337145167328e+01
7.840000000000000000e+02 5.110000000000000098e-01 1.000000000000000021e-02 5.088000000000000000e+08 5.000000000000000000e+07 7.345771296661833816e-01 2.500000000000000000e-01 1.266912328688925105e-17 1.403277021945955205e+01
7.850000000000000000e+02 1.181999999999999940e+00 1.000000000000000021e-02 1.700000000000000000e+09 5.000000000000000000e+07 9.909453928203675321e-01 3.000000000000000444e-01 6.914616135374976330e-19 6.557301511147213269e+00
7.860000000000000000e+02 5.160000000000000142e-01 1.000000000000000021e-02 5.088000000000000000e+08 5.000000000000000000e+07 5.313699076773616969e-01 1.025000000000000133e+00 2.245779267960178867e-16 1.024461141022506006e+01
7.870000000000000000e+02 1.153000000000000025e+00 1.000000000000000021e-02 1.700000000000000000e+09 5.000000000000000000e+07 9.909453928203675321e-01 8.000000000000000444e-01 2.452986891825177850e-18 2.359004592399034816e+00
7.880000000000000000e+02 5.390000000000000346e-01 1.000000000000000021e-02 2.500000000000000000e+09 5.000000000000000000e+07 9.941510680753888884e-01 1.250000000000000000e-01 2.817274219280343372e-18 1.789229343712470666e+01
7.890000000000000000e+02 4.959999999999999964e-01 1.000000000000000021e-02 5.088000000000000000e+08 5.000000000000000000e+07 6.788688785174088469e-01 5.000000000000000000e-01 4.092709460938527314e-17 6.813647308015942983e+00
7.900000000000000000e+02 2.939999999999999836e-01 1.000000000000000021e-02 8.064000000000000000e+08 5.000000000000000000e+07 8.362199171250624952e-01 2.500000000000000139e-02 2.548491081314161286e-17 8.551732627132624387e+00
7.910000000000000000e+02 1.181000000000000050e+00 1.000000000000000021e-02 8.064000000000000000e+08 5.000000000000000000e+07 7.080048279597983552e-01 1.325000000000000178e+00 4.033947234904391818e-17 1.891357107953993122e+01
7.920000000000000000e+02 5.490000000000000435e-01 1.000000000000000021e-02 2.500000000000000000e+09 5.000000000000000000e+07 9.941510680753888884e-01 5.000000000000000278e-02 2.133005388693874596e-18 8.481722649616202148e+00
7.930000000000000000e+02 4.359999999999999987e-01 1.000000000000000021e-02 5.088000000000000000e+08 5.000000000000000000e+07 6.469219452298986539e-01 1.025000000000000133e+00 5.940237815457203332e-16 2.920897343977813865e+00
7.940000000000000000e+02 9.549999999999999600e-01 1.000000000000000021e-02 5.088000000000000000e+08 5.000000000000000000e+07 5.313699076773616969e-01 1.025000000000000133e+00 1.819458256527415416e-16 1.259946070314644473e+01
7.950000000000000000e+02 1.078000000000000069e+00 1.000000000000000021e-02 8.064000000000000000e+08 5.000000000000000000e+07 5.313699076773616969e-01 1.150000000000000133e+00 1.801310068289394437e-16 2.700486881177950593e+01
7.960000000000000000e+02 1.036000000000000032e+00 1.000000000000000021e-02 8.064000000000000000e+08 5.000000000000000000e+07 7.809132347232226046e-01 9.750000000000000888e-01 4.268837116278708880e-17 8.219774480003930961e+00
7.970000000000000000e+02 1.159000000000000030e+00 1.000000000000000021e-02 5.088000000000000000e+08 5.000000000000000000e+07 6.788688785174088469e-01 7.750000000000000222e-01 1.993524239531824426e-17 7.944591718888966980e+00
7.980000000000000000e+02 6.460000000000000187e-01 1.000000000000000021e-02 1.139100030000000000e+09 5.000000000000000000e+07 9.990352180385682068e-01 2.000000000000000111e-01 6.889991181571814967e-19 9.058158131711151029e+00
7.990000000000000000e+02 6.969999999999999529e-01 1.000000000000000021e-02 5.088000000000000000e+08 5.000000000000000000e+07 6.118928294465026951e-01 2.250000000000000056e-01 3.348745540888577901e-17 1.312079649355084854e+01
8.000000000000000000e+02 5.719999999999999529e-01 1.000000000000000021e-02 2.500000000000000000e+09 5.000000000000000000e+07 9.824577129666183239e-01 4.500000000000000111e-01 1.321188299821537360e-17 1.694348496859803888e+01
8.010000000000000000e+02 1.451999999999999957e+00 1.000000000000000021e-02 8.064000000000000000e+08 5.000000000000000000e+07 9.341422424970816651e-01 1.200000000000000178e+00 6.514940233113841344e-18 4.969832916038352977e+01
8.020000000000000000e+02 1.062999999999999945e+00 1.000000000000000021e-02 5.088000000000000000e+08 5.000000000000000000e+07 7.809132347232226046e-01 4.750000000000000333e-01 8.498852349432166259e-18 1.266714815905329239e+01
8.030000000000000000e+02 7.189999999999999725e-01 1.000000000000000021e-02 5.088000000000000000e+08 5.000000000000000000e+07 6.788688785174088469e-01 1.500000000000000000e+00 3.976815614518296191e-16 2.262481125401395232e+01
8.040000000000000000e+02 1.000000000000000000e+00 1.000000000000000021e-02 8.064000000000000000e+08 5.000000000000000000e+07 6.469219452298986539e-01 1.500000000000000000e+00 4.983301933373577009e-17 2.029857569641389858e+01
8.050000000000000000e+02 8.479999999999999760e-01 1.000000000000000021e-02 5.088000000000000000e+08 5.000000000000000000e+07 7.345771296661833816e-01 4.000000000000000222e-01 6.208596327784261512e-17 1.313905128865408400e+01
8.060000000000000000e+02 9.280000000000000471e-01 1.000000000000000021e-02 5.088000000000000000e+08 5.000000000000000000e+07 7.080048279597983552e-01 4.250000000000000444e-01 3.100556134528878456e-17 1.775937787011114466e+01
8.070000000000000000e+02 2.274000000000000021e+00 1.000000000000000021e-02 5.088000000000000000e+08 5.000000000000000000e+07 6.118928294465026951e-01 7.500000000000000000e-01 1.499989302863108579e-17 3.033783332412165024e+01
8.080000000000000000e+02 1.122999999999999998e+00 1.000000000000000021e-02 5.088000000000000000e+08 5.000000000000000000e+07 6.118928294465026951e-01 6.500000000000000222e-01 1.317583604067887423e-16 9.210891708882035900e+00
8.090000000000000000e+02 9.000000000000000222e-01 1.000000000000000021e-02 8.064000000000000000e+08 5.000000000000000000e+07 6.118928294465026951e-01 1.225000000000000089e+00 2.496648527180193739e-16 1.049861085781551218e+01
8.100000000000000000e+02 2.250000000000000056e-01 1.000000000000000021e-02 8.064000000000000000e+08 5.000000000000000000e+07 7.809132347232226046e-01 1.500000000000000222e-01 2.924580804068375819e-16 7.538408636641545257e+00
8.110000000000000000e+02 5.460000000000000409e-01 1.000000000000000021e-02 2.500000000000000000e+09 5.000000000000000000e+07 9.909453928203675321e-01 2.000000000000000111e-01 5.552132627361533279e-18 6.836466309353733450e+00
8.120000000000000000e+02 5.310000000000000275e-01 1.000000000000000021e-02 2.500000000000000000e+09 5.000000000000000000e+07 9.955456022925407433e-01 1.500000000000000222e-01 3.259993476557788411e-18 1.681563225094297120e+00
8.130000000000000000e+02 5.040000000000000036e-01 1.000000000000000021e-02 2.500000000000000000e+09 5.000000000000000000e+07 9.941510680753888884e-01 3.000000000000000444e-01 7.123794685902253122e-18 5.411932210828724443e+00
8.140000000000000000e+02 1.477000000000000091e+00 1.000000000000000021e-02 1.434000000000000000e+09 5.000000000000000000e+07 9.408169029081063783e-01 3.250000000000000111e-01 4.920171434604388789e-18 2.842336899085389135e+01
8.150000000000000000e+02 1.582999999999999963e+00 1.000000000000000021e-02 5.088000000000000000e+08 5.000000000000000000e+07 7.588113568490419958e-01 9.250000000000000444e-01 3.548222582057080784e-17 2.296350677501155602e+01
8.160000000000000000e+02 1.397000000000000020e+00 1.000000000000000021e-02 5.088000000000000000e+08 5.000000000000000000e+07 6.788688785174088469e-01 4.000000000000000222e-01 2.487597219950881837e-17 2.401716455371814263e+01
8.170000000000000000e+02 1.179999999999999938e+00 1.000000000000000021e-02 5.088000000000000000e+08 5.000000000000000000e+07 4.851925397502274695e-01 3.750000000000000000e-01 3.457469606847804488e-17 1.960782167158645706e+01
8.180000000000000000e+02 6.009999999999999787e-01 1.000000000000000021e-02 5.088000000000000000e+08 5.000000000000000000e+07 8.010703869145960887e-01 2.500000000000000139e-02 1.745182149287825864e-17 1.632027026967620742e+01
8.190000000000000000e+02 1.445999999999999952e+00 1.000000000000000021e-02 5.088000000000000000e+08 5.000000000000000000e+07 7.080048279597983552e-01 6.000000000000000888e-01 2.635004985823343641e-17 5.521575821557858887e+01
8.200000000000000000e+02 4.709999999999999742e-01 1.000000000000000021e-02 5.088000000000000000e+08 5.000000000000000000e+07 7.345771296661833816e-01 0.000000000000000000e+00 1.109121878194120575e-17 1.727965381461323702e+01
8.210000000000000000e+02 1.042999999999999927e+00 1.000000000000000021e-02 1.700000000000000000e+09 5.000000000000000000e+07 9.941510680753888884e-01 5.250000000000000222e-01 1.031865770614501078e-18 1.139094271192924523e+01
8.220000000000000000e+02 1.401999999999999913e+00 1.000000000000000021e-02 2.000000000000000000e+09 5.000000000000000000e+07 9.824577129666183239e-01 5.750000000000000666e-01 1.103729510958725689e-18 9.727422147395117236e+00
8.230000000000000000e+02 4.779999999999999805e-01 1.000000000000000021e-02 5.088000000000000000e+08 5.000000000000000000e+07 7.080048279597983552e-01 9.000000000000000222e-01 4.776468511997900447e-16 3.689381585503787697e+00
8.240000000000000000e+02 2.334999999999999964e+00 1.000000000000000021e-02 5.088000000000000000e+08 5.000000000000000000e+07 5.313699076773616969e-01 7.500000000000000000e-01 1.526171190005413647e-17 1.873527844881282078e+01
8.250000000000000000e+02 4.380000000000000004e-01 1.000000000000000021e-02 5.088000000000000000e+08 5.000000000000000000e+07 7.345771296661833816e-01 1.025000000000000133e+00 1.266128988200337608e-16 3.358372009352308840e+00
8.260000000000000000e+02 1.179999999999999938e+00 1.000000000000000021e-02 5.088000000000000000e+08 5.000000000000000000e+07 6.118928294465026951e-01 5.000000000000000000e-01 3.573099248953136917e-17 9.832062626039615338e+00
8.270000000000000000e+02 1.330999999999999961e+00 1.000000000000000021e-02 1.434000000000000000e+09 5.000000000000000000e+07 9.341422424970816651e-01 6.000000000000000888e-01 9.579796819137372208e-18 2.903615285898192866e+01
8.280000000000000000e+02 6.239999999999999991e-01 1.000000000000000021e-02 5.088000000000000000e+08 5.000000000000000000e+07 6.118928294465026951e-01 1.200000000000000178e+00 3.311175036733425897e-16 2.901265519125735270e+00
8.290000000000000000e+02 4.839999999999999858e-01 1.000000000000000021e-02 5.088000000000000000e+08 5.000000000000000000e+07 4.345600626628430829e-01 1.275000000000000133e+00 5.241338351658939959e-16 3.113503073970216661e+01
8.300000000000000000e+02 6.480000000000000204e-01 1.000000000000000021e-02 2.500000000000000000e+09 5.000000000000000000e+07 9.941510680753888884e-01 2.750000000000000222e-01 6.734083536571156131e-18 2.894349338846426534e+00
8.310000000000000000e+02 6.680000000000000382e-01 1.000000000000000021e-02 5.088000000000000000e+08 5.000000000000000000e+07 6.788688785174088469e-01 4.500000000000000111e-01 8.199065304575150959e-17 5.072201128665321690e+00
8.320000000000000000e+02 1.018000000000000016e+00 1.000000000000000021e-02 5.088000000000000000e+08 5.000000000000000000e+07 5.313699076773616969e-01 6.000000000000000888e-01 5.192974475497909711e-17 2.331317277362192542e+01
8.330000000000000000e+02 1.711000000000000076e+00 1.000000000000000021e-02 5.088000000000000000e+08 5.000000000000000000e+07 6.118928294465026951e-01 8.750000000000000000e-01 2.449909966105873768e-17 4.084178868808503893e+01
8.340000000000000000e+02 7.760000000000000231e-01 1.000000000000000021e-02 8.064000000000000000e+08 5.000000000000000000e+07 8.654560229254073533e-01 1.500000000000000000e+00 1.317534264353792268e-16 1.833632294531905060e+01
8.350000000000000000e+02 5.550000000000000488e-01 1.000000000000000021e-02 8.064000000000000000e+08 5.000000000000000000e+07 8.194539282036752414e-01 1.025000000000000133e+00 3.063310660535466608e-16 4.050837256700108746e+00
8.360000000000000000e+02 7.870000000000000329e-01 1.000000000000000021e-02 5.088000000000000000e+08 5.000000000000000000e+07 6.469219452298986539e-01 1.375000000000000000e+00 2.145091535010180333e-16 8.671047789013096363e+00
8.370000000000000000e+02 6.949999999999999512e-01 1.000000000000000021e-02 8.064000000000000000e+08 5.000000000000000000e+07 4.851925397502274695e-01 1.500000000000000000e+00 3.941148945071445207e-16 2.408030552804266478e+01
8.380000000000000000e+02 1.082999999999999963e+00 1.000000000000000021e-02 5.088000000000000000e+08 5.000000000000000000e+07 7.080048279597983552e-01 7.750000000000000222e-01 2.607560703994666649e-17 1.614265395884537213e+01
8.390000000000000000e+02 5.130000000000000115e-01 1.000000000000000021e-02 8.064000000000000000e+08 5.000000000000000000e+07 7.809132347232226046e-01 2.500000000000000000e-01 5.145157931326646537e-17 8.292288227814962553e+00
8.400000000000000000e+02 7.159999999999999698e-01 1.000000000000000021e-02 5.088000000000000000e+08 5.000000000000000000e+07 6.118928294465026951e-01 2.500000000000000139e-02 3.101131795309353985e-17 2.251936435446984675e+01
8.410000000000000000e+02 6.490000000000000213e-01 1.000000000000000021e-02 5.088000000000000000e+08 5.000000000000000000e+07 6.788688785174088469e-01 1.475000000000000089e+00 6.157291635257422286e-16 7.964655961197855127e+00
8.420000000000000000e+02 1.280000000000000027e+00 1.000000000000000021e-02 8.064000000000000000e+08 5.000000000000000000e+07 8.897735565382587364e-01 1.500000000000000000e+00 3.749841555297410989e-17 1.361056506948001754e+01
8.430000000000000000e+02 1.457999999999999963e+00 1.000000000000000021e-02 8.064000000000000000e+08 5.000000000000000000e+07 7.809132347232226046e-01 6.500000000000000222e-01 1.270254865533136396e-17 7.236526259714116804e+01
8.440000000000000000e+02 7.089999999999999636e-01 1.000000000000000021e-02 5.088000000000000000e+08 5.000000000000000000e+07 7.345771296661833816e-01 4.250000000000000444e-01 5.692804267199443355e-17 3.755356600258149058e+01
8.450000000000000000e+02 5.709999999999999520e-01 1.000000000000000021e-02 5.088000000000000000e+08 5.000000000000000000e+07 6.788688785174088469e-01 7.000000000000000666e-01 1.251541990575222686e-16 1.366462741118674273e+01
8.460000000000000000e+02 6.640000000000000346e-01 1.000000000000000021e-02 8.064000000000000000e+08 5.000000000000000000e+07 5.734841677598339071e-01 6.500000000000000222e-01 1.022535404090122147e-16 1.907916293380935047e+00
8.470000000000000000e+02 7.730000000000000204e-01 1.000000000000000021e-02 5.088000000000000000e+08 5.000000000000000000e+07 6.118928294465026951e-01 3.750000000000000000e-01 6.394033108656223145e-17 1.286906716390653038e+01
8.480000000000000000e+02 7.339999999999999858e-01 1.000000000000000021e-02 5.088000000000000000e+08 5.000000000000000000e+07 6.788688785174088469e-01 5.500000000000000444e-01 6.580967550455751837e-17 1.084350372916920513e+01
8.490000000000000000e+02 1.018000000000000016e+00 1.000000000000000021e-02 5.088000000000000000e+08 5.000000000000000000e+07 8.010703869145960887e-01 3.500000000000000333e-01 2.452049118541236762e-17 1.608057749407958426e+01
8.500000000000000000e+02 5.550000000000000488e-01 1.000000000000000021e-02 2.500000000000000000e+09 5.000000000000000000e+07 9.909453928203675321e-01 4.250000000000000444e-01 1.709401836171291397e-17 5.686622962067038323e+00
8.510000000000000000e+02 4.339999999999999969e-01 1.000000000000000021e-02 8.064000000000000000e+08 5.000000000000000000e+07 6.788688785174088469e-01 1.500000000000000000e+00 1.145963701301738342e-15 8.082039346858097772e+00
8.520000000000000000e+02 1.580000000000000071e+00 1.000000000000000021e-02 5.088000000000000000e+08 5.000000000000000000e+07 7.809132347232226046e-01 7.500000000000000000e-01 2.468032491044092463e-17 1.988953165153220581e+01
8.530000000000000000e+02 1.304000000000000048e+00 1.000000000000000021e-02 8.064000000000000000e+08 5.000000000000000000e+07 8.194539282036752414e-01 4.500000000000000111e-01 1.258891477749664608e-17 3.233322193848467663e+01
8.540000000000000000e+02 1.098999999999999977e+00 1.000000000000000021e-02 8.064000000000000000e+08 5.000000000000000000e+07 6.469219452298986539e-01 8.250000000000000666e-01 1.587253680721629972e-16 1.556748497266623765e+01
8.550000000000000000e+02 6.430000000000000160e-01 1.000000000000000021e-02 5.088000000000000000e+08 5.000000000000000000e+07 7.588113568490419958e-01 3.750000000000000000e-01 2.637966425770365742e-17 6.194397252623722316e+00
8.560000000000000000e+02 6.320000000000000062e-01 1.000000000000000021e-02 5.088000000000000000e+08 5.000000000000000000e+07 5.734841677598339071e-01 1.050000000000000044e+00 3.661472792658204087e-16 5.765741208420479325e+00
8.570000000000000000e+02 1.120999999999999996e+00 1.000000000000000021e-02 8.064000000000000000e+08 5.000000000000000000e+07 6.469219452298986539e-01 4.000000000000000222e-01 1.320212771952605976e-17 1.081917759173124516e+01
8.580000000000000000e+02 8.669999999999999929e-01 1.000000000000000021e-02 2.000000000000000000e+09 5.000000000000000000e+07 9.926219917125062020e-01 4.750000000000000333e-01 3.472524699222583211e-18 4.184218703822146779e+00
8.590000000000000000e+02 7.459999999999999964e-01 1.000000000000000021e-02 1.139100030000000000e+09 5.000000000000000000e+07 9.968174326144358943e-01 5.750000000000000666e-01 1.679521102649084074e-18 3.092266874951809630e+00
8.600000000000000000e+02 1.310000000000000053e+00 1.000000000000000021e-02 8.064000000000000000e+08 5.000000000000000000e+07 8.654560229254073533e-01 5.000000000000000000e-01 5.755779736745406627e-18 3.852491124259765343e+01
8.610000000000000000e+02 1.790000000000000036e+00 1.000000000000000021e-02 5.088000000000000000e+08 5.000000000000000000e+07 1.782362288973291520e-01 5.750000000000000666e-01 3.875522554298090224e-17 3.860727537515487029e+01
8.620000000000000000e+02 8.689999999999999947e-01 1.000000000000000021e-02 5.088000000000000000e+08 5.000000000000000000e+07 6.118928294465026951e-01 7.250000000000000888e-01 2.631955792376129147e-17 1.841172895697163980e+01
8.630000000000000000e+02 7.449999999999999956e-01 1.000000000000000021e-02 5.088000000000000000e+08 5.000000000000000000e+07 6.118928294465026951e-01 5.500000000000000444e-01 1.370451893415471520e-16 1.255038582440454853e+01
8.640000000000000000e+02 2.210000000000000020e-01 1.000000000000000021e-02 5.088000000000000000e+08 5.000000000000000000e+07 4.851925397502274695e-01 1.250000000000000000e+00 6.585749190269627454e-15 1.822826086555088310e+01
8.650000000000000000e+02 1.191999999999999948e+00 1.000000000000000021e-02 8.064000000000000000e+08 5.000000000000000000e+07 8.010703869145960887e-01 1.074999999999999956e+00 3.484020450436306545e-17 4.012045980723960525e+01
8.660000000000000000e+02 6.670000000000000373e-01 1.000000000000000021e-02 5.088000000000000000e+08 5.000000000000000000e+07 7.345771296661833816e-01 1.750000000000000167e-01 5.774518156722497500e-17 5.997115640687030513e+00
8.670000000000000000e+02 1.274999999999999911e+00 1.000000000000000021e-02 8.064000000000000000e+08 5.000000000000000000e+07 8.362199171250624952e-01 5.750000000000000666e-01 8.116706565355770164e-18 1.711529197042383998e+01
8.680000000000000000e+02 6.969999999999999529e-01 1.000000000000000021e-02 5.088000000000000000e+08 5.000000000000000000e+07 6.469219452298986539e-01 3.250000000000000111e-01 8.862559520400097261e-17 1.210740015694780070e+01
8.690000000000000000e+02 6.310000000000000053e-01 1.000000000000000021e-02 8.064000000000000000e+08 5.000000000000000000e+07 8.781743261443593074e-01 9.000000000000000222e-01 1.321990347840366657e-16 2.389456329181214311e+00
8.700000000000000000e+02 6.710000000000000409e-01 1.000000000000000021e-02 5.088000000000000000e+08 5.000000000000000000e+07 7.809132347232226046e-01 1.125000000000000000e+00 1.876424492612500350e-16 1.393209680886604396e+01
8.710000000000000000e+02 6.019999999999999796e-01 1.000000000000000021e-02 5.088000000000000000e+08 5.000000000000000000e+07 6.469219452298986539e-01 1.050000000000000044e+00 3.962878637435378649e-16 1.138959829277597713e+01
8.720000000000000000e+02 2.564000000000000057e+00 1.000000000000000021e-02 1.434000000000000000e+09 5.000000000000000000e+07 5.313699076773616969e-01 8.000000000000000444e-01 6.055523257702087044e-18 1.835856672871943118e+01
8.730000000000000000e+02 1.165999999999999925e+00 1.000000000000000021e-02 1.434000000000000000e+09 5.000000000000000000e+07 9.341422424970816651e-01 1.200000000000000178e+00 1.325541931180409784e-17 2.428253867687083911e+01
8.740000000000000000e+02 7.059999999999999609e-01 1.000000000000000021e-02 5.088000000000000000e+08 5.000000000000000000e+07 6.788688785174088469e-01 6.000000000000000888e-01 2.600937060545830564e-17 5.376061244138045758e+00
8.750000000000000000e+02 6.300000000000000044e-01 1.000000000000000021e-02 5.088000000000000000e+08 5.000000000000000000e+07 6.788688785174088469e-01 4.000000000000000222e-01 1.102257758207010347e-16 7.490385388911579234e+00
8.760000000000000000e+02 2.274000000000000021e+00 1.000000000000000021e-02 5.088000000000000000e+08 5.000000000000000000e+07 4.851925397502274695e-01 5.750000000000000666e-01 1.743271455936174723e-17 9.808214675551045758e+00
8.770000000000000000e+02 8.760000000000000009e-01 1.000000000000000021e-02 5.088000000000000000e+08 5.000000000000000000e+07 6.788688785174088469e-01 4.500000000000000111e-01 8.780668030866598525e-17 1.501986813253987663e+01
8.780000000000000000e+02 1.157999999999999918e+00 1.000000000000000021e-02 8.064000000000000000e+08 5.000000000000000000e+07 6.788688785174088469e-01 1.475000000000000089e+00 2.576962131512730980e-17 2.891228729710521961e+01
8.790000000000000000e+02 2.640000000000000124e-01 1.000000000000000021e-02 8.064000000000000000e+08 5.000000000000000000e+07 7.080048279597983552e-01 1.400000000000000133e+00 3.534652647984829843e-15 8.500374126741794711e+00
8.800000000000000000e+02 6.710000000000000409e-01 1.000000000000000021e-02 5.088000000000000000e+08 5.000000000000000000e+07 6.788688785174088469e-01 1.425000000000000044e+00 6.766998757326514636e-16 2.980215891767579617e+00
8.810000000000000000e+02 1.078000000000000069e+00 1.000000000000000021e-02 1.434000000000000000e+09 5.000000000000000000e+07 7.345771296661833816e-01 4.000000000000000222e-01 6.325909663017377027e-17 1.514469439170854415e+01
8.820000000000000000e+02 5.719999999999999529e-01 1.000000000000000021e-02 2.500000000000000000e+09 5.000000000000000000e+07 9.926219917125062020e-01 4.500000000000000111e-01 8.356397457453136969e-18 2.160850870343318686e+00
8.830000000000000000e+02 1.191000000000000059e+00 1.000000000000000021e-02 5.088000000000000000e+08 5.000000000000000000e+07 5.734841677598339071e-01 5.000000000000000000e-01 3.352495595834654477e-17 1.096299365880846111e+01
8.840000000000000000e+02 5.959999999999999742e-01 1.000000000000000021e-02 5.088000000000000000e+08 5.000000000000000000e+07 6.118928294465026951e-01 7.750000000000000222e-01 3.618871820900523713e-16 1.563437417797427820e+01
8.850000000000000000e+02 5.050000000000000044e-01 1.000000000000000021e-02 5.088000000000000000e+08 5.000000000000000000e+07 7.588113568490419958e-01 4.750000000000000333e-01 5.443710082469898073e-17 1.114680473766419233e+01
8.860000000000000000e+02 7.089999999999999636e-01 1.000000000000000021e-02 5.088000000000000000e+08 5.000000000000000000e+07 4.851925397502274695e-01 2.500000000000000139e-02 9.376015926257009174e-17 8.317816867734865127e+01
8.870000000000000000e+02 4.785999999999999588e+00 1.000000000000000021e-02 1.434000000000000000e+09 5.000000000000000000e+07 7.588113568490419958e-01 0.000000000000000000e+00 3.960213069134848883e-18 3.301063535902795252e+02
8.880000000000000000e+02 1.191999999999999948e+00 1.000000000000000021e-02 8.064000000000000000e+08 5.000000000000000000e+07 7.588113568490419958e-01 9.000000000000000222e-01 2.034494823497372530e-17 1.757121882675780000e+01
8.890000000000000000e+02 1.197999999999999954e+00 1.000000000000000021e-02 5.088000000000000000e+08 5.000000000000000000e+07 5.734841677598339071e-01 5.000000000000000000e-01 2.232725152120259165e-17 1.645737703000116170e+01
8.900000000000000000e+02 7.469999999999999973e-01 1.000000000000000021e-02 5.088000000000000000e+08 5.000000000000000000e+07 6.788688785174088469e-01 2.250000000000000056e-01 4.058396877500435631e-17 1.634408558977760961e+01
8.910000000000000000e+02 1.143000000000000016e+00 1.000000000000000021e-02 5.088000000000000000e+08 5.000000000000000000e+07 8.010703869145960887e-01 3.250000000000000111e-01 7.444188088513042899e-18 9.714585837803038970e+00
8.920000000000000000e+02 6.510000000000000231e-01 1.000000000000000021e-02 5.088000000000000000e+08 5.000000000000000000e+07 7.588113568490419958e-01 1.000000000000000056e-01 3.507633378648762297e-17 5.391024342654949564e+00
8.930000000000000000e+02 1.233999999999999986e+00 1.000000000000000021e-02 5.088000000000000000e+08 5.000000000000000000e+07 6.118928294465026951e-01 1.200000000000000178e+00 1.037032851408416129e-16 2.992966074358963269e+01
8.940000000000000000e+02 1.302999999999999936e+00 1.000000000000000021e-02 1.434000000000000000e+09 5.000000000000000000e+07 8.010703869145960887e-01 1.475000000000000089e+00 2.176710988254983403e-17 5.246560291973675305e+01
8.950000000000000000e+02 1.177000000000000046e+00 1.000000000000000021e-02 1.434000000000000000e+09 5.000000000000000000e+07 8.194539282036752414e-01 9.000000000000000222e-01 1.408574154209409501e-17 1.628073179803649140e+01
8.960000000000000000e+02 8.760000000000000009e-01 1.000000000000000021e-02 8.064000000000000000e+08 5.000000000000000000e+07 8.515106807538886935e-01 9.500000000000000666e-01 1.404958134024173387e-16 3.272334515352397055e+00
8.970000000000000000e+02 8.509999999999999787e-01 1.000000000000000021e-02 8.064000000000000000e+08 5.000000000000000000e+07 5.313699076773616969e-01 8.250000000000000666e-01 1.371639125654587213e-16 2.042153591718187400e+01
8.980000000000000000e+02 6.229999999999999982e-01 1.000000000000000021e-02 5.088000000000000000e+08 5.000000000000000000e+07 6.469219452298986539e-01 1.425000000000000044e+00 3.026808309425904387e-16 6.549806312025820532e+00
8.990000000000000000e+02 3.217999999999999972e+00 1.000000000000000021e-02 5.088000000000000000e+08 5.000000000000000000e+07 6.118928294465026951e-01 1.500000000000000000e+00 2.125224620399507357e-17 1.595858815437675844e+02
9.000000000000000000e+02 8.449999999999999734e-01 1.000000000000000021e-02 5.088000000000000000e+08 5.000000000000000000e+07 8.362199171250624952e-01 2.500000000000000139e-02 2.181423677657928076e-17 2.734091689162235284e+01
9.010000000000000000e+02 8.489999999999999769e-01 1.000000000000000021e-02 1.434000000000000000e+09 5.000000000000000000e+07 9.268236228897329676e-01 8.000000000000000444e-01 3.021225742976443085e-17 5.715116407930886488e+00
9.020000000000000000e+02 1.399000000000000021e+00 1.000000000000000021e-02 1.139100030000000000e+09 5.000000000000000000e+07 9.979773556538258372e-01 2.250000000000000056e-01 3.527704858796205403e-19 7.577229747697724171e+00
9.030000000000000000e+02 7.409999999999999920e-01 1.000000000000000021e-02 5.088000000000000000e+08 5.000000000000000000e+07 6.788688785174088469e-01 1.000000000000000056e-01 1.125775163568766726e-17 1.159697551683585992e+01
9.040000000000000000e+02 9.020000000000000240e-01 1.000000000000000021e-02 8.064000000000000000e+08 5.000000000000000000e+07 5.313699076773616969e-01 1.050000000000000044e+00 1.447417618385308513e-16 4.433211795659310894e+00
9.050000000000000000e+02 1.050000000000000044e+00 1.000000000000000021e-02 8.064000000000000000e+08 5.000000000000000000e+07 6.469219452298986539e-01 1.025000000000000133e+00 1.163498765042807634e-16 9.581495424740458233e+00
9.060000000000000000e+02 2.464999999999999858e+00 1.000000000000000021e-02 8.064000000000000000e+08 5.000000000000000000e+07 7.080048279597983552e-01 1.200000000000000178e+00 2.927802412431017591e-17 9.325048448105317078e+00
9.070000000000000000e+02 5.560000000000000497e-01 1.000000000000000021e-02 5.088000000000000000e+08 5.000000000000000000e+07 6.118928294465026951e-01 4.000000000000000222e-01 1.597849889678693986e-16 1.801578484187371387e+01
9.080000000000000000e+02 8.770000000000000018e-01 1.000000000000000021e-02 5.088000000000000000e+08 5.000000000000000000e+07 6.118928294465026951e-01 4.250000000000000444e-01 2.515576592176766973e-17 1.917886808286039013e+01
9.090000000000000000e+02 2.423000000000000043e+00 1.000000000000000021e-02 5.088000000000000000e+08 5.000000000000000000e+07 4.345600626628430829e-01 7.250000000000000888e-01 1.758137254708961254e-17 7.378374080699761350e+01
9.100000000000000000e+02 5.709999999999999520e-01 1.000000000000000021e-02 2.000000000000000000e+09 5.000000000000000000e+07 9.663484167759833765e-01 2.500000000000000000e-01 8.194925044800105239e-18 1.101849494488708947e+00
9.110000000000000000e+02 8.790000000000000036e-01 1.000000000000000021e-02 1.700000000000000000e+09 5.000000000000000000e+07 9.187989160644089992e-01 8.000000000000000444e-01 5.884263561905276964e-17 1.847170503126185803e+00
9.120000000000000000e+02 4.909999999999999920e-01 1.000000000000000021e-02 5.088000000000000000e+08 5.000000000000000000e+07 5.734841677598339071e-01 7.000000000000000666e-01 6.635955376966386578e-16 2.059247535872618329e+01
9.130000000000000000e+02 3.225999999999999979e+00 1.000000000000000021e-02 5.088000000000000000e+08 5.000000000000000000e+07 7.345771296661833816e-01 8.750000000000000000e-01 4.375129589537594158e-18 3.441838819268453165e+01
9.140000000000000000e+02 1.048000000000000043e+00 1.000000000000000021e-02 8.064000000000000000e+08 5.000000000000000000e+07 8.010703869145960887e-01 1.025000000000000133e+00 7.227268512836460384e-17 3.354670978714149499e+01
9.150000000000000000e+02 1.467000000000000082e+00 1.000000000000000021e-02 1.434000000000000000e+09 5.000000000000000000e+07 9.701892829446502331e-01 0.000000000000000000e+00 1.353753948410010186e-18 1.126862823218190925e+02
9.160000000000000000e+02 1.697999999999999954e+00 1.000000000000000021e-02 5.088000000000000000e+08 5.000000000000000000e+07 4.851925397502274695e-01 7.750000000000000222e-01 2.739226285333935601e-17 3.983614416367116462e+01
9.170000000000000000e+02 1.189000000000000057e+00 1.000000000000000021e-02 5.088000000000000000e+08 5.000000000000000000e+07 6.469219452298986539e-01 6.500000000000000222e-01 2.773540718683795755e-17 1.267351325271541285e+01
9.180000000000000000e+02 2.448999999999999844e+00 1.000000000000000021e-02 8.064000000000000000e+08 5.000000000000000000e+07 5.313699076773616969e-01 4.500000000000000111e-01 1.280060756553020209e-17 1.600677958532397582e+01
9.190000000000000000e+02 1.455999999999999961e+00 1.000000000000000021e-02 1.434000000000000000e+09 5.000000000000000000e+07 9.824577129666183239e-01 5.000000000000000000e-01 2.662423462240293653e-18 2.298110617767002850e+01
9.200000000000000000e+02 1.379999999999999893e+00 1.000000000000000021e-02 8.064000000000000000e+08 5.000000000000000000e+07 8.781743261443593074e-01 5.500000000000000444e-01 1.369914160910995597e-17 4.454169455193438409e+01
9.210000000000000000e+02 1.100999999999999979e+00 1.000000000000000021e-02 5.088000000000000000e+08 5.000000000000000000e+07 7.809132347232226046e-01 1.325000000000000178e+00 3.406195240687063636e-17 4.653083933966675545e+01
9.220000000000000000e+02 6.340000000000000080e-01 1.000000000000000021e-02 5.088000000000000000e+08 5.000000000000000000e+07 6.118928294465026951e-01 3.750000000000000000e-01 1.216553956857379801e-16 9.059935263381218462e+00
9.230000000000000000e+02 6.300000000000000044e-01 1.000000000000000021e-02 8.064000000000000000e+08 5.000000000000000000e+07 8.654560229254073533e-01 1.074999999999999956e+00 2.870459830560755303e-16 1.067293249243237874e+01
9.240000000000000000e+02 4.729999999999999760e-01 1.000000000000000021e-02 5.088000000000000000e+08 5.000000000000000000e+07 2.514224249708160164e-01 0.000000000000000000e+00 5.824463579666777049e-17 2.439737026951216308e+02
9.250000000000000000e+02 5.540000000000000480e-01 1.000000000000000021e-02 5.088000000000000000e+08 5.000000000000000000e+07 6.469219452298986539e-01 5.250000000000000222e-01 2.228460347502088078e-16 1.066831379941496216e+01
9.260000000000000000e+02 7.099999999999999645e-01 1.000000000000000021e-02 5.088000000000000000e+08 5.000000000000000000e+07 7.588113568490419958e-01 6.250000000000000000e-01 5.768722202338737541e-17 7.750639156697625154e+00
9.270000000000000000e+02 7.089999999999999636e-01 1.000000000000000021e-02 8.064000000000000000e+08 5.000000000000000000e+07 7.588113568490419958e-01 1.050000000000000044e+00 1.977887381734978478e-16 3.098359642238276646e+00
9.280000000000000000e+02 3.790000000000000036e-01 1.000000000000000021e-02 8.064000000000000000e+08 5.000000000000000000e+07 8.194539282036752414e-01 0.000000000000000000e+00 2.656278566531756654e-17 1.260091556627635256e+01
9.290000000000000000e+02 1.175999999999999934e+00 1.000000000000000021e-02 5.088000000000000000e+08 5.000000000000000000e+07 5.734841677598339071e-01 4.000000000000000222e-01 6.198321465828462158e-17 5.667059274841328431e+00
9.300000000000000000e+02 4.949999999999999956e-01 1.000000000000000021e-02 2.000000000000000000e+09 5.000000000000000000e+07 9.848811356849042076e-01 5.000000000000000278e-02 5.956415552040710457e-18 3.021764286803930055e+00
9.310000000000000000e+02 1.199999999999999956e+00 1.000000000000000021e-02 3.000000000000000000e+09 5.000000000000000000e+07 9.469042655519807061e-01 7.000000000000000666e-01 5.945484540066563082e-18 1.499122836833578276e+01
9.320000000000000000e+02 1.461999999999999966e+00 1.000000000000000021e-02 1.139100030000000000e+09 5.000000000000000000e+07 9.955456022925407433e-01 1.250000000000000000e-01 5.953761711619786348e-19 1.415007267582423189e+01
9.330000000000000000e+02 5.470000000000000417e-01 1.000000000000000021e-02 5.088000000000000000e+08 5.000000000000000000e+07 4.345600626628430829e-01 1.325000000000000178e+00 3.120437064432176849e-16 1.695825722324153162e+01
9.340000000000000000e+02 5.999999999999999778e-01 1.000000000000000021e-02 5.088000000000000000e+08 5.000000000000000000e+07 7.588113568490419958e-01 8.000000000000000444e-01 8.597396106795744965e-17 7.185033287394304580e+00
9.350000000000000000e+02 8.790000000000000036e-01 1.000000000000000021e-02 5.088000000000000000e+08 5.000000000000000000e+07 1.000000000000000888e-02 9.500000000000000666e-01 3.870161576106953556e-16 8.181148729811638987e+01
9.360000000000000000e+02 1.096999999999999975e+00 1.000000000000000021e-02 8.064000000000000000e+08 5.000000000000000000e+07 7.345771296661833816e-01 9.250000000000000444e-01 1.864452501864389066e-17 1.820705007232058037e+01
9.370000000000000000e+02 5.170000000000000151e-01 1.000000000000000021e-02 2.500000000000000000e+09 5.000000000000000000e+07 9.848811356849042076e-01 2.750000000000000222e-01 1.384882243879394985e-17 3.787756815552006273e+00
9.380000000000000000e+02 3.760000000000000009e-01 1.000000000000000021e-02 5.088000000000000000e+08 5.000000000000000000e+07 7.080048279597983552e-01 9.000000000000000222e-01 2.547358752625757316e-16 5.259942867824989321e+00
9.390000000000000000e+02 1.096000000000000085e+00 1.000000000000000021e-02 8.064000000000000000e+08 5.000000000000000000e+07 8.654560229254073533e-01 1.475000000000000089e+00 2.309162698185616103e-17 2.974469774799305455e+01
9.400000000000000000e+02 8.840000000000000080e-01 1.000000000000000021e-02 4.000000000000000000e+09 5.000000000000000000e+07 9.941510680753888884e-01 1.750000000000000167e-01 3.038251041839187038e-18 3.321349003113119647e+00
9.410000000000000000e+02 1.320000000000000062e+00 1.000000000000000021e-02 1.434000000000000000e+09 5.000000000000000000e+07 8.654560229254073533e-01 9.750000000000000888e-01 1.525659190550976951e-17 6.860192206088015610e+01
9.420000000000000000e+02 5.819999999999999618e-01 1.000000000000000021e-02 5.088000000000000000e+08 5.000000000000000000e+07 8.362199171250624952e-01 5.000000000000000278e-02 2.003546373845703420e-17 2.297100743268851275e+01
9.430000000000000000e+02 6.660000000000000364e-01 1.000000000000000021e-02 8.064000000000000000e+08 5.000000000000000000e+07 7.080048279597983552e-01 1.000000000000000000e+00 4.692355500622727006e-16 1.706260626985805162e+00
9.440000000000000000e+02 5.030000000000000027e-01 1.000000000000000021e-02 2.500000000000000000e+09 5.000000000000000000e+07 9.736921945229898290e-01 3.000000000000000444e-01 2.553313326341882413e-17 4.132334283385938001e+00
9.450000000000000000e+02 6.250000000000000000e-01 1.000000000000000021e-02 2.500000000000000000e+09 5.000000000000000000e+07 9.941510680753888884e-01 2.000000000000000111e-01 4.215359906255661366e-18 1.169463879677837781e+01
9.460000000000000000e+02 6.979999999999999538e-01 1.000000000000000021e-02 5.088000000000000000e+08 5.000000000000000000e+07 4.851925397502274695e-01 7.250000000000000888e-01 2.315497103720141206e-16 4.779597883020498372e+00
9.470000000000000000e+02 1.046000000000000041e+00 1.000000000000000021e-02 5.088000000000000000e+08 5.000000000000000000e+07 5.734841677598339071e-01 6.500000000000000222e-01 5.652999165466877522e-17 1.030229573765091722e+01
9.480000000000000000e+02 4.929999999999999938e-01 1.000000000000000021e-02 2.500000000000000000e+09 5.000000000000000000e+07 9.926219917125062020e-01 3.000000000000000444e-01 6.148883907691676708e-18 1.707284871073427190e+00
9.490000000000000000e+02 5.530000000000000471e-01 1.000000000000000021e-02 2.500000000000000000e+09 5.000000000000000000e+07 9.926219917125062020e-01 4.250000000000000444e-01 1.911705561604630859e-17 6.192096362936812426e+00
9.500000000000000000e+02 1.640000000000000069e-01 1.000000000000000021e-02 1.434000000000000000e+09 5.000000000000000000e+07 8.654560229254073533e-01 0.000000000000000000e+00 5.346793095263657001e-17 4.596618496638446238e+00
9.510000000000000000e+02 1.397000000000000020e+00 1.000000000000000021e-02 5.088000000000000000e+08 5.000000000000000000e+07 7.345771296661833816e-01 4.750000000000000333e-01 1.850726393192535216e-17 3.480757834621564939e+01
9.520000000000000000e+02 2.133999999999999897e+00 1.000000000000000021e-02 5.088000000000000000e+08 5.000000000000000000e+07 6.118928294465026951e-01 7.750000000000000222e-01 1.387871751322036881e-17 1.092362598733985557e+01
9.530000000000000000e+02 2.424999999999999822e+00 1.000000000000000021e-02 5.088000000000000000e+08 5.000000000000000000e+07 5.313699076773616969e-01 8.000000000000000444e-01 1.389603573601313844e-17 2.829359408577336765e+01
9.540000000000000000e+02 8.840000000000000080e-01 1.000000000000000021e-02 2.000000000000000000e+09 5.000000000000000000e+07 9.768868878517409371e-01 5.000000000000000000e-01 1.590699576951545153e-17 8.946214351139202492e+00
9.550000000000000000e+02 6.580000000000000293e-01 1.000000000000000021e-02 2.000000000000000000e+09 5.000000000000000000e+07 9.955456022925407433e-01 2.250000000000000056e-01 3.248638814981120674e-18 5.028906572276274467e+00
9.560000000000000000e+02 8.419999999999999707e-01 1.000000000000000021e-02 5.088000000000000000e+08 5.000000000000000000e+07 5.734841677598339071e-01 8.750000000000000000e-01 5.563012852752875600e-17 3.493004839291020236e+00
9.570000000000000000e+02 7.089999999999999636e-01 1.000000000000000021e-02 5.088000000000000000e+08 5.000000000000000000e+07 6.469219452298986539e-01 1.000000000000000056e-01 4.064836695876541393e-17 1.270559747964441222e+01
9.580000000000000000e+02 4.640000000000000235e-01 1.000000000000000021e-02 5.088000000000000000e+08 5.000000000000000000e+07 6.118928294465026951e-01 3.750000000000000000e-01 1.534524388196890210e-16 6.964039266982206655e+00
9.590000000000000000e+02 1.364000000000000101e+00 1.000000000000000021e-02 5.088000000000000000e+08 5.000000000000000000e+07 7.588113568490419958e-01 7.000000000000000666e-01 1.210193590693432697e-17 3.051791610616826844e+01
9.600000000000000000e+02 6.670000000000000373e-01 1.000000000000000021e-02 5.088000000000000000e+08 5.000000000000000000e+07 6.469219452298986539e-01 5.000000000000000000e-01 1.605060135112540049e-16 4.107113178640201312e+00
9.610000000000000000e+02 5.450000000000000400e-01 1.000000000000000021e-02 8.064000000000000000e+08 5.000000000000000000e+07 8.781743261443593074e-01 1.400000000000000133e+00 2.008182276502223393e-16 2.943084315520712479e+01
9.620000000000000000e+02 1.125999999999999890e+00 1.000000000000000021e-02 8.064000000000000000e+08 5.000000000000000000e+07 8.362199171250624952e-01 9.500000000000000666e-01 2.323556098907562500e-17 2.073717025268306102e+01
9.630000000000000000e+02 6.520000000000000240e-01 1.000000000000000021e-02 5.088000000000000000e+08 5.000000000000000000e+07 7.345771296661833816e-01 3.000000000000000444e-01 1.779866111417212815e-17 3.822498798665908470e+00
9.640000000000000000e+02 2.785000000000000142e+00 1.000000000000000021e-02 5.088000000000000000e+08 5.000000000000000000e+07 4.345600626628430829e-01 6.000000000000000888e-01 9.689204013935285284e-18 1.253370944204143278e+01
9.650000000000000000e+02 1.441999999999999948e+00 1.000000000000000021e-02 5.088000000000000000e+08 5.000000000000000000e+07 4.851925397502274695e-01 7.500000000000000000e-01 7.831517851943068830e-17 4.850390236939635002e+01
9.660000000000000000e+02 3.760000000000000009e-01 1.000000000000000021e-02 8.064000000000000000e+08 5.000000000000000000e+07 8.897735565382587364e-01 0.000000000000000000e+00 3.255902861875757643e-17 4.095622247345770184e+00
9.670000000000000000e+02 2.490000000000000213e+00 1.000000000000000021e-02 5.088000000000000000e+08 5.000000000000000000e+07 4.851925397502274695e-01 7.750000000000000222e-01 1.449261768724438745e-17 2.526809089604854819e+01
9.680000000000000000e+02 1.405000000000000027e+00 1.000000000000000021e-02 5.088000000000000000e+08 5.000000000000000000e+07 6.788688785174088469e-01 4.000000000000000222e-01 2.572476331361371285e-17 1.510573212258608677e+01
9.690000000000000000e+02 6.260000000000000009e-01 1.000000000000000021e-02 5.088000000000000000e+08 5.000000000000000000e+07 7.588113568490419958e-01 0.000000000000000000e+00 2.974569541831884456e-17 9.420306068342702233e+00
9.700000000000000000e+02 1.076000000000000068e+00 1.000000000000000021e-02 5.088000000000000000e+08 5.000000000000000000e+07 7.345771296661833816e-01 4.750000000000000333e-01 1.331572817652650258e-17 1.891518336953095059e+01
9.710000000000000000e+02 5.560000000000000497e-01 1.000000000000000021e-02 2.500000000000000000e+09 5.000000000000000000e+07 9.926219917125062020e-01 3.250000000000000111e-01 6.061466274261879725e-18 4.225526820146510154e+00
9.720000000000000000e+02 1.074999999999999956e+00 1.000000000000000021e-02 1.700000000000000000e+09 5.000000000000000000e+07 8.515106807538886935e-01 1.500000000000000000e+00 3.335123898988629743e-17 3.610569330471643212e+01
9.730000000000000000e+02 1.052000000000000046e+00 1.000000000000000021e-02 1.700000000000000000e+09 5.000000000000000000e+07 9.955456022925407433e-01 4.250000000000000444e-01 3.121790509057205794e-18 5.881882558668607430e+00
9.740000000000000000e+02 6.320000000000000062e-01 1.000000000000000021e-02 5.088000000000000000e+08 5.000000000000000000e+07 5.313699076773616969e-01 1.500000000000000222e-01 1.139190964910089137e-16 6.631232332352779757e+00
9.750000000000000000e+02 5.150000000000000133e-01 1.000000000000000021e-02 2.500000000000000000e+09 5.000000000000000000e+07 9.909453928203675321e-01 3.500000000000000333e-01 1.149097141048374299e-17 5.052060213046477344e+00
9.760000000000000000e+02 5.510000000000000453e-01 1.000000000000000021e-02 8.064000000000000000e+08 5.000000000000000000e+07 7.809132347232226046e-01 7.500000000000001110e-02 1.255094662153767306e-17 2.780317026353050380e+01
9.770000000000000000e+02 8.820000000000000062e-01 1.000000000000000021e-02 5.088000000000000000e+08 5.000000000000000000e+07 7.080048279597983552e-01 4.000000000000000222e-01 6.310285843346646338e-17 1.149592520543318486e+01
9.780000000000000000e+02 5.709999999999999520e-01 1.000000000000000021e-02 5.088000000000000000e+08 5.000000000000000000e+07 6.469219452298986539e-01 9.500000000000000666e-01 4.199219518227394159e-16 9.955625585244268549e+00
9.790000000000000000e+02 5.530000000000000471e-01 1.000000000000000021e-02 8.064000000000000000e+08 5.000000000000000000e+07 4.851925397502274695e-01 8.250000000000000666e-01 2.227005421783994056e-16 2.637081403940771196e+01
9.800000000000000000e+02 7.690000000000000169e-01 1.000000000000000021e-02 5.088000000000000000e+08 5.000000000000000000e+07 7.080048279597983552e-01 1.450000000000000178e+00 3.632944721821468550e-16 4.037777496284544299e+00
9.810000000000000000e+02 8.339999999999999636e-01 1.000000000000000021e-02 5.088000000000000000e+08 5.000000000000000000e+07 5.313699076773616969e-01 5.750000000000000666e-01 3.261471266719542132e-16 3.988144566616347220e+01
9.820000000000000000e+02 7.500000000000000000e-01 1.000000000000000021e-02 8.064000000000000000e+08 5.000000000000000000e+07 8.515106807538886935e-01 1.175000000000000044e+00 1.450691439837558944e-16 3.776672101471252319e+00
9.830000000000000000e+02 5.949999999999999734e-01 1.000000000000000021e-02 2.500000000000000000e+09 5.000000000000000000e+07 9.870913234723223129e-01 2.500000000000000000e-01 9.354822202436572363e-18 2.996694685909480960e+00
9.840000000000000000e+02 5.570000000000000506e-01 1.000000000000000021e-02 2.500000000000000000e+09 5.000000000000000000e+07 9.798004827959798657e-01 3.000000000000000444e-01 1.919987236990113746e-17 4.344485778013035926e+00
9.850000000000000000e+02 6.640000000000000346e-01 1.000000000000000021e-02 5.088000000000000000e+08 5.000000000000000000e+07 5.734841677598339071e-01 2.500000000000000139e-02 3.637053959367954122e-17 6.067412025600919634e+01
9.860000000000000000e+02 4.470000000000000084e-01 1.000000000000000021e-02 5.088000000000000000e+08 5.000000000000000000e+07 7.809132347232226046e-01 9.000000000000000222e-01 3.301748034179342496e-16 1.455131920146949476e+00
9.870000000000000000e+02 6.979999999999999538e-01 1.000000000000000021e-02 5.088000000000000000e+08 5.000000000000000000e+07 7.588113568490419958e-01 4.750000000000000333e-01 8.017192449164680633e-17 2.633491568680326722e+01
9.880000000000000000e+02 6.440000000000000169e-01 1.000000000000000021e-02 5.088000000000000000e+08 5.000000000000000000e+07 6.118928294465026951e-01 7.500000000000001110e-02 5.203066023126856692e-17 1.393575777565743934e+01
9.890000000000000000e+02 6.690000000000000391e-01 1.000000000000000021e-02 5.088000000000000000e+08 5.000000000000000000e+07 7.080048279597983552e-01 1.475000000000000089e+00 5.384110444946298843e-16 1.147145184097463932e+01
9.900000000000000000e+02 5.180000000000000160e-01 1.000000000000000021e-02 2.500000000000000000e+09 5.000000000000000000e+07 9.909453928203675321e-01 7.500000000000001110e-02 5.411410911247101106e-18 4.618528074674467021e+00
9.910000000000000000e+02 6.250000000000000000e-01 1.000000000000000021e-02 5.088000000000000000e+08 5.000000000000000000e+07 7.080048279597983552e-01 0.000000000000000000e+00 2.700455299062608160e-17 1.384745277931789786e+01
9.920000000000000000e+02 6.039999999999999813e-01 1.000000000000000021e-02 5.088000000000000000e+08 5.000000000000000000e+07 6.118928294465026951e-01 4.500000000000000111e-01 2.355210245791040942e-16 1.203450110087268143e+01
9.930000000000000000e+02 4.869999999999999885e-01 1.000000000000000021e-02 5.088000000000000000e+08 5.000000000000000000e+07 6.469219452298986539e-01 1.350000000000000089e+00 1.686575244062080033e-15 9.194421509740617893e+00
9.940000000000000000e+02 7.049999999999999600e-01 1.000000000000000021e-02 5.088000000000000000e+08 5.000000000000000000e+07 6.469219452298986539e-01 3.750000000000000000e-01 8.912202229462362534e-17 8.677360766122179214e+00
9.950000000000000000e+02 5.580000000000000515e-01 1.000000000000000021e-02 5.088000000000000000e+08 5.000000000000000000e+07 7.345771296661833816e-01 0.000000000000000000e+00 2.976751679181380226e-17 2.007757448132063516e+01
9.960000000000000000e+02 6.969999999999999529e-01 1.000000000000000021e-02 5.088000000000000000e+08 5.000000000000000000e+07 6.788688785174088469e-01 1.500000000000000222e-01 7.115950117166035362e-17 1.065670907503893439e+01
9.970000000000000000e+02 8.189999999999999503e-01 1.000000000000000021e-02 1.700000000000000000e+09 5.000000000000000000e+07 9.798004827959798657e-01 5.750000000000000666e-01 1.232743669968535575e-17 1.002669982379594593e+01
9.980000000000000000e+02 4.879999999999999893e-01 1.000000000000000021e-02 2.500000000000000000e+09 5.000000000000000000e+07 9.870913234723223129e-01 3.750000000000000000e-01 2.383140064466372707e-17 8.392580003374570552e+00
9.990000000000000000e+02 4.919999999999999929e-01 1.000000000000000021e-02 8.064000000000000000e+08 5.000000000000000000e+07 7.809132347232226046e-01 4.750000000000000333e-01 6.974754405138955759e-17 1.175611504515661210e+01
1.000000000000000000e+03 5.939999999999999725e-01 1.000000000000000021e-02 5.088000000000000000e+08 5.000000000000000000e+07 4.851925397502274695e-01 6.750000000000000444e-01 1.948440498803731015e-16 1.896781470585253970e+01
1.001000000000000000e+03 8.649999999999999911e-01 1.000000000000000021e-02 5.088000000000000000e+08 5.000000000000000000e+07 6.118928294465026951e-01 8.750000000000000000e-01 1.540238275693360785e-16 1.280202490742927957e+01
1.002000000000000000e+03 4.919999999999999929e-01 1.000000000000000021e-02 2.500000000000000000e+09 5.000000000000000000e+07 9.926219917125062020e-01 1.750000000000000167e-01 1.203453902626412044e-17 3.979641422120817396e+00
1.003000000000000000e+03 7.009999999999999565e-01 1.000000000000000021e-02 5.088000000000000000e+08 5.000000000000000000e+07 5.734841677598339071e-01 4.250000000000000444e-01 7.469310955245652277e-17 5.692756991393962629e+00
1.004000000000000000e+03 5.410000000000000364e-01 1.000000000000000021e-02 5.088000000000000000e+08 5.000000000000000000e+07 8.194539282036752414e-01 7.500000000000000000e-01 3.014488931235919322e-16 8.582753709581087520e+00
1.005000000000000000e+03 4.540000000000000147e-01 1.000000000000000021e-02 5.088000000000000000e+08 5.000000000000000000e+07 6.788688785174088469e-01 1.275000000000000133e+00 6.934389341733182212e-16 5.628940804463355541e+00
1.006000000000000000e+03 6.989999999999999547e-01 1.000000000000000021e-02 1.700000000000000000e+09 5.000000000000000000e+07 9.941510680753888884e-01 4.750000000000000333e-01 4.259748763129791119e-18 5.646230550097303791e+00
1.007000000000000000e+03 6.620000000000000329e-01 1.000000000000000021e-02 2.000000000000000000e+09 5.000000000000000000e+07 9.575192539750227994e-01 6.500000000000000222e-01 2.593372394275119312e-17 6.984271610376493022e+00
1.008000000000000000e+03 7.079999999999999627e-01 1.000000000000000021e-02 1.434000000000000000e+09 5.000000000000000000e+07 9.848811356849042076e-01 3.750000000000000000e-01 4.668790812023333987e-18 6.482250604670541705e+00
1.009000000000000000e+03 7.089999999999999636e-01 1.000000000000000021e-02 8.064000000000000000e+08 5.000000000000000000e+07 9.268236228897329676e-01 1.200000000000000178e+00 6.715038134971947260e-17 1.840450492436236019e+01
1.010000000000000000e+03 5.719999999999999529e-01 1.000000000000000021e-02 5.088000000000000000e+08 5.000000000000000000e+07 5.734841677598339071e-01 1.250000000000000000e+00 4.494470212427182027e-16 1.282036987650943516e+01
1.011000000000000000e+03 6.620000000000000329e-01 1.000000000000000021e-02 2.500000000000000000e+09 5.000000000000000000e+07 9.891070386914596613e-01 2.750000000000000222e-01 4.860085194980431560e-18 3.861651944487730859e+00
1.012000000000000000e+03 5.709999999999999520e-01 1.000000000000000021e-02 2.500000000000000000e+09 5.000000000000000000e+07 9.870913234723223129e-01 4.250000000000000444e-01 9.102948167563543382e-18 6.012222382993644310e+00
1.013000000000000000e+03 7.900000000000000355e-01 1.000000000000000021e-02 1.700000000000000000e+09 5.000000000000000000e+07 9.663484167759833765e-01 3.750000000000000000e-01 2.182652462374751756e-17 1.075959990085949869e+01
1.014000000000000000e+03 5.150000000000000133e-01 1.000000000000000021e-02 5.088000000000000000e+08 5.000000000000000000e+07 6.469219452298986539e-01 1.000000000000000056e-01 8.314220037602082229e-17 3.078939116443361357e+01
1.015000000000000000e+03 7.920000000000000373e-01 1.000000000000000021e-02 5.088000000000000000e+08 5.000000000000000000e+07 5.313699076773616969e-01 1.150000000000000133e+00 4.157637385435400068e-16 1.126479870364682512e+01
1.016000000000000000e+03 5.170000000000000151e-01 1.000000000000000021e-02 8.064000000000000000e+08 5.000000000000000000e+07 7.080048279597983552e-01 9.750000000000000888e-01 6.395538969886053356e-16 6.004839456501650297e+00
1.017000000000000000e+03 5.859999999999999654e-01 1.000000000000000021e-02 5.088000000000000000e+08 5.000000000000000000e+07 6.469219452298986539e-01 1.025000000000000133e+00 2.235684913688133757e-16 1.206851311446891373e+01
1.018000000000000000e+03 6.370000000000000107e-01 1.000000000000000021e-02 2.500000000000000000e+09 5.000000000000000000e+07 9.736921945229898290e-01 2.500000000000000000e-01 2.219289686245470089e-17 4.794329814467205964e+00
1.019000000000000000e+03 7.920000000000000373e-01 1.000000000000000021e-02 1.700000000000000000e+09 5.000000000000000000e+07 9.909453928203675321e-01 6.000000000000000888e-01 4.430593970405348487e-18 8.055796300305148705e+00
1.020000000000000000e+03 4.929999999999999938e-01 1.000000000000000021e-02 2.500000000000000000e+09 5.000000000000000000e+07 9.824577129666183239e-01 3.750000000000000000e-01 4.598238386780401890e-17 3.883722064810057439e+00
