# obj_no spec_z phot_z age_old age_new f_old_V EBV norm chi
2.570000000000000000e+02 2.475999999999999979e+00 1.000000000000000021e-02 5.088000000000000000e+08 5.000000000000000000e+07 5.313699076773616969e-01 4.750000000000000333e-01 2.562526607410379072e-17 1.265081405080889532e+01
2.580000000000000000e+02 1.197000000000000064e+00 1.000000000000000021e-02 5.088000000000000000e+08 5.000000000000000000e+07 5.734841677598339071e-01 3.750000000000000000e-01 3.618751420487834319e-17 4.237666993579612296e+00
2.590000000000000000e+02 5.100000000000000089e-01 1.000000000000000021e-02 5.088000000000000000e+08 5.000000000000000000e+07 6.788688785174088469e-01 7.000000000000000666e-01 1.331593424689188048e-16 7.788161683007072789e+00
2.600000000000000000e+02 1.274000000000000021e+00 1.000000000000000021e-02 5.088000000000000000e+08 5.000000000000000000e+07 7.588113568490419958e-01 8.250000000000000666e-01 3.302282721752095932e-17 1.438619847853434131e+01
2.610000000000000000e+02 3.390000000000000235e-01 1.000000000000000021e-02 5.088000000000000000e+08 5.000000000000000000e+07 7.080048279597983552e-01 1.750000000000000167e-01 1.079950046370044137e-16 1.158967550902876198e+01
2.620000000000000000e+02 1.647999999999999909e+00 1.000000000000000021e-02 8.064000000000000000e+08 5.000000000000000000e+07 9.575192539750227994e-01 6.750000000000000444e-01 6.528412141270060029e-18 2.204070172241233294e+01
2.630000000000000000e+02 3.880000000000000115e-01 1.000000000000000021e-02 8.064000000000000000e+08 5.000000000000000000e+07 7.588113568490419958e-01 3.500000000000000333e-01 9.111262396023351317e-17 1.396462756696525176e+01
2.640000000000000000e+02 1.433000000000000052e+00 1.000000000000000021e-02 1.434000000000000000e+09 5.000000000000000000e+07 9.621369907677361777e-01 2.750000000000000222e-01 2.716548953711662101e-18 5.932893035404332238e+01
2.650000000000000000e+02 9.170000000000000373e-01 1.000000000000000021e-02 5.088000000000000000e+08 5.000000000000000000e+07 7.080048279597983552e-01 5.750000000000000666e-01 2.266134745946187603e-17 5.578960795765932623e+00
2.660000000000000000e+02 1.405000000000000027e+00 1.000000000000000021e-02 5.088000000000000000e+08 5.000000000000000000e+07 5.734841677598339071e-01 7.750000000000000222e-01 4.649163303273372552e-17 3.094389310394236148e+01
2.670000000000000000e+02 6.430000000000000160e-01 1.000000000000000021e-02 1.139100030000000000e+09 5.000000000000000000e+07 9.663484167759833765e-01 3.250000000000000111e-01 1.214825928502679137e-17 4.303721589656666957e+00
2.680000000000000000e+02 1.927000000000000046e+00 1.000000000000000021e-02 5.088000000000000000e+08 5.000000000000000000e+07 4.345600626628430829e-01 1.500000000000000000e+00 2.651651820738203745e-17 1.130325846890369235e+02
2.690000000000000000e+02 6.700000000000000400e-01 1.000000000000000021e-02 5.088000000000000000e+08 5.000000000000000000e+07 7.080048279597983552e-01 1.275000000000000133e+00 1.547993350404685815e-16 1.373738649089952268e+01
2.700000000000000000e+02 1.691000000000000059e+00 1.000000000000000021e-02 5.088000000000000000e+08 5.000000000000000000e+07 5.734841677598339071e-01 5.750000000000000666e-01 2.151193777323079345e-17 2.171234158726569774e+01
2.710000000000000000e+02 1.137999999999999901e+00 1.000000000000000021e-02 5.088000000000000000e+08 5.000000000000000000e+07 6.469219452298986539e-01 1.025000000000000133e+00 2.452903238548720971e-17 1.128241067049450130e+01
2.720000000000000000e+02 1.425000000000000044e+00 1.000000000000000021e-02 5.088000000000000000e+08 5.000000000000000000e+07 5.313699076773616969e-01 5.000000000000000000e-01 5.376192072910340047e-17 3.599214362126605238e+01
2.730000000000000000e+02 1.048000000000000043e+00 1.000000000000000021e-02 8.064000000000000000e+08 5.000000000000000000e+07 9.469042655519807061e-01 1.175000000000000044e+00 8.743370484685278351e-18 2.089981238278884490e+01
2.740000000000000000e+02 1.330000000000000071e+00 1.000000000000000021e-02 5.088000000000000000e+08 5.000000000000000000e+07 8.362199171250624952e-01 1.000000000000000000e+00 9.774964107945052923e-18 2.008161223440633947e+01
2.750000000000000000e+02 1.098999999999999977e+00 1.000000000000000021e-02 5.088000000000000000e+08 5.000000000000000000e+07 3.790426555198066483e-01 7.500000000000000000e-01 1.783264024649305660e-17 5.132395861561574435e+01
2.760000000000000000e+02 1.358000000000000096e+00 1.000000000000000021e-02 5.088000000000000000e+08 5.000000000000000000e+07 6.469219452298986539e-01 3.000000000000000444e-01 2.077024567938045170e-17 2.707762255346960600e+01
2.770000000000000000e+02 1.401000000000000023e+00 1.000000000000000021e-02 5.088000000000000000e+08 5.000000000000000000e+07 4.345600626628430829e-01 3.000000000000000444e-01 1.140451123152704616e-17 4.840414543016359517e+01
2.780000000000000000e+02 1.177000000000000046e+00 1.000000000000000021e-02 8.064000000000000000e+08 5.000000000000000000e+07 8.010703869145960887e-01 1.500000000000000000e+00 6.207297446238221888e-17 6.795941382472616965e+01
2.790000000000000000e+02 3.559999999999999831e-01 1.000000000000000021e-02 5.088000000000000000e+08 5.000000000000000000e+07 7.345771296661833816e-01 7.500000000000001110e-02 4.303108443099885241e-17 1.229860359379599011e+01
2.800000000000000000e+02 5.450000000000000400e-01 1.000000000000000021e-02 5.088000000000000000e+08 5.000000000000000000e+07 8.194539282036752414e-01 4.000000000000000222e-01 4.041922058439383246e-17 1.034108888195333797e+01
2.810000000000000000e+02 1.282000000000000028e+00 1.000000000000000021e-02 8.064000000000000000e+08 5.000000000000000000e+07 8.010703869145960887e-01 6.750000000000000444e-01 1.586687588072042787e-17 4.837137103010536521e+01
2.820000000000000000e+02 1.302000000000000046e+00 1.000000000000000021e-02 5.088000000000000000e+08 5.000000000000000000e+07 6.788688785174088469e-01 4.750000000000000333e-01 4.367341844551263621e-17 1.642723330403509152e+01
2.830000000000000000e+02 1.536999999999999922e+00 1.000000000000000021e-02 5.088000000000000000e+08 5.000000000000000000e+07 6.118928294465026951e-01 3.250000000000000111e-01 1.503720319606132510e-17 2.006893353850656325e+01
2.840000000000000000e+02 1.149000000000000021e+00 1.000000000000000021e-02 5.088000000000000000e+08 5.000000000000000000e+07 4.851925397502274695e-01 2.250000000000000056e-01 1.895996627238562064e-17 1.997507721437742845e+01
2.850000000000000000e+02 5.659999999999999476e-01 1.000000000000000021e-02 5.088000000000000000e+08 5.000000000000000000e+07 6.788688785174088469e-01 3.250000000000000111e-01 7.997431862260360554e-17 1.699004347685125538e+01
2.860000000000000000e+02 8.080000000000000515e-01 1.000000000000000021e-02 5.088000000000000000e+08 5.000000000000000000e+07 4.851925397502274695e-01 6.500000000000000222e-01 1.522920340258952360e-16 1.833928683530713499e+01
2.870000000000000000e+02 1.461000000000000076e+00 1.000000000000000021e-02 5.088000000000000000e+08 5.000000000000000000e+07 5.313699076773616969e-01 2.000000000000000111e-01 1.733427673264988923e-17 2.500725562371964372e+02
2.880000000000000000e+02 1.090000000000000080e+00 1.000000000000000021e-02 5.088000000000000000e+08 5.000000000000000000e+07 6.469219452298986539e-01 6.000000000000000888e-01 3.260862071557577972e-17 7.689305061215049975e+00
2.890000000000000000e+02 5.060000000000000053e-01 1.000000000000000021e-02 5.088000000000000000e+08 5.000000000000000000e+07 7.588113568490419958e-01 0.000000000000000000e+00 5.129592650930604578e-17 3.612920515455301995e+01
2.900000000000000000e+02 1.106000000000000094e+00 1.000000000000000021e-02 5.088000000000000000e+08 5.000000000000000000e+07 6.788688785174088469e-01 4.750000000000000333e-01 3.200439416912112727e-17 1.182219595385154953e+01
2.910000000000000000e+02 1.328000000000000069e+00 1.000000000000000021e-02 5.088000000000000000e+08 5.000000000000000000e+07 4.345600626628430829e-01 2.750000000000000222e-01 1.058835925696345402e-17 2.957332800278960150e+01
2.920000000000000000e+02 1.643000000000000016e+00 1.000000000000000021e-02 1.139100030000000000e+09 5.000000000000000000e+07 9.955456022925407433e-01 3.500000000000000333e-01 7.985491103607549885e-19 2.387088637336269858e+00
2.930000000000000000e+02 4.079999999999999738e-01 1.000000000000000021e-02 8.064000000000000000e+08 5.000000000000000000e+07 8.362199171250624952e-01 0.000000000000000000e+00 9.543798362800618006e-18 2.619548112999630973e+01
2.940000000000000000e+02 1.471999999999999975e+00 1.000000000000000021e-02 5.088000000000000000e+08 5.000000000000000000e+07 5.734841677598339071e-01 4.500000000000000111e-01 3.612985458138773381e-17 1.199446602350806899e+02
2.950000000000000000e+02 1.322999999999999954e+00 1.000000000000000021e-02 5.088000000000000000e+08 5.000000000000000000e+07 6.788688785174088469e-01 5.500000000000000444e-01 2.974903507233502367e-17 1.302560431568945987e+01
2.960000000000000000e+02 2.720000000000000195e-01 1.000000000000000021e-02 5.088000000000000000e+08 5.000000000000000000e+07 7.588113568490419958e-01 5.000000000000000278e-02 3.352881603061582556e-17 1.120866170188095978e+01
2.970000000000000000e+02 1.046999999999999931e+00 1.000000000000000021e-02 5.088000000000000000e+08 5.000000000000000000e+07 5.734841677598339071e-01 8.000000000000000444e-01 4.778763394544343540e-17 7.008699499667351063e+00
2.980000000000000000e+02 4.490000000000000102e-01 1.000000000000000021e-02 5.088000000000000000e+08 5.000000000000000000e+07 8.010703869145960887e-01 1.074999999999999956e+00 5.636638923410682543e-16 1.804264719435525910e+00
2.990000000000000000e+02 6.260000000000000009e-01 1.000000000000000021e-02 5.088000000000000000e+08 5.000000000000000000e+07 6.788688785174088469e-01 5.500000000000000444e-01 4.617247235750541559e-17 1.025218916963286730e+01
3.000000000000000000e+02 1.772999999999999909e+00 1.000000000000000021e-02 5.088000000000000000e+08 5.000000000000000000e+07 3.181690290810633703e-01 4.250000000000000444e-01 2.219211040641606209e-17 2.599631497165680472e+01
3.010000000000000000e+02 6.680000000000000382e-01 1.000000000000000021e-02 5.088000000000000000e+08 5.000000000000000000e+07 6.788688785174088469e-01 6.500000000000000222e-01 8.454903913307708145e-17 6.337117368136296669e+00
3.020000000000000000e+02 3.549999999999999822e-01 1.000000000000000021e-02 8.064000000000000000e+08 5.000000000000000000e+07 8.654560229254073533e-01 2.500000000000000139e-02 1.355580910423287257e-17 7.085041665198382965e+00
3.030000000000000000e+02 4.480000000000000093e-01 1.000000000000000021e-02 5.088000000000000000e+08 5.000000000000000000e+07 6.118928294465026951e-01 4.000000000000000222e-01 1.574601967306451969e-16 3.172095006577029697e+00
3.040000000000000000e+02 1.425000000000000044e+00 1.000000000000000021e-02 5.088000000000000000e+08 5.000000000000000000e+07 6.469219452298986539e-01 2.750000000000000222e-01 7.163327384179066636e-18 1.602962066665795149e+01
3.050000000000000000e+02 1.042000000000000037e+00 1.000000000000000021e-02 1.700000000000000000e+09 5.000000000000000000e+07 9.926219917125062020e-01 1.250000000000000000e-01 8.119959279766433654e-19 4.494951161850847754e+00
3.060000000000000000e+02 6.700000000000000400e-01 1.000000000000000021e-02 5.088000000000000000e+08 5.000000000000000000e+07 7.588113568490419958e-01 9.500000000000000666e-01 1.143256173059528403e-16 2.435499697901748917e+00
3.070000000000000000e+02 1.100000000000000089e+00 1.000000000000000021e-02 5.088000000000000000e+08 5.000000000000000000e+07 5.313699076773616969e-01 7.500000000000000000e-01 2.996992612393139704e-17 3.257620043959013856e+01
3.080000000000000000e+02 1.915999999999999925e+00 1.000000000000000021e-02 5.088000000000000000e+08 5.000000000000000000e+07 4.345600626628430829e-01 1.500000000000000222e-01 5.293028152311673222e-18 1.662541446653701627e+01
3.090000000000000000e+02 1.532999999999999918e+00 1.000000000000000021e-02 5.088000000000000000e+08 5.000000000000000000e+07 6.118928294465026951e-01 3.250000000000000111e-01 7.973787871841949670e-18 9.210046373886297033e+01
3.100000000000000000e+02 1.457999999999999963e+00 1.000000000000000021e-02 5.088000000000000000e+08 5.000000000000000000e+07 6.788688785174088469e-01 5.750000000000000666e-01 2.105511819929576243e-17 1.129859387390795291e+02
3.110000000000000000e+02 9.300000000000000488e-01 1.000000000000000021e-02 5.088000000000000000e+08 5.000000000000000000e+07 5.734841677598339071e-01 4.250000000000000444e-01 3.915175994918826983e-17 1.391906110589629009e+01
3.120000000000000000e+02 1.139999999999999902e+00 1.000000000000000021e-02 5.088000000000000000e+08 5.000000000000000000e+07 6.469219452298986539e-01 6.000000000000000888e-01 2.882555019251614048e-17 1.075318604619255680e+01
3.130000000000000000e+02 4.560000000000000164e-01 1.000000000000000021e-02 5.088000000000000000e+08 5.000000000000000000e+07 7.345771296661833816e-01 3.000000000000000444e-01 2.600296509437121398e-17 5.816167683393636878e+00
3.140000000000000000e+02 8.549999999999999822e-01 1.000000000000000021e-02 5.088000000000000000e+08 5.000000000000000000e+07 6.118928294465026951e-01 8.000000000000000444e-01 7.775543373234498638e-17 8.470232388906181242e+00
3.150000000000000000e+02 1.264000000000000012e+00 1.000000000000000021e-02 8.064000000000000000e+08 5.000000000000000000e+07 7.809132347232226046e-01 7.750000000000000222e-01 1.350678476067311449e-17 1.363242765694898750e+01
3.160000000000000000e+02 1.112000000000000099e+00 1.000000000000000021e-02 5.088000000000000000e+08 5.000000000000000000e+07 5.313699076773616969e-01 3.250000000000000111e-01 1.252428596362494685e-17 9.248406541125845592e+01
3.170000000000000000e+02 2.027000000000000135e+00 1.000000000000000021e-02 5.088000000000000000e+08 5.000000000000000000e+07 4.851925397502274695e-01 4.750000000000000333e-01 5.949093508956510827e-17 4.950127846079063865e+00
3.180000000000000000e+02 1.078999999999999959e+00 1.000000000000000021e-02 8.064000000000000000e+08 5.000000000000000000e+07 6.469219452298986539e-01 1.250000000000000000e+00 1.918424890684352394e-16 1.749262200239101972e+01
3.190000000000000000e+02 2.254999999999999893e+00 1.000000000000000021e-02 5.088000000000000000e+08 5.000000000000000000e+07 6.788688785174088469e-01 9.500000000000000666e-01 1.909823080499287325e-17 1.729794497176892420e+01
3.200000000000000000e+02 6.480000000000000204e-01 1.000000000000000021e-02 5.088000000000000000e+08 5.000000000000000000e+07 6.788688785174088469e-01 8.500000000000000888e-01 1.060064813502050327e-16 4.913622435432182911e+00
3.210000000000000000e+02 1.088999999999999968e+00 1.000000000000000021e-02 8.064000000000000000e+08 5.000000000000000000e+07 7.809132347232226046e-01 1.500000000000000000e+00 3.660697348390588402e-17 4.198504248239073888e+01
3.220000000000000000e+02 2.250000000000000000e+00 1.000000000000000021e-02 5.088000000000000000e+08 5.000000000000000000e+07 7.080048279597983552e-01 1.025000000000000133e+00 1.313939745984141634e-17 2.494344605453557762e+01
3.230000000000000000e+02 1.183999999999999941e+00 1.000000000000000021e-02 1.434000000000000000e+09 5.000000000000000000e+07 7.345771296661833816e-01 6.000000000000000888e-01 5.042875171691694333e-17 2.039106301101854868e+01
3.240000000000000000e+02 1.026999999999999913e+00 1.000000000000000021e-02 5.088000000000000000e+08 5.000000000000000000e+07 5.734841677598339071e-01 1.475000000000000089e+00 1.887498113590945277e-16 2.961311317105673879e+01
3.250000000000000000e+02 8.850000000000000089e-01 1.000000000000000021e-02 5.088000000000000000e+08 5.000000000000000000e+07 5.734841677598339071e-01 9.500000000000000666e-01 6.248691275732257615e-17 2.200800801109681260e+01
3.260000000000000000e+02 1.278999999999999915e+00 1.000000000000000021e-02 5.088000000000000000e+08 5.000000000000000000e+07 4.345600626628430829e-01 4.500000000000000111e-01 1.121910938902050395e-17 1.795586893562792596e+01
3.270000000000000000e+02 6.229999999999999982e-01 1.000000000000000021e-02 5.088000000000000000e+08 5.000000000000000000e+07 9.798916064409035620e-02 1.225000000000000089e+00 1.108197581511689403e-15 1.805584939577651937e+01
3.280000000000000000e+02 1.004999999999999893e+00 1.000000000000000021e-02 1.434000000000000000e+09 5.000000000000000000e+07 9.408169029081063783e-01 6.250000000000000000e-01 9.419107561976460676e-18 1.772827667183339617e+00
3.290000000000000000e+02 8.269999999999999574e-01 1.000000000000000021e-02 5.088000000000000000e+08 5.000000000000000000e+07 8.362199171250624952e-01 0.000000000000000000e+00 6.534519738678090486e-18 5.996221953679564365e+01
3.300000000000000000e+02 1.417000000000000037e+00 1.000000000000000021e-02 1.434000000000000000e+09 5.000000000000000000e+07 9.524560062662843496e-01 2.750000000000000222e-01 3.335050389786745685e-18 2.324242429473954274e+01
3.310000000000000000e+02 1.213999999999999968e+00 1.000000000000000021e-02 5.088000000000000000e+08 5.000000000000000000e+07 6.118928294465026951e-01 4.750000000000000333e-01 2.783266303304383581e-17 5.352799442150931952e+00
3.320000000000000000e+02 6.270000000000000018e-01 1.000000000000000021e-02 5.088000000000000000e+08 5.000000000000000000e+07 8.194539282036752414e-01 1.500000000000000000e+00 3.740247937547657909e-16 6.170487937479767027e+01
3.330000000000000000e+02 1.306000000000000050e+00 1.000000000000000021e-02 5.088000000000000000e+08 5.000000000000000000e+07 8.194539282036752414e-01 4.250000000000000444e-01 5.679590549738925974e-18 1.883289396806017990e+01
3.340000000000000000e+02 1.655999999999999917e+00 1.000000000000000021e-02 5.088000000000000000e+08 5.000000000000000000e+07 4.345600626628430829e-01 7.500000000000000000e-01 5.325005475527662280e-17 2.163893642601542311e+01
3.350000000000000000e+02 1.167999999999999927e+00 1.000000000000000021e-02 5.088000000000000000e+08 5.000000000000000000e+07 7.080048279597983552e-01 2.250000000000000056e-01 1.389842347000737898e-17 1.715365329169090458e+01
3.360000000000000000e+02 1.040000000000000036e+00 1.000000000000000021e-02 5.088000000000000000e+08 5.000000000000000000e+07 6.469219452298986539e-01 3.750000000000000000e-01 2.321324852769525862e-17 1.794037266387789487e+01
3.370000000000000000e+02 8.810000000000000053e-01 1.000000000000000021e-02 5.088000000000000000e+08 5.000000000000000000e+07 5.313699076773616969e-01 6.750000000000000444e-01 7.354234639320814913e-17 1.184124368390866699e+01
3.380000000000000000e+02 1.449000000000000066e+00 1.000000000000000021e-02 5.088000000000000000e+08 5.000000000000000000e+07 3.790426555198066483e-01 4.000000000000000222e-01 2.154231178973718079e-17 8.012536947194472248e+01
3.390000000000000000e+02 1.669999999999999929e+00 1.000000000000000021e-02 1.139100030000000000e+09 5.000000000000000000e+07 9.955456022925407433e-01 2.250000000000000056e-01 7.808333531117626537e-19 6.593065467545518921e+00
3.400000000000000000e+02 1.834999999999999964e+00 1.000000000000000021e-02 5.088000000000000000e+08 5.000000000000000000e+07 4.345600626628430829e-01 5.250000000000000222e-01 1.158381549711365741e-17 2.062338313026597092e+01
3.410000000000000000e+02 9.449999999999999512e-01 1.000000000000000021e-02 5.088000000000000000e+08 5.000000000000000000e+07 6.118928294465026951e-01 1.074999999999999956e+00 9.386047605235786312e-17 1.135229955059853957e+01
3.420000000000000000e+02 2.084000000000000075e+00 1.000000000000000021e-02 5.088000000000000000e+08 5.000000000000000000e+07 5.734841677598339071e-01 0.000000000000000000e+00 2.270522001928513792e-18 5.504467251320001253e+01
3.430000000000000000e+02 9.629999999999999671e-01 1.000000000000000021e-02 8.064000000000000000e+08 5.000000000000000000e+07 9.187989160644089992e-01 1.200000000000000178e+00 5.169167481977365943e-17 1.431065414602104191e+01
3.440000000000000000e+02 1.393999999999999906e+00 1.000000000000000021e-02 1.434000000000000000e+09 5.000000000000000000e+07 9.187989160644089992e-01 1.500000000000000000e+00 1.099398606522766740e-17 4.080351865931444166e+01
3.450000000000000000e+02 1.189000000000000057e+00 1.000000000000000021e-02 8.064000000000000000e+08 5.000000000000000000e+07 6.469219452298986539e-01 1.325000000000000178e+00 4.829958334091481493e-17 1.474374298935383720e+01
3.460000000000000000e+02 6.969999999999999529e-01 1.000000000000000021e-02 5.088000000000000000e+08 5.000000000000000000e+07 6.469219452298986539e-01 3.750000000000000000e-01 5.294355988773177218e-17 1.186740953860264725e+01
3.470000000000000000e+02 4.809999999999999831e-01 1.000000000000000021e-02 5.088000000000000000e+08 5.000000000000000000e+07 4.851925397502274695e-01 1.500000000000000000e+00 4.261983296882524335e-15 1.278037565379953477e+01
3.480000000000000000e+02 7.419999999999999929e-01 1.000000000000000021e-02 5.088000000000000000e+08 5.000000000000000000e+07 6.469219452298986539e-01 1.475000000000000089e+00 4.494815133256709130e-16 8.182234511052563164e+00
3.490000000000000000e+02 1.092000000000000082e+00 1.000000000000000021e-02 5.088000000000000000e+08 5.000000000000000000e+07 5.734841677598339071e-01 5.500000000000000444e-01 3.521231916614805672e-17 1.526483492005725395e+01
3.500000000000000000e+02 4.989999999999999991e-01 1.000000000000000021e-02 5.088000000000000000e+08 5.000000000000000000e+07 4.851925397502274695e-01 1.500000000000000000e+00 1.101662087831866739e-15 8.654694674771935325e+00
3.510000000000000000e+02 9.599999999999999645e-01 1.000000000000000021e-02 2.000000000000000000e+09 5.000000000000000000e+07 9.003521803856815442e-01 1.475000000000000089e+00 2.010504016882801215e-17 1.974406711171981144e+01
3.520000000000000000e+02 1.443999999999999950e+00 1.000000000000000021e-02 5.088000000000000000e+08 5.000000000000000000e+07 7.080048279597983552e-01 5.000000000000000000e-01 3.013526314069235767e-17 2.136170558264528552e+01
3.530000000000000000e+02 3.800000000000000044e-01 1.000000000000000021e-02 8.064000000000000000e+08 5.000000000000000000e+07 8.194539282036752414e-01 1.000000000000000056e-01 4.961598793596948975e-17 4.107597474187310915e+00
3.540000000000000000e+02 9.639999999999999680e-01 1.000000000000000021e-02 8.064000000000000000e+08 5.000000000000000000e+07 9.003521803856815442e-01 1.350000000000000089e+00 2.486723340319184742e-17 2.873542550160364328e+01
3.550000000000000000e+02 6.179999999999999938e-01 1.000000000000000021e-02 5.088000000000000000e+08 5.000000000000000000e+07 6.118928294465026951e-01 9.500000000000000666e-01 3.722459303875501334e-16 3.201714702877211938e+00
3.560000000000000000e+02 5.330000000000000293e-01 1.000000000000000021e-02 5.088000000000000000e+08 5.000000000000000000e+07 6.469219452298986539e-01 1.150000000000000133e+00 3.180115438551038655e-16 1.275589180134253198e+01
3.570000000000000000e+02 7.089999999999999636e-01 1.000000000000000021e-02 8.064000000000000000e+08 5.000000000000000000e+07 9.100000000000000311e-01 9.500000000000000666e-01 8.955494803976811981e-17 1.093860655302703933e+01
3.580000000000000000e+02 1.084999999999999964e+00 1.000000000000000021e-02 8.064000000000000000e+08 5.000000000000000000e+07 6.469219452298986539e-01 1.074999999999999956e+00 1.158659089130957540e-16 2.491794089128160650e+01
3.590000000000000000e+02 9.160000000000000364e-01 1.000000000000000021e-02 2.000000000000000000e+09 5.000000000000000000e+07 4.851925397502274695e-01 8.500000000000000888e-01 2.118406962597033636e-16 6.143732156745258521e+01
3.600000000000000000e+02 7.079999999999999627e-01 1.000000000000000021e-02 5.088000000000000000e+08 5.000000000000000000e+07 6.469219452298986539e-01 6.000000000000000888e-01 5.645353282093563744e-17 9.672144165128225168e+00
3.610000000000000000e+02 3.019999999999999907e-01 1.000000000000000021e-02 8.064000000000000000e+08 5.000000000000000000e+07 5.313699076773616969e-01 1.250000000000000000e-01 5.850189883743885126e-17 1.488138929484517448e+01
3.620000000000000000e+02 1.602000000000000091e+00 1.000000000000000021e-02 5.088000000000000000e+08 5.000000000000000000e+07 4.851925397502274695e-01 4.750000000000000333e-01 3.176732094437961719e-17 6.232310815434495055e+01
3.630000000000000000e+02 1.437000000000000055e+00 1.000000000000000021e-02 5.088000000000000000e+08 5.000000000000000000e+07 8.010703869145960887e-01 6.000000000000000888e-01 9.857767786424629235e-18 2.958997215747243104e+01
3.640000000000000000e+02 1.459999999999999909e-01 1.000000000000000021e-02 1.139100030000000000e+09 5.000000000000000000e+07 9.663484167759833765e-01 1.500000000000000222e-01 4.461672725945563522e-17 5.168147505674363096e+00
3.650000000000000000e+02 2.392999999999999794e+00 1.000000000000000021e-02 5.088000000000000000e+08 5.000000000000000000e+07 5.313699076773616969e-01 6.250000000000000000e-01 1.536715384216842356e-17 2.446701357656634102e+01
3.660000000000000000e+02 5.520000000000000462e-01 1.000000000000000021e-02 5.088000000000000000e+08 5.000000000000000000e+07 6.469219452298986539e-01 8.500000000000000888e-01 1.017464565748140681e-16 1.886211706293730828e+01
3.670000000000000000e+02 3.089999999999999969e-01 1.000000000000000021e-02 8.064000000000000000e+08 5.000000000000000000e+07 7.345771296661833816e-01 3.750000000000000000e-01 1.470298275535964932e-16 6.552651080702029063e+00
3.680000000000000000e+02 7.049999999999999600e-01 1.000000000000000021e-02 5.088000000000000000e+08 5.000000000000000000e+07 7.588113568490419958e-01 6.750000000000000444e-01 2.049659439879689541e-17 2.445949719192280547e+00
3.690000000000000000e+02 2.347999999999999865e+00 1.000000000000000021e-02 5.088000000000000000e+08 5.000000000000000000e+07 6.469219452298986539e-01 9.500000000000000666e-01 1.117741007074380882e-17 3.479649455478538300e+01
3.700000000000000000e+02 3.234999999999999876e+00 1.000000000000000021e-02 5.088000000000000000e+08 5.000000000000000000e+07 6.469219452298986539e-01 4.750000000000000333e-01 4.788430708339901886e-18 2.152572235781863697e+01
3.710000000000000000e+02 1.457999999999999963e+00 1.000000000000000021e-02 5.088000000000000000e+08 5.000000000000000000e+07 5.313699076773616969e-01 5.250000000000000222e-01 3.539462395975373895e-17 1.049515675061460058e+02
3.720000000000000000e+02 1.407999999999999918e+00 1.000000000000000021e-02 1.700000000000000000e+09 5.000000000000000000e+07 9.891070386914596613e-01 7.500000000000000000e-01 2.069979188421256853e-18 8.716783235820420472e+00
3.730000000000000000e+02 5.170000000000000151e-01 1.000000000000000021e-02 5.088000000000000000e+08 5.000000000000000000e+07 7.080048279597983552e-01 8.000000000000000444e-01 6.314658786845142516e-17 1.013705777581490608e+01
3.740000000000000000e+02 6.720000000000000417e-01 1.000000000000000021e-02 5.088000000000000000e+08 5.000000000000000000e+07 6.469219452298986539e-01 4.500000000000000111e-01 3.399553120683225055e-17 1.809381000773054993e+01
3.750000000000000000e+02 6.770000000000000462e-01 1.000000000000000021e-02 5.088000000000000000e+08 5.000000000000000000e+07 5.313699076773616969e-01 1.425000000000000044e+00 7.132092148351668731e-16 4.658750428576506231e+00
3.760000000000000000e+02 3.970000000000000195e+00 1.000000000000000021e-02 1.434000000000000000e+09 5.000000000000000000e+07 6.788688785174088469e-01 5.500000000000000444e-01 5.059345620189881327e-18 1.258178993938704338e+02
3.770000000000000000e+02 1.927000000000000046e+00 1.000000000000000021e-02 8.064000000000000000e+08 5.000000000000000000e+07 6.118928294465026951e-01 6.000000000000000888e-01 1.550122452483722394e-17 1.397291317490617857e+01
3.780000000000000000e+02 8.669999999999999929e-01 1.000000000000000021e-02 2.000000000000000000e+09 5.000000000000000000e+07 9.798004827959798657e-01 3.250000000000000111e-01 3.706963247085562079e-18 8.457296571645894545e+00
3.790000000000000000e+02 2.919999999999999818e-01 1.000000000000000021e-02 5.088000000000000000e+08 5.000000000000000000e+07 7.588113568490419958e-01 1.100000000000000089e+00 2.452099212597641152e-15 6.913835690278374635e+00
3.800000000000000000e+02 3.119999999999999996e-01 1.000000000000000021e-02 5.088000000000000000e+08 5.000000000000000000e+07 7.080048279597983552e-01 1.175000000000000044e+00 8.327430975717606383e-16 6.020662300646402620e+00
3.810000000000000000e+02 1.252999999999999892e+00 1.000000000000000021e-02 1.434000000000000000e+09 5.000000000000000000e+07 8.654560229254073533e-01 2.250000000000000056e-01 6.581953771025839385e-18 8.021856564177925364e+00
3.820000000000000000e+02 5.340000000000000302e-01 1.000000000000000021e-02 5.088000000000000000e+08 5.000000000000000000e+07 6.118928294465026951e-01 1.250000000000000000e-01 9.928542918235487093e-17 2.035573581051186665e+01
3.830000000000000000e+02 1.316000000000000059e+00 1.000000000000000021e-02 8.064000000000000000e+08 5.000000000000000000e+07 8.515106807538886935e-01 7.500000000000000000e-01 1.285856775089786415e-17 3.718309918321917706e+01
3.840000000000000000e+02 1.092000000000000082e+00 1.000000000000000021e-02 8.064000000000000000e+08 5.000000000000000000e+07 8.515106807538886935e-01 1.100000000000000089e+00 8.381336077372308265e-17 6.860643199714182572e+00
3.850000000000000000e+02 1.524000000000000021e+00 1.000000000000000021e-02 5.088000000000000000e+08 5.000000000000000000e+07 7.080048279597983552e-01 5.250000000000000222e-01 1.877157798408390337e-17 2.366330996261958219e+01
3.860000000000000000e+02 1.020999999999999908e+00 1.000000000000000021e-02 5.088000000000000000e+08 5.000000000000000000e+07 6.469219452298986539e-01 8.250000000000000666e-01 4.351530828356589524e-17 6.379408767016477633e+00
3.870000000000000000e+02 1.149000000000000021e+00 1.000000000000000021e-02 1.434000000000000000e+09 5.000000000000000000e+07 9.003521803856815442e-01 2.000000000000000111e-01 3.589776116714570281e-18 6.188827083412765440e+00
3.880000000000000000e+02 1.387000000000000011e+00 1.000000000000000021e-02 5.088000000000000000e+08 5.000000000000000000e+07 7.080048279597983552e-01 4.750000000000000333e-01 2.433221040547711720e-17 1.565621507802261192e+01
3.890000000000000000e+02 1.127000000000000002e+00 1.000000000000000021e-02 1.434000000000000000e+09 5.000000000000000000e+07 8.515106807538886935e-01 8.500000000000000888e-01 2.564794081912942672e-17 1.041010597432911489e+01
3.900000000000000000e+02 1.084999999999999964e+00 1.000000000000000021e-02 1.700000000000000000e+09 5.000000000000000000e+07 9.926219917125062020e-01 7.250000000000000888e-01 3.163584312343509637e-18 7.994544786830636518e+00
3.910000000000000000e+02 9.979999999999999982e-01 1.000000000000000021e-02 5.088000000000000000e+08 5.000000000000000000e+07 6.469219452298986539e-01 7.000000000000000666e-01 1.531308816324800537e-17 4.344446915929775166e+00
3.920000000000000000e+02 1.413999999999999924e+00 1.000000000000000021e-02 1.434000000000000000e+09 5.000000000000000000e+07 9.408169029081063783e-01 7.500000000000000000e-01 1.114320037199233122e-17 4.134946255087036349e+01
3.930000000000000000e+02 1.915999999999999925e+00 1.000000000000000021e-02 5.088000000000000000e+08 5.000000000000000000e+07 5.313699076773616969e-01 7.250000000000000888e-01 1.948346547396481705e-17 1.778681810494384408e+01
3.940000000000000000e+02 1.292000000000000037e+00 1.000000000000000021e-02 1.434000000000000000e+09 5.000000000000000000e+07 9.701892829446502331e-01 4.500000000000000111e-01 3.898808108734878830e-18 2.002172993709251969e+01
3.950000000000000000e+02 1.252999999999999892e+00 1.000000000000000021e-02 8.064000000000000000e+08 5.000000000000000000e+07 7.345771296661833816e-01 1.025000000000000133e+00 2.884833367877879723e-17 2.171742112258672464e+01
3.960000000000000000e+02 6.260000000000000009e-01 1.000000000000000021e-02 2.000000000000000000e+09 5.000000000000000000e+07 9.955456022925407433e-01 3.750000000000000000e-01 5.722419877103885678e-18 3.916677393789665729e+00
3.970000000000000000e+02 6.690000000000000391e-01 1.000000000000000021e-02 2.500000000000000000e+09 5.000000000000000000e+07 9.955456022925407433e-01 3.750000000000000000e-01 6.084008952833730278e-18 2.946651063050364172e+01
3.980000000000000000e+02 1.020999999999999908e+00 1.000000000000000021e-02 2.000000000000000000e+09 5.000000000000000000e+07 9.798004827959798657e-01 5.250000000000000222e-01 4.778840172885971044e-18 6.407469450238401976e+00
3.990000000000000000e+02 8.739999999999999991e-01 1.000000000000000021e-02 1.700000000000000000e+09 5.000000000000000000e+07 9.798004827959798657e-01 2.500000000000000000e-01 7.572788567840768755e-18 4.008396452169557200e+00
4.000000000000000000e+02 1.655000000000000027e+00 1.000000000000000021e-02 5.088000000000000000e+08 5.000000000000000000e+07 5.313699076773616969e-01 5.500000000000000444e-01 2.873822610168998213e-17 3.096790029037792635e+01
4.010000000000000000e+02 1.451000000000000068e+00 1.000000000000000021e-02 8.064000000000000000e+08 5.000000000000000000e+07 8.515106807538886935e-01 8.250000000000000666e-01 1.863674730341937792e-17 2.038891757619973077e+01
4.020000000000000000e+02 7.540000000000000036e-01 1.000000000000000021e-02 5.088000000000000000e+08 5.000000000000000000e+07 6.788688785174088469e-01 1.225000000000000089e+00 3.739632107291333671e-16 5.030494752959334903e+00
4.030000000000000000e+02 5.070000000000000062e-01 1.000000000000000021e-02 2.500000000000000000e+09 5.000000000000000000e+07 9.870913234723223129e-01 3.250000000000000111e-01 9.715397244437728012e-18 4.175359122757958730e+00
4.040000000000000000e+02 5.140000000000000124e-01 1.000000000000000021e-02 5.088000000000000000e+08 5.000000000000000000e+07 6.788688785174088469e-01 1.300000000000000044e+00 3.054347258729653623e-16 7.202029500106991833e+00
4.050000000000000000e+02 1.135999999999999899e+00 1.000000000000000021e-02 8.064000000000000000e+08 5.000000000000000000e+07 7.809132347232226046e-01 9.500000000000000666e-01 2.097991185117576101e-17 1.812276342846045551e+01
4.060000000000000000e+02 6.520000000000000240e-01 1.000000000000000021e-02 5.088000000000000000e+08 5.000000000000000000e+07 6.469219452298986539e-01 5.000000000000000278e-02 5.119002367493110407e-17 1.474415207345958301e+01
4.070000000000000000e+02 1.288000000000000034e+00 1.000000000000000021e-02 8.064000000000000000e+08 5.000000000000000000e+07 8.515106807538886935e-01 1.425000000000000044e+00 4.424251575501020173e-17 3.156304599390658083e+01
4.080000000000000000e+02 1.147999999999999909e+00 1.000000000000000021e-02 8.064000000000000000e+08 5.000000000000000000e+07 7.345771296661833816e-01 7.000000000000000666e-01 1.834813012144153047e-17 9.326504397981009831e+00
4.090000000000000000e+02 1.010000000000000064e-01 1.000000000000000021e-02 5.088000000000000000e+08 5.000000000000000000e+07 7.809132347232226046e-01 5.000000000000000278e-02 3.179204946060027248e-17 7.867270864004188624e+00
4.100000000000000000e+02 1.114999999999999991e+00 1.000000000000000021e-02 1.434000000000000000e+09 5.000000000000000000e+07 9.824577129666183239e-01 7.500000000000000000e-01 5.349926510287686539e-18 9.649000265577768687e+00
4.110000000000000000e+02 7.540000000000000036e-01 1.000000000000000021e-02 5.088000000000000000e+08 5.000000000000000000e+07 5.734841677598339071e-01 7.000000000000000666e-01 9.793196286831664210e-17 8.630290679610437721e+00
4.120000000000000000e+02 5.050000000000000044e-01 1.000000000000000021e-02 5.088000000000000000e+08 5.000000000000000000e+07 7.080048279597983552e-01 1.025000000000000133e+00 6.686236987722194810e-16 5.609092346825476305e+00
4.130000000000000000e+02 1.149000000000000021e+00 1.000000000000000021e-02 5.088000000000000000e+08 5.000000000000000000e+07 5.313699076773616969e-01 6.500000000000000222e-01 3.710551566398636930e-17 6.234190192786522644e+00
4.140000000000000000e+02 8.030000000000000471e-01 1.000000000000000021e-02 8.064000000000000000e+08 5.000000000000000000e+07 7.345771296661833816e-01 1.500000000000000000e+00 2.472950092933758782e-16 1.394217726560928305e+01
4.150000000000000000e+02 7.530000000000000027e-01 1.000000000000000021e-02 5.088000000000000000e+08 5.000000000000000000e+07 6.118928294465026951e-01 5.250000000000000222e-01 5.720509472993412713e-17 1.688611268388309483e+01
4.160000000000000000e+02 5.110000000000000098e-01 1.000000000000000021e-02 5.088000000000000000e+08 5.000000000000000000e+07 7.588113568490419958e-01 4.000000000000000222e-01 5.365790242596195398e-17 7.142354835493815557e+00
4.170000000000000000e+02 1.104000000000000092e+00 1.000000000000000021e-02 2.500000000000000000e+09 5.000000000000000000e+07 7.809132347232226046e-01 8.500000000000000888e-01 2.295556921444706954e-17 2.352260504456503298e+01
4.180000000000000000e+02 1.090000000000000080e+00 1.000000000000000021e-02 5.088000000000000000e+08 5.000000000000000000e+07 4.851925397502274695e-01 6.000000000000000888e-01 3.572834813845646194e-17 3.962145058660941999e+01
4.190000000000000000e+02 4.490000000000000102e-01 1.000000000000000021e-02 5.088000000000000000e+08 5.000000000000000000e+07 5.734841677598339071e-01 5.250000000000000222e-01 3.646514562304854085e-16 4.635541006726067614e+00
4.200000000000000000e+02 1.497000000000000108e+00 1.000000000000000021e-02 1.434000000000000000e+09 5.000000000000000000e+07 9.621369907677361777e-01 4.750000000000000333e-01 3.945321432225269177e-18 3.806683047291013811e+00
4.210000000000000000e+02 8.050000000000000488e-01 1.000000000000000021e-02 5.088000000000000000e+08 5.000000000000000000e+07 4.851925397502274695e-01 4.000000000000000222e-01 1.309192125880543150e-16 2.483416237187560327e+01
4.220000000000000000e+02 6.250000000000000000e-01 1.000000000000000021e-02 5.088000000000000000e+08 5.000000000000000000e+07 7.588113568490419958e-01 4.250000000000000444e-01 7.003339565770314689e-17 4.308685837005684860e+00
4.230000000000000000e+02 4.309999999999999942e-01 1.000000000000000021e-02 2.500000000000000000e+09 5.000000000000000000e+07 9.798004827959798657e-01 6.250000000000000000e-01 4.059218999518671960e-17 4.164475962407823140e+00
4.240000000000000000e+02 1.651999999999999913e+00 1.000000000000000021e-02 5.088000000000000000e+08 5.000000000000000000e+07 6.118928294465026951e-01 4.500000000000000111e-01 2.103394543641421375e-17 1.415086510288903376e+01
4.250000000000000000e+02 1.485000000000000098e+00 1.000000000000000021e-02 8.064000000000000000e+08 5.000000000000000000e+07 9.621369907677361777e-01 1.475000000000000089e+00 1.159568498356000032e-17 9.940526003967317337e+00
4.260000000000000000e+02 2.929999999999999827e-01 1.000000000000000021e-02 8.064000000000000000e+08 5.000000000000000000e+07 8.194539282036752414e-01 1.000000000000000056e-01 5.131495902128999539e-17 3.625256380665260902e+00
4.270000000000000000e+02 6.390000000000000124e-01 1.000000000000000021e-02 5.088000000000000000e+08 5.000000000000000000e+07 6.788688785174088469e-01 4.000000000000000222e-01 7.944598545003337250e-17 6.867285164132962194e+00
4.280000000000000000e+02 1.054000000000000048e+00 1.000000000000000021e-02 5.088000000000000000e+08 5.000000000000000000e+07 9.798916064409035620e-02 3.000000000000000444e-01 1.497749418319364911e-16 1.477188509803756915e+02
4.290000000000000000e+02 5.210000000000000187e-01 1.000000000000000021e-02 5.088000000000000000e+08 5.000000000000000000e+07 6.469219452298986539e-01 5.250000000000000222e-01 9.644101633412371738e-17 9.246184750978109435e+00
4.300000000000000000e+02 8.000000000000000444e-01 1.000000000000000021e-02 1.700000000000000000e+09 5.000000000000000000e+07 9.870913234723223129e-01 6.500000000000000222e-01 1.377055343234875874e-17 5.271747594018556526e+00
4.310000000000000000e+02 1.286999999999999922e+00 1.000000000000000021e-02 5.088000000000000000e+08 5.000000000000000000e+07 4.851925397502274695e-01 6.000000000000000888e-01 3.162268230368243013e-17 4.093243041600410947e+01
4.320000000000000000e+02 5.400000000000000355e-01 1.000000000000000021e-02 1.139100030000000000e+09 5.000000000000000000e+07 9.824577129666183239e-01 2.500000000000000139e-02 4.168572617391492794e-18 6.644490167529115254e+00
4.330000000000000000e+02 2.116000000000000103e+00 1.000000000000000021e-02 5.088000000000000000e+08 5.000000000000000000e+07 6.469219452298986539e-01 9.250000000000000444e-01 3.314836420033624722e-17 2.180416907716445252e+01
4.340000000000000000e+02 4.269999999999999907e-01 1.000000000000000021e-02 2.500000000000000000e+09 5.000000000000000000e+07 9.941510680753888884e-01 2.500000000000000000e-01 9.502508846057580271e-18 5.533098235584295921e+00
4.350000000000000000e+02 3.049999999999999933e-01 1.000000000000000021e-02 5.088000000000000000e+08 5.000000000000000000e+07 7.080048279597983552e-01 9.750000000000000888e-01 9.126404740845893268e-16 6.137860130389428903e+00
4.360000000000000000e+02 4.670000000000000262e-01 1.000000000000000021e-02 5.088000000000000000e+08 5.000000000000000000e+07 7.080048279597983552e-01 5.000000000000000278e-02 3.326029793858147425e-17 7.550720587665632699e+00
4.370000000000000000e+02 1.469000000000000083e+00 1.000000000000000021e-02 8.064000000000000000e+08 5.000000000000000000e+07 8.194539282036752414e-01 5.750000000000000666e-01 1.014547178973068673e-17 1.292856697438444371e+02
4.380000000000000000e+02 4.839999999999999858e-01 1.000000000000000021e-02 5.088000000000000000e+08 5.000000000000000000e+07 6.469219452298986539e-01 0.000000000000000000e+00 2.778088276422849172e-17 1.809377007886816813e+01
4.390000000000000000e+02 6.019999999999999796e-01 1.000000000000000021e-02 5.088000000000000000e+08 5.000000000000000000e+07 6.118928294465026951e-01 6.250000000000000000e-01 1.947379733305660636e-16 1.353332808489832928e+01
4.400000000000000000e+02 1.324000000000000066e+00 1.000000000000000021e-02 2.000000000000000000e+09 5.000000000000000000e+07 9.701892829446502331e-01 5.000000000000000000e-01 6.425121940111618955e-18 4.987732042596652349e+01
4.410000000000000000e+02 9.230000000000000426e-01 1.000000000000000021e-02 1.700000000000000000e+09 5.000000000000000000e+07 9.848811356849042076e-01 1.250000000000000000e-01 8.526199120732907476e-19 5.629231753154482654e+00
4.420000000000000000e+02 8.709999999999999964e-01 1.000000000000000021e-02 2.000000000000000000e+09 5.000000000000000000e+07 9.848811356849042076e-01 1.500000000000000222e-01 1.442983828455719891e-18 1.039013410426794515e+01
4.430000000000000000e+02 6.690000000000000391e-01 1.000000000000000021e-02 5.088000000000000000e+08 5.000000000000000000e+07 5.313699076773616969e-01 1.074999999999999956e+00 4.888332700204879013e-16 4.932204682414462305e+00
4.440000000000000000e+02 1.401000000000000023e+00 1.000000000000000021e-02 1.434000000000000000e+09 5.000000000000000000e+07 9.575192539750227994e-01 6.500000000000000222e-01 6.786283626032392777e-18 8.533957399452493320e+00
4.450000000000000000e+02 2.529999999999999805e+00 1.000000000000000021e-02 8.064000000000000000e+08 5.000000000000000000e+07 5.734841677598339071e-01 9.250000000000000444e-01 1.905025606327869105e-17 3.500301563523441928e+01
4.460000000000000000e+02 1.419999999999999929e+00 1.000000000000000021e-02 5.088000000000000000e+08 5.000000000000000000e+07 4.851925397502274695e-01 5.000000000000000000e-01 5.570216699895991619e-17 3.511655339676978116e+01
4.470000000000000000e+02 1.046000000000000041e+00 1.000000000000000021e-02 8.064000000000000000e+08 5.000000000000000000e+07 6.788688785174088469e-01 8.000000000000000444e-01 4.579644567347685720e-17 2.156643049162763859e+01
4.480000000000000000e+02 1.219999999999999973e+00 1.000000000000000021e-02 5.088000000000000000e+08 5.000000000000000000e+07 6.788688785174088469e-01 5.750000000000000666e-01 3.779155114880908112e-17 7.580369353675221689e+00
4.490000000000000000e+02 6.840000000000000524e-01 1.000000000000000021e-02 2.000000000000000000e+09 5.000000000000000000e+07 9.870913234723223129e-01 4.500000000000000111e-01 1.095026677846283780e-17 1.456608109576208676e+01
4.500000000000000000e+02 6.959999999999999520e-01 1.000000000000000021e-02 5.088000000000000000e+08 5.000000000000000000e+07 7.345771296661833816e-01 3.750000000000000000e-01 7.107473481129351332e-17 1.357415981072947275e+01
4.510000000000000000e+02 5.410000000000000364e-01 1.000000000000000021e-02 5.088000000000000000e+08 5.000000000000000000e+07 6.118928294465026951e-01 1.150000000000000133e+00 7.116857995264045952e-16 4.841485714713332555e+00
4.520000000000000000e+02 1.056999999999999940e+00 1.000000000000000021e-02 5.088000000000000000e+08 5.000000000000000000e+07 7.345771296661833816e-01 3.500000000000000333e-01 2.260741956141564497e-17 1.279505809829626628e+01
4.530000000000000000e+02 1.919999999999999929e+00 1.000000000000000021e-02 5.088000000000000000e+08 5.000000000000000000e+07 5.734841677598339071e-01 5.000000000000000000e-01 1.695679319190046790e-17 8.953115745113274571e+00
4.540000000000000000e+02 6.199999999999999956e-01 1.000000000000000021e-02 5.088000000000000000e+08 5.000000000000000000e+07 7.588113568490419958e-01 1.125000000000000000e+00 2.181327391724274283e-16 3.554366850965394509e+00
4.550000000000000000e+02 6.009999999999999787e-01 1.000000000000000021e-02 1.434000000000000000e+09 5.000000000000000000e+07 9.268236228897329676e-01 6.500000000000000222e-01 9.480474467386181856e-17 4.186541782199910244e+00
4.560000000000000000e+02 5.110000000000000098e-01 1.000000000000000021e-02 5.088000000000000000e+08 5.000000000000000000e+07 5.734841677598339071e-01 5.250000000000000222e-01 1.414755760103031261e-16 1.101534455773782994e+01
4.570000000000000000e+02 1.193999999999999950e+00 1.000000000000000021e-02 8.064000000000000000e+08 5.000000000000000000e+07 5.734841677598339071e-01 5.000000000000000000e-01 3.612374624312805315e-17 1.047792415738240202e+01
4.580000000000000000e+02 1.042999999999999927e+00 1.000000000000000021e-02 2.500000000000000000e+09 5.000000000000000000e+07 9.003521803856815442e-01 6.500000000000000222e-01 4.577511059676644670e-17 1.384229919833659617e+00
4.590000000000000000e+02 1.141999999999999904e+00 1.000000000000000021e-02 5.088000000000000000e+08 5.000000000000000000e+07 7.080048279597983552e-01 8.750000000000000000e-01 1.918176036568789430e-17 1.181164788409596333e+01
4.600000000000000000e+02 1.475000000000000089e+00 1.000000000000000021e-02 5.088000000000000000e+08 5.000000000000000000e+07 5.313699076773616969e-01 4.750000000000000333e-01 4.084845833340683386e-17 1.166287037877691404e+02
4.610000000000000000e+02 5.110000000000000098e-01 1.000000000000000021e-02 2.500000000000000000e+09 5.000000000000000000e+07 9.909453928203675321e-01 4.250000000000000444e-01 1.238940523143435952e-17 4.522007933290960402e+00
4.620000000000000000e+02 8.209999999999999520e-01 1.000000000000000021e-02 8.064000000000000000e+08 5.000000000000000000e+07 6.118928294465026951e-01 1.250000000000000000e+00 3.782472259408390407e-16 2.900690389646795708e+00
4.630000000000000000e+02 6.270000000000000018e-01 1.000000000000000021e-02 5.088000000000000000e+08 5.000000000000000000e+07 6.469219452298986539e-01 7.750000000000000222e-01 2.314592012234415816e-16 1.447496919542608396e+01
4.640000000000000000e+02 1.266000000000000014e+00 1.000000000000000021e-02 1.139100030000000000e+09 5.000000000000000000e+07 9.870913234723223129e-01 6.750000000000000444e-01 1.383846283592398517e-18 7.842380146008776975e+00
4.650000000000000000e+02 1.455999999999999961e+00 1.000000000000000021e-02 5.088000000000000000e+08 5.000000000000000000e+07 7.588113568490419958e-01 7.250000000000000888e-01 1.642005879274312688e-17 1.254261220636902721e+02
4.660000000000000000e+02 1.195999999999999952e+00 1.000000000000000021e-02 8.064000000000000000e+08 5.000000000000000000e+07 6.788688785174088469e-01 1.275000000000000133e+00 2.532005445630713885e-17 4.059837483479935827e+01
4.670000000000000000e+02 1.139999999999999902e+00 1.000000000000000021e-02 5.088000000000000000e+08 5.000000000000000000e+07 7.345771296661833816e-01 4.500000000000000111e-01 4.461619733738654759e-17 1.253277492189983988e+01
4.680000000000000000e+02 1.036000000000000032e+00 1.000000000000000021e-02 8.064000000000000000e+08 5.000000000000000000e+07 6.118928294465026951e-01 7.500000000000000000e-01 2.577876130080148785e-17 1.419079473530243618e+01
4.690000000000000000e+02 5.050000000000000044e-01 1.000000000000000021e-02 5.088000000000000000e+08 5.000000000000000000e+07 7.345771296661833816e-01 1.250000000000000000e-01 4.864533013107438116e-17 8.213500891211245047e+00
4.700000000000000000e+02 8.930000000000000160e-01 1.000000000000000021e-02 5.088000000000000000e+08 5.000000000000000000e+07 7.345771296661833816e-01 4.750000000000000333e-01 5.462319518763441666e-17 3.830502947844448869e+01
4.710000000000000000e+02 1.324999999999999956e+00 1.000000000000000021e-02 1.434000000000000000e+09 5.000000000000000000e+07 9.941510680753888884e-01 3.500000000000000333e-01 6.966040765915773442e-19 7.172499082432851836e+00
4.720000000000000000e+02 1.318999999999999950e+00 1.000000000000000021e-02 8.064000000000000000e+08 5.000000000000000000e+07 8.654560229254073533e-01 2.750000000000000222e-01 6.365357547622720095e-18 8.394034492279388360e+00
4.730000000000000000e+02 4.919999999999999929e-01 1.000000000000000021e-02 5.088000000000000000e+08 5.000000000000000000e+07 3.790426555198066483e-01 6.000000000000000888e-01 1.192670686658245169e-15 1.361632340475705050e+01
4.740000000000000000e+02 5.100000000000000089e-01 1.000000000000000021e-02 2.500000000000000000e+09 5.000000000000000000e+07 9.955456022925407433e-01 2.500000000000000139e-02 2.744227312088484486e-18 3.556063728380826738e+00
4.750000000000000000e+02 9.170000000000000373e-01 1.000000000000000021e-02 5.088000000000000000e+08 5.000000000000000000e+07 7.345771296661833816e-01 5.500000000000000444e-01 2.965718983812578373e-17 9.901526848956931914e+00
4.760000000000000000e+02 4.219999999999999862e-01 1.000000000000000021e-02 5.088000000000000000e+08 5.000000000000000000e+07 7.588113568490419958e-01 3.250000000000000111e-01 7.638158746217005775e-17 1.128809145009052095e+01
4.770000000000000000e+02 1.286000000000000032e+00 1.000000000000000021e-02 1.434000000000000000e+09 5.000000000000000000e+07 9.941510680753888884e-01 4.500000000000000111e-01 6.752717806053495863e-19 2.317581757334906012e+00
4.780000000000000000e+02 6.490000000000000213e-01 1.000000000000000021e-02 2.000000000000000000e+09 5.000000000000000000e+07 9.891070386914596613e-01 1.750000000000000167e-01 3.639468383389575403e-18 1.022336547781224070e+01
4.790000000000000000e+02 5.040000000000000036e-01 1.000000000000000021e-02 8.064000000000000000e+08 5.000000000000000000e+07 7.809132347232226046e-01 2.500000000000000139e-02 1.020722635781519049e-17 1.556880053564397137e+01
4.800000000000000000e+02 7.169999999999999707e-01 1.000000000000000021e-02 5.088000000000000000e+08 5.000000000000000000e+07 2.514224249708160164e-01 6.750000000000000444e-01 4.361954142711264990e-16 1.424364942423020963e+01
4.810000000000000000e+02 1.048000000000000043e+00 1.000000000000000021e-02 8.064000000000000000e+08 5.000000000000000000e+07 5.734841677598339071e-01 1.325000000000000178e+00 3.750439100095664790e-16 1.612104653870612125e+01
4.820000000000000000e+02 1.465999999999999970e+00 1.000000000000000021e-02 8.064000000000000000e+08 5.000000000000000000e+07 6.788688785174088469e-01 5.750000000000000666e-01 1.112263501406666365e-17 9.632572271966743926e+01
4.830000000000000000e+02 6.239999999999999991e-01 1.000000000000000021e-02 5.088000000000000000e+08 5.000000000000000000e+07 6.788688785174088469e-01 5.250000000000000222e-01 2.223517418796987376e-16 5.359708261648530758e+00
4.840000000000000000e+02 1.318000000000000060e+00 1.000000000000000021e-02 8.064000000000000000e+08 5.000000000000000000e+07 8.515106807538886935e-01 7.750000000000000222e-01 6.379189727874482227e-18 6.844638953215776667e+01
4.850000000000000000e+02 1.970000000000000084e-01 1.000000000000000021e-02 5.088000000000000000e+08 5.000000000000000000e+07 8.010703869145960887e-01 7.500000000000001110e-02 7.272053480426957376e-17 6.228242533241509449e+00
4.860000000000000000e+02 9.609999999999999654e-01 1.000000000000000021e-02 5.088000000000000000e+08 5.000000000000000000e+07 6.788688785174088469e-01 1.250000000000000000e-01 3.409109801556523618e-17 2.119465607520844941e+01
4.870000000000000000e+02 5.999999999999999778e-01 1.000000000000000021e-02 2.500000000000000000e+09 5.000000000000000000e+07 9.941510680753888884e-01 4.750000000000000333e-01 9.278520791146980820e-18 2.393791590325260454e+00
4.880000000000000000e+02 4.889999999999999902e-01 1.000000000000000021e-02 2.500000000000000000e+09 5.000000000000000000e+07 9.663484167759833765e-01 3.750000000000000000e-01 3.804821763083721936e-17 8.570957714070296163e+00
4.890000000000000000e+02 1.280000000000000027e+00 1.000000000000000021e-02 8.064000000000000000e+08 5.000000000000000000e+07 8.897735565382587364e-01 1.325000000000000178e+00 2.441661341787847226e-17 1.069853088717179546e+01
4.900000000000000000e+02 1.098999999999999977e+00 1.000000000000000021e-02 1.434000000000000000e+09 5.000000000000000000e+07 9.909453928203675321e-01 3.250000000000000111e-01 1.826684139533950902e-18 7.049511529153492440e+00
4.910000000000000000e+02 6.049999999999999822e-01 1.000000000000000021e-02 8.064000000000000000e+08 5.000000000000000000e+07 9.469042655519807061e-01 6.000000000000000888e-01 9.326021473697096779e-17 9.304798814152034581e+00
4.920000000000000000e+02 4.510000000000000120e-01 1.000000000000000021e-02 5.088000000000000000e+08 5.000000000000000000e+07 6.788688785174088469e-01 7.250000000000000888e-01 3.755784064988051243e-16 4.617022239983749721e+00
4.930000000000000000e+02 4.309999999999999942e-01 1.000000000000000021e-02 5.088000000000000000e+08 5.000000000000000000e+07 6.469219452298986539e-01 6.000000000000000888e-01 2.047306000580273422e-16 5.226525992081739957e+00
4.940000000000000000e+02 1.318000000000000060e+00 1.000000000000000021e-02 5.088000000000000000e+08 5.000000000000000000e+07 6.469219452298986539e-01 4.500000000000000111e-01 2.993323271243617176e-17 2.909909569569464338e+01
4.950000000000000000e+02 2.399999999999999911e-01 1.000000000000000021e-02 5.088000000000000000e+08 5.000000000000000000e+07 7.080048279597983552e-01 1.750000000000000167e-01 1.923882953156120983e-16 6.862377005873377733e+00
4.960000000000000000e+02 7.790000000000000258e-01 1.000000000000000021e-02 5.088000000000000000e+08 5.000000000000000000e+07 6.118928294465026951e-01 2.750000000000000222e-01 4.082315672896373520e-17 3.668447410479350879e+01
4.970000000000000000e+02 8.239999999999999547e-01 1.000000000000000021e-02 5.088000000000000000e+08 5.000000000000000000e+07 7.588113568490419958e-01 7.500000000000001110e-02 5.426934267306866840e-17 1.135387710898356488e+02
4.980000000000000000e+02 5.889999999999999680e-01 1.000000000000000021e-02 5.088000000000000000e+08 5.000000000000000000e+07 6.469219452298986539e-01 2.500000000000000139e-02 3.533786681306017047e-17 2.787634529296301267e+01
4.990000000000000000e+02 7.059999999999999609e-01 1.000000000000000021e-02 5.088000000000000000e+08 5.000000000000000000e+07 7.080048279597983552e-01 9.000000000000000222e-01 1.331322070940470287e-16 1.285023682479970475e+01
5.000000000000000000e+02 8.619999999999999885e-01 1.000000000000000021e-02 5.088000000000000000e+08 5.000000000000000000e+07 5.313699076773616969e-01 3.500000000000000333e-01 6.966415419664016244e-17 7.315493194654585807e+01
5.010000000000000000e+02 1.187000000000000055e+00 1.000000000000000021e-02 1.434000000000000000e+09 5.000000000000000000e+07 8.515106807538886935e-01 6.500000000000000222e-01 1.488851069402512601e-17 4.013868255720993261e+01
5.020000000000000000e+02 6.700000000000000400e-01 1.000000000000000021e-02 5.088000000000000000e+08 5.000000000000000000e+07 6.118928294465026951e-01 2.250000000000000056e-01 3.403177988294841363e-17 7.479446054173049419e+00
5.030000000000000000e+02 6.490000000000000213e-01 1.000000000000000021e-02 5.088000000000000000e+08 5.000000000000000000e+07 5.313699076773616969e-01 6.500000000000000222e-01 1.400285023607027963e-16 8.654790392282937006e+00
5.040000000000000000e+02 6.670000000000000373e-01 1.000000000000000021e-02 5.088000000000000000e+08 5.000000000000000000e+07 8.010703869145960887e-01 2.750000000000000222e-01 2.638809967123848820e-17 1.055479859403301290e+01
5.050000000000000000e+02 1.024000000000000021e+00 1.000000000000000021e-02 5.088000000000000000e+08 5.000000000000000000e+07 6.118928294465026951e-01 4.250000000000000444e-01 2.762227663675453960e-17 5.570767145170027135e+00
5.060000000000000000e+02 6.470000000000000195e-01 1.000000000000000021e-02 5.088000000000000000e+08 5.000000000000000000e+07 6.469219452298986539e-01 6.500000000000000222e-01 8.236891839309523445e-17 2.697591215585850577e+00
5.070000000000000000e+02 5.150000000000000133e-01 1.000000000000000021e-02 2.500000000000000000e+09 5.000000000000000000e+07 9.663484167759833765e-01 4.500000000000000111e-01 7.201709636412995767e-17 3.630591297403113593e+00
5.080000000000000000e+02 1.483000000000000096e+00 1.000000000000000021e-02 8.064000000000000000e+08 5.000000000000000000e+07 6.788688785174088469e-01 6.000000000000000888e-01 4.103593467909857791e-17 6.749216731990681239e+01
5.090000000000000000e+02 1.362000000000000099e+00 1.000000000000000021e-02 5.088000000000000000e+08 5.000000000000000000e+07 7.080048279597983552e-01 2.750000000000000222e-01 2.193238116741011740e-17 1.319638217889798781e+01
5.100000000000000000e+02 1.004999999999999893e+00 1.000000000000000021e-02 1.700000000000000000e+09 5.000000000000000000e+07 9.891070386914596613e-01 7.500000000000001110e-02 7.199600483828680919e-19 3.817200007929311134e+00
5.110000000000000000e+02 1.421000000000000041e+00 1.000000000000000021e-02 8.064000000000000000e+08 5.000000000000000000e+07 9.701892829446502331e-01 9.750000000000000888e-01 8.709406819139977725e-18 2.649408138558294112e+01
