# obj_no phot_z age_old age_new f_old_V EBV norm chi SFR stellar_mass
1.000000000000000000e+00 4.299999999999999933e-01 1.700000000000000000e+09 1.000000000000000000e+07 6.469219452298986539e-01 0.000000000000000000e+00 5.265732915111644518e-18 1.971362379783540973e+03 1.260903227235754820e-01 2.396264364260318875e+08
2.000000000000000000e+00 1.409999999999999920e+00 5.088000000000000000e+08 1.000000000000000000e+07 1.000000000000000000e+00 7.250000000000000888e-01 4.084559456870137365e-17 1.267733949699625327e+03 0.000000000000000000e+00 9.167552343164476395e+09
3.000000000000000000e+00 3.900000000000000133e-01 5.088000000000000000e+08 1.000000000000000000e+07 2.156717652757182968e-01 9.250000000000000444e-01 2.687159548726150748e-17 1.531032782068568395e+03 4.961501758958794528e-01 4.607503469642655551e+07
4.000000000000000000e+00 1.699999999999999956e+00 4.000000000000000000e+09 2.511900000000000000e+07 9.497440413925641867e-01 4.500000000000000111e-01 3.587440467185178653e-19 7.928292737320316519e+02 3.182551513793669962e-01 2.201112028518342972e+10
5.000000000000000000e+00 6.099999999999999867e-01 5.088000000000000000e+08 5.000000000000000000e+07 9.736921945229898290e-01 1.750000000000000167e-01 1.379186945668577944e-19 9.155454731702833442e+02 4.422139132305055211e-03 9.658053245700518787e+07
6.000000000000000000e+00 3.500000000000000333e-01 5.088000000000000000e+08 1.000000000000000000e+07 9.575192539750227994e-01 2.750000000000000222e-01 3.125175346501500990e-19 9.250746224351208866e+02 4.344599276964909544e-03 2.955426826718242466e+07
7.000000000000000000e+00 2.470000000000000195e+00 5.088000000000000000e+08 5.000000000000000000e+07 9.736921945229898290e-01 5.250000000000000222e-01 1.641590498295071344e-19 6.208266228010729719e+02 3.582794398002556169e-01 7.824905103397185326e+09
8.000000000000000000e+00 4.199999999999999845e-01 5.088000000000000000e+08 1.000000000000000000e+07 1.000000000000000000e+00 0.000000000000000000e+00 3.532671446975550740e-18 9.608398549264553594e+02 0.000000000000000000e+00 2.393561181378768384e+07
9.000000000000000000e+00 1.090000000000000080e+00 1.700000000000000000e+09 5.000000000000000000e+07 9.229036410043919281e-01 1.500000000000000000e+00 3.646710498450014792e-17 7.419023953514233654e+03 6.359758525029906018e+00 1.537769261962853394e+11
1.000000000000000000e+01 2.459999999999999964e+00 1.700000000000000000e+09 5.000000000000000000e+07 9.990352180385682068e-01 1.500000000000000000e+00 1.396430440251674150e-18 5.958215640039849859e+03 3.009060302922460739e+00 6.280901603829925781e+12
1.100000000000000000e+01 1.459999999999999964e+00 5.088000000000000000e+08 5.000000000000000000e+07 9.305671765275718155e-01 1.500000000000000000e+00 2.245306408174982991e-17 1.798818116836012450e+03 9.526292832504783092e+00 7.564406693928411865e+10
1.200000000000000000e+01 5.000000000000000000e+00 1.139100030000000000e+09 1.000000000000000000e+07 1.000000000000000000e+00 0.000000000000000000e+00 6.987823833105579841e-16 5.929485907993165483e+02 0.000000000000000000e+00 1.617965088977221289e+13
1.300000000000000000e+01 2.300000000000000266e+00 2.000000000000000000e+09 2.511900000000000000e+07 1.000000000000000888e-02 8.750000000000000000e-01 2.404708937577644414e-18 1.125048983188168904e+03 5.481618778208064313e+00 2.383369998248424232e+08
1.400000000000000000e+01 1.110000000000000098e+00 1.700000000000000000e+09 5.000000000000000000e+07 8.586438751563791882e-01 1.500000000000000000e+00 1.733983036867000405e-17 2.302393519357079640e+03 3.194086107982149425e+00 3.926847250922499847e+10
1.500000000000000000e+01 2.620000000000000107e+00 1.139100030000000000e+09 5.000000000000000000e+07 9.948643875156378824e-01 1.500000000000000000e+00 5.792345675486483038e-19 8.814733566667331388e+02 1.522216701007015560e+00 3.343921984758170776e+11
1.600000000000000000e+01 4.600000000000000200e-01 5.088000000000000000e+08 1.000000000000000000e+07 8.440413092562439878e-01 6.000000000000000888e-01 3.273036576218733141e-18 1.412372668708869014e+03 9.399585624479804558e-02 1.542388571696068943e+08
1.700000000000000000e+01 1.040000000000000036e+00 1.139100030000000000e+09 5.000000000000000000e+07 9.995287145194909906e-01 5.500000000000000444e-01 1.191121207225521652e-19 4.114517724639285007e+03 1.804281120527241947e-02 4.338440092768990326e+10
1.800000000000000000e+01 3.200000000000000067e-01 5.088000000000000000e+08 1.000000000000000000e+07 1.000000000000000000e+00 1.250000000000000000e-01 3.076735948058479789e-17 3.173296993554757137e+03 0.000000000000000000e+00 1.022498579887170047e+08
1.900000000000000000e+01 3.300000000000000155e-01 5.088000000000000000e+08 1.000000000000000000e+07 1.000000000000000000e+00 3.750000000000000000e-01 1.772899376939002518e-17 2.062770028516014463e+03 0.000000000000000000e+00 6.377413939911353588e+07
2.000000000000000000e+01 2.580000000000000071e+00 2.000000000000000000e+09 5.000000000000000000e+07 9.870913234723223129e-01 0.000000000000000000e+00 1.114298999619045782e-19 5.224264010523908155e+02 2.789720647776712248e-01 5.069136643852626801e+10
2.100000000000000000e+01 1.060000000000000053e+00 1.700000000000000000e+09 2.511900000000000000e+07 9.860116708098051186e-01 6.750000000000000444e-01 3.384917283345741769e-18 6.087977034957571050e+03 7.094966947721610406e-01 7.714948731823173523e+10
2.200000000000000000e+01 7.500000000000000000e-01 5.088000000000000000e+08 1.000000000000000000e+07 1.000000000000000000e+00 9.000000000000000222e-01 1.438819012340498163e-17 1.156385641207492881e+03 0.000000000000000000e+00 4.899535715983968377e+08
2.300000000000000000e+01 5.000000000000000000e-01 5.088000000000000000e+08 1.000000000000000000e+07 9.900473768503111893e-01 8.000000000000000444e-01 2.136039647258105014e-19 1.108907173350779658e+03 7.698963436227804387e-03 2.308722462955833375e+08
2.400000000000000000e+01 1.260000000000000009e+00 1.139100030000000000e+09 5.000000000000000000e+07 9.941510680753888884e-01 4.000000000000000222e-01 4.732813909972720277e-19 1.631995065771482359e+03 1.279597449048227864e-01 2.466442571651872253e+10
2.500000000000000000e+01 4.400000000000000022e-01 5.088000000000000000e+08 1.000000000000000000e+07 8.781743261443593074e-01 3.750000000000000000e-01 9.308858549536659650e-19 8.863050025078772478e+02 2.371043684068031149e-02 5.174308661138622463e+07
2.600000000000000000e+01 3.479999999999999982e+00 1.139100030000000000e+09 5.000000000000000000e+07 9.052871451949100479e-01 7.750000000000000222e-01 5.402381986663860707e-19 7.479736048845800269e+02 3.485073483434949715e+00 3.794003901845314026e+10
2.700000000000000000e+01 7.299999999999999822e-01 5.088000000000000000e+08 5.000000000000000000e+07 9.469042655519807061e-01 0.000000000000000000e+00 8.083540575848390594e-19 2.914815264557081264e+03 4.324450337034683317e-02 4.562105599607684612e+08
2.800000000000000000e+01 1.040000000000000036e+00 1.139100030000000000e+09 1.000000000000000000e+07 9.439306551992403538e-01 8.500000000000000888e-01 1.806685069113003113e-18 1.352831742789774580e+03 5.346618930160887961e-01 5.228760835936174393e+09
2.900000000000000000e+01 3.260000000000000231e+00 5.088000000000000000e+08 1.000000000000000000e+07 1.000000000000000000e+00 7.500000000000000000e-01 4.314178999560298306e-17 4.779169236903866113e+04 0.000000000000000000e+00 1.332052125246380005e+11
3.000000000000000000e+01 4.820000000000000284e+00 1.139100030000000000e+09 1.000000000000000000e+07 1.000000000000000000e+00 7.250000000000000888e-01 1.657482101312537226e-15 9.689395665402475970e+02 0.000000000000000000e+00 3.414775558168321094e+13
3.100000000000000000e+01 4.080000000000000071e+00 5.088000000000000000e+08 5.000000000000000000e+07 9.052871451949100479e-01 1.500000000000000000e+00 1.123860298637040190e-18 1.242850792332491665e+03 1.201601846623652214e+01 6.821886714527316284e+10
3.200000000000000000e+01 1.040000000000000036e+00 2.000000000000000000e+09 2.511900000000000000e+07 8.586438751563791882e-01 1.500000000000000000e+00 2.225959911813139082e-17 1.782672216025657008e+03 4.406852729660168499e+00 4.876734264786837769e+10
3.300000000000000000e+01 3.699999999999999956e-01 5.088000000000000000e+08 1.000000000000000000e+07 1.000000000000000000e+00 7.000000000000000666e-01 1.164233391785299772e-17 1.108783153266354020e+03 0.000000000000000000e+00 5.639410340039903671e+07
3.400000000000000000e+01 3.200000000000000178e+00 2.000000000000000000e+09 1.000000000000000000e+07 1.000000000000000000e+00 1.500000000000000000e+00 -4.944311335210191423e-17 5.943990040552984055e+02 0.000000000000000000e+00 -5.807927917299752197e+11
3.500000000000000000e+01 1.060000000000000053e+00 2.000000000000000000e+09 5.000000000000000000e+07 9.968174326144358943e-01 6.500000000000000222e-01 8.500536694010230668e-19 3.881028410417088708e+03 1.363282035219548494e-01 1.014450956496812134e+11
3.600000000000000000e+01 6.500000000000000222e-01 5.088000000000000000e+08 1.000000000000000000e+07 1.000000000000000000e+00 3.000000000000000444e-01 3.465242055112658740e-18 8.076236357264212984e+02 0.000000000000000000e+00 7.829066138526982069e+07
3.700000000000000000e+01 5.899999999999999689e-01 1.139100030000000000e+09 5.000000000000000000e+07 9.003521803856815442e-01 1.500000000000000000e+00 1.791751764410243597e-17 3.510291625150602158e+03 4.986411341680030418e-01 5.132826057549035072e+09
3.800000000000000000e+01 1.820000000000000062e+00 1.139100030000000000e+09 1.000000000000000000e+07 1.000000000000000888e-02 9.000000000000000222e-01 5.804080172442481247e-18 1.139349837696922123e+03 9.512997099208341467e+00 1.508925427913547754e+08
3.900000000000000000e+01 4.500000000000000111e-01 5.088000000000000000e+08 5.000000000000000000e+07 9.145007413978564204e-01 1.500000000000000222e-01 7.943319704601621636e-19 1.551596657306469297e+03 1.100275284282603572e-02 6.983650680723954737e+07
4.000000000000000000e+01 2.000000000000000111e-01 2.000000000000000000e+09 1.000000000000000000e+07 9.100000000000000311e-01 0.000000000000000000e+00 8.649695481303055704e-19 1.502765543957769523e+03 2.969074325053842715e-03 3.653445674034997821e+07
4.100000000000000000e+01 3.099999999999999978e-01 5.088000000000000000e+08 1.000000000000000000e+07 8.897735565382587364e-01 3.000000000000000444e-01 5.274005156178371250e-18 2.860205910602835047e+03 5.361906954224815447e-02 1.309696995640216172e+08
4.200000000000000000e+01 5.000000000000000000e+00 1.139100030000000000e+09 1.000000000000000000e+07 9.990352180385682068e-01 1.250000000000000000e+00 4.285919271902317716e-19 1.149442404869388383e+03 1.710056894136232586e+01 1.027614056047857422e+13
4.300000000000000000e+01 5.000000000000000000e+00 5.088000000000000000e+08 5.000000000000000000e+07 9.575192539750227994e-01 5.750000000000000666e-01 3.683292428206839526e-19 1.511556043743632245e+03 7.522362271635400610e+00 1.001999779426698608e+11
4.400000000000000000e+01 5.300000000000000266e-01 5.088000000000000000e+08 1.000000000000000000e+07 6.298106036794387519e-01 1.500000000000000000e+00 2.915563405098550808e-17 1.848329452984734871e+03 1.233661443521652634e+00 6.448332062172900438e+08
4.500000000000000000e+01 2.359999999999999876e+00 5.088000000000000000e+08 1.000000000000000000e+07 1.000000000000000888e-02 1.125000000000000000e+00 2.362302562707329960e-18 9.605298479143863233e+02 8.612138989496958885e+00 1.123365213631483316e+08
4.600000000000000000e+01 8.000000000000000444e-01 4.000000000000000000e+09 2.511900000000000000e+07 2.156717652757182968e-01 1.275000000000000133e+00 3.873023160482294637e-17 1.883180471979206459e+03 3.531104240095416902e+00 3.640885542038779736e+09
4.700000000000000000e+01 3.400000000000000244e-01 5.088000000000000000e+08 1.000000000000000000e+07 1.000000000000000000e+00 3.500000000000000333e-01 1.522918288579839674e-17 1.136676272551210559e+03 0.000000000000000000e+00 5.917627434882277995e+07
4.800000000000000000e+01 4.879999999999999893e+00 1.139100030000000000e+09 1.000000000000000000e+07 1.000000000000000888e-02 1.225000000000000089e+00 9.379154129839727134e-19 1.079659587317902833e+03 3.463594416579406499e+01 5.493858173877694607e+08
4.900000000000000000e+01 2.500000000000000000e+00 5.088000000000000000e+08 1.000000000000000000e+07 9.439306551992403538e-01 4.750000000000000333e-01 1.708516993120297997e-18 2.809690376831730646e+03 7.567136780323261647e+00 3.846605021985015869e+10
5.000000000000000000e+01 2.620000000000000107e+00 5.088000000000000000e+08 1.000000000000000000e+07 9.701892829446502331e-01 0.000000000000000000e+00 4.784497283955098868e-19 2.024393145129419963e+03 2.456443907896293410e+00 2.411624557628495026e+10
5.100000000000000000e+01 1.620000000000000107e+00 5.088000000000000000e+08 5.000000000000000000e+07 9.753263149547468647e-01 1.500000000000000000e+00 3.669278844432670205e-18 1.429516480992302149e+03 2.145270011778563468e+00 5.003278615182604218e+10
5.200000000000000000e+01 2.540000000000000036e+00 5.088000000000000000e+08 1.000000000000000000e+07 9.948643875156378824e-01 4.250000000000000444e-01 6.044672908844106227e-20 8.876078412649889060e+02 2.814475540096928463e-01 1.643310800251165771e+10
5.300000000000000000e+01 3.300000000000000155e-01 5.088000000000000000e+08 1.000000000000000000e+07 1.000000000000000000e+00 5.000000000000000000e-01 1.248891705156326370e-17 1.028634183622005594e+03 0.000000000000000000e+00 4.492471187877035141e+07
5.400000000000000000e+01 6.800000000000000488e-01 5.088000000000000000e+08 1.000000000000000000e+07 6.937722339831620122e-01 0.000000000000000000e+00 4.941822493429382191e-19 8.590452375675973826e+02 4.213292834427629502e-02 2.918671472010709718e+07
5.500000000000000000e+01 2.540000000000000036e+00 5.088000000000000000e+08 1.000000000000000000e+07 9.497440413925641867e-01 1.225000000000000089e+00 1.255745611481412366e-17 1.133237565758829260e+04 5.846909107236270131e+01 3.335673086471134644e+11
5.600000000000000000e+01 1.409999999999999920e+00 1.139100030000000000e+09 1.000000000000000000e+07 9.881223837605044302e-01 1.500000000000000000e+00 9.330536195864242987e-19 8.941836614120534250e+02 6.949260206098365478e-01 3.355603174583682251e+10
5.700000000000000000e+01 2.109999999999999876e+00 5.088000000000000000e+08 1.000000000000000000e+07 1.000000000000000888e-02 9.000000000000000222e-01 8.225690117909891211e-18 1.838358888817956540e+03 2.107284334525433422e+01 2.748736312225627303e+08
5.800000000000000000e+01 4.049999999999999822e+00 5.088000000000000000e+08 5.000000000000000000e+07 8.781743261443593074e-01 4.000000000000000222e-01 3.150788356042059111e-19 2.557161310134581981e+03 3.290612782715383933e+00 1.412961061705588531e+10
5.900000000000000000e+01 2.530000000000000249e+00 5.088000000000000000e+08 5.000000000000000000e+07 9.798004827959798657e-01 0.000000000000000000e+00 3.347129018729122888e-19 2.361671757840432747e+03 7.878649629975366109e-01 2.253890947336569595e+10
6.000000000000000000e+01 1.340000000000000080e+00 5.088000000000000000e+08 5.000000000000000000e+07 8.280299141390016215e-01 1.500000000000000000e+00 5.019104336882854153e-17 6.760475634251443807e+03 1.637213791352736436e+01 4.722985480995905304e+10
6.100000000000000000e+01 4.350000000000000533e+00 1.139100030000000000e+09 1.000000000000000000e+07 1.000000000000000000e+00 1.000000000000000056e-01 4.837150649523914557e-16 4.881887313633814642e+02 0.000000000000000000e+00 7.188930423315285156e+12
6.200000000000000000e+01 3.099999999999999978e-01 5.088000000000000000e+08 5.000000000000000000e+07 4.851925397502274695e-01 9.500000000000000666e-01 1.150775149146008411e-17 6.254683617849026405e+02 5.988536067759474280e-02 3.622307014178320020e+07
6.300000000000000000e+01 1.660000000000000142e+00 1.700000000000000000e+09 5.000000000000000000e+07 9.550459126142375466e-01 1.175000000000000044e+00 4.470590324241056092e-18 1.159169273749638023e+03 2.818701132511189478e+00 1.208481324914384766e+11
6.400000000000000000e+01 1.370000000000000107e+00 5.088000000000000000e+08 1.000000000000000000e+07 9.900473768503111893e-01 1.500000000000000000e+00 7.436711135505426146e-19 2.063927049042995804e+03 5.071296685678018390e-01 1.520752328741398239e+10
6.500000000000000000e+01 4.660000000000000142e+00 1.139100030000000000e+09 1.000000000000000000e+07 1.000000000000000000e+00 3.000000000000000444e-01 1.596884676691264112e-15 1.296882977634337067e+03 0.000000000000000000e+00 2.954632975855852344e+13
6.600000000000000000e+01 2.419999999999999929e+00 5.088000000000000000e+08 5.000000000000000000e+07 9.683130616529664891e-01 3.500000000000000333e-01 1.209423713475709132e-18 1.990728465130356653e+03 2.475069633248376366e+00 4.465323783162088776e+10
6.700000000000000000e+01 4.520000000000000462e+00 5.088000000000000000e+08 2.511900000000000000e+07 9.683130616529664891e-01 0.000000000000000000e+00 5.339917446289430307e-20 7.885117236993862662e+02 1.033586914444785565e+00 1.425397705917355156e+10
6.800000000000000000e+01 1.060000000000000053e+00 1.700000000000000000e+09 2.511900000000000000e+07 9.860116708098051186e-01 8.500000000000000888e-01 2.460935120903562156e-18 1.988786137670943390e+03 5.158251112724350218e-01 5.608996232648791504e+10
6.900000000000000000e+01 1.719999999999999973e+00 4.000000000000000000e+09 2.511900000000000000e+07 1.000000000000000888e-02 1.200000000000000178e+00 3.928333093931083919e-14 1.770413175889114290e+07 3.613714124537327734e+04 2.243120102800783203e+12
7.000000000000000000e+01 1.630000000000000115e+00 1.139100030000000000e+09 1.000000000000000000e+07 5.500741397856412362e-02 1.050000000000000044e+00 8.622362642901151575e-14 1.583441488700891100e+07 1.003790173373516154e+05 4.394545030857461914e+12
7.100000000000000000e+01 5.799999999999999600e-01 5.088000000000000000e+08 5.000000000000000000e+07 9.497440413925641867e-01 0.000000000000000000e+00 2.103958153725356115e-19 9.433990792543324915e+02 5.577453027973720140e-03 6.233428568114052713e+07
7.200000000000000000e+01 4.450000000000000178e+00 5.088000000000000000e+08 1.000000000000000000e+07 9.683130616529664891e-01 1.250000000000000000e-01 9.115026264479167250e-20 1.101109047244302701e+03 2.509471005867862647e+00 2.313477290775278473e+10
7.300000000000000000e+01 3.689999999999999947e+00 1.700000000000000000e+09 5.000000000000000000e+07 9.990352180385682068e-01 0.000000000000000000e+00 5.524437933449312416e-20 3.960408215995390037e+03 4.292247748300919152e-01 8.959337152583919678e+11
7.400000000000000000e+01 4.870000000000000107e+00 5.088000000000000000e+08 1.000000000000000000e+07 9.550459126142375466e-01 1.500000000000000000e+00 1.767206064450098246e-19 4.751750797298149678e+02 6.483556980877238196e+00 4.157405830191139221e+10
7.500000000000000000e+01 4.750000000000000000e+00 5.088000000000000000e+08 1.000000000000000000e+07 2.156717652757182968e-01 1.025000000000000133e+00 3.434124352976984664e-19 1.512430455241619939e+03 1.163689012764349506e+01 1.080660941864095211e+09
7.600000000000000000e+01 6.400000000000000133e-01 5.088000000000000000e+08 2.511900000000000000e+07 9.575192539750227994e-01 3.000000000000000444e-01 3.516685367688771793e-19 1.116397658646281798e+03 1.687863269963424395e-02 1.718017198185451329e+08
7.700000000000000000e+01 4.270000000000000462e+00 5.088000000000000000e+08 1.000000000000000000e+07 9.941510680753888884e-01 4.750000000000000333e-01 4.541629011884170149e-19 1.159516039580772122e+04 1.096423504689557582e+01 5.617138570504461670e+11
7.800000000000000000e+01 4.160000000000000142e+00 5.088000000000000000e+08 1.000000000000000000e+07 9.229036410043919281e-01 0.000000000000000000e+00 1.555237858767147376e-19 2.895683897248971789e+03 3.455499988085220409e+00 1.250005179356368446e+10
7.900000000000000000e+01 4.799999999999999822e-01 5.088000000000000000e+08 5.000000000000000000e+07 7.080048279597983552e-01 5.000000000000000278e-02 1.071496954661135984e-18 9.189380886740232199e+02 1.768124465706814863e-02 2.612457160219141096e+07
8.000000000000000000e+01 1.770000000000000018e+00 1.139100030000000000e+09 2.511900000000000000e+07 1.000000000000000888e-02 8.750000000000000000e-01 8.859118370360444967e-18 1.353486528329099883e+03 8.907884107795798201e+00 3.018094160751886368e+08
8.100000000000000000e+01 1.090000000000000080e+00 1.139100030000000000e+09 5.000000000000000000e+07 7.215968496873395033e-01 1.375000000000000000e+00 1.024344672158112915e-17 6.405147115539008382e+02 1.786427730990836737e+00 5.338786927131847382e+09
8.200000000000000000e+01 2.040000000000000036e+00 5.088000000000000000e+08 1.000000000000000000e+07 1.000000000000000888e-02 1.275000000000000133e+00 6.164214752621555838e-18 1.172972185684533088e+03 1.442258791532532847e+01 1.881278689809516072e+08
8.300000000000000000e+01 8.499999999999999778e-01 5.088000000000000000e+08 1.000000000000000000e+07 1.000000000000000000e+00 5.500000000000000444e-01 6.260195375046120399e-18 8.421964353000461188e+02 0.000000000000000000e+00 3.069716232787313461e+08
8.400000000000000000e+01 5.700000000000000622e-01 5.088000000000000000e+08 5.000000000000000000e+07 8.781743261443593074e-01 1.250000000000000000e-01 1.150463040114528556e-18 1.093089228307746680e+03 3.049800945563976157e-02 1.309558512830801457e+08
8.500000000000000000e+01 2.169999999999999929e+00 5.088000000000000000e+08 1.000000000000000000e+07 9.900473768503111893e-01 0.000000000000000000e+00 1.535172105657359411e-19 9.920079931130768500e+02 4.358252460605080980e-01 1.306928580500114250e+10
8.600000000000000000e+01 9.400000000000000577e-01 5.088000000000000000e+08 2.511900000000000000e+07 7.080048279597983552e-01 4.500000000000000111e-01 1.573672500125807419e-18 1.225913651931834920e+03 2.305115596121491695e-01 2.575666315482954085e+08
8.700000000000000000e+01 1.929999999999999938e+00 5.088000000000000000e+08 5.000000000000000000e+07 8.654560229254073533e-01 6.750000000000000444e-01 5.553328252974573400e-19 5.704352870750847160e+02 5.593545537990912697e-01 2.146293034262821198e+09
8.800000000000000000e+01 2.629999999999999893e+00 2.000000000000000000e+09 5.000000000000000000e+07 9.961961573539711567e-01 5.500000000000000444e-01 1.434997780690499484e-19 8.349546641759203567e+02 3.816718534237680815e-01 2.374791571383508911e+11
8.900000000000000000e+01 5.600000000000000533e-01 5.088000000000000000e+08 1.000000000000000000e+07 7.588113568490419958e-01 0.000000000000000000e+00 3.352029789550882677e-19 5.926220414868784019e+02 1.652424820928520208e-02 1.583184706341489777e+07
9.000000000000000000e+01 1.929999999999999938e+00 2.000000000000000000e+09 2.511900000000000000e+07 5.931306165296644783e-01 8.500000000000000888e-01 1.470246862347388720e-17 5.008769207679001738e+03 1.935472678695403559e+01 5.177202291111360931e+10
9.100000000000000000e+01 2.510000000000000231e+00 5.088000000000000000e+08 1.000000000000000000e+07 9.870913234723223129e-01 0.000000000000000000e+00 1.267998660041896247e-19 1.074498211346423432e+03 5.687096808874544385e-01 1.311085054518246651e+10
9.200000000000000000e+01 1.090000000000000080e+00 2.000000000000000000e+09 1.000000000000000000e+07 1.000000000000000000e+00 7.500000000000000000e-01 2.616688788159537573e-17 5.158606849216071168e+03 0.000000000000000000e+00 1.084100531720088005e+10
9.300000000000000000e+01 1.110000000000000098e+00 1.700000000000000000e+09 5.000000000000000000e+07 7.701167080980508839e-01 1.500000000000000000e+00 5.088589392987990865e-17 2.860728001348338239e+03 9.373443882551040218e+00 6.376483662035617828e+10
9.400000000000000000e+01 2.520000000000000018e+00 1.700000000000000000e+09 1.000000000000000000e+07 1.000000000000000000e+00 0.000000000000000000e+00 4.469242041794530593e-17 2.899780671911009449e+03 0.000000000000000000e+00 2.094231651319748535e+11
9.500000000000000000e+01 1.030000000000000027e+00 1.700000000000000000e+09 5.000000000000000000e+07 8.104737685031120353e-01 1.500000000000000000e+00 5.597776026752839162e-17 3.535004623216053915e+03 8.237688802928051501e+00 7.141936266835519409e+10
9.600000000000000000e+01 1.700000000000000122e-01 1.139100030000000000e+09 1.000000000000000000e+07 1.000000000000000000e+00 1.500000000000000222e-01 1.427433863616597580e-17 1.414121608904588584e+03 0.000000000000000000e+00 1.931501276289603487e+07
9.700000000000000000e+01 4.650000000000000355e+00 1.139100030000000000e+09 5.000000000000000000e+07 9.995287145194909906e-01 1.200000000000000178e+00 4.642584117161105650e-19 7.371579907462261190e+02 7.525066114582685373e+00 1.809421390093738672e+13
9.800000000000000000e+01 1.989999999999999991e+00 5.088000000000000000e+08 5.000000000000000000e+07 9.145007413978564204e-01 7.250000000000000888e-01 1.187736334558081385e-18 8.057978993102547065e+02 1.316306336679628375e+00 8.354839716487564087e+09
9.900000000000000000e+01 1.890000000000000124e+00 2.000000000000000000e+09 2.511900000000000000e+07 7.588113568490419958e-01 7.500000000000000000e-01 9.668906031916103884e-18 4.157581603437893136e+03 1.192378040370229542e+01 6.848722748769380951e+10
1.000000000000000000e+02 6.600000000000000311e-01 5.088000000000000000e+08 5.000000000000000000e+07 9.187989160644089992e-01 0.000000000000000000e+00 4.204237407584531385e-19 9.517643772643268676e+02 1.684982884560356706e-02 1.130905593509519100e+08
1.010000000000000000e+02 3.400000000000000244e-01 5.088000000000000000e+08 1.000000000000000000e+07 1.000000000000000000e+00 1.500000000000000222e-01 1.746052049422145563e-17 1.545613945143329602e+03 0.000000000000000000e+00 6.784661782496698201e+07
1.020000000000000000e+02 1.090000000000000080e+00 1.139100030000000000e+09 5.000000000000000000e+07 9.003521803856815442e-01 1.500000000000000000e+00 1.649429014608424107e-17 2.193978039038851421e+03 2.876556897386349565e+00 2.961020498953152847e+10
1.030000000000000000e+02 2.319999999999999840e+00 5.088000000000000000e+08 2.511900000000000000e+07 8.280299141390016215e-01 1.500000000000000000e+00 6.364935134577731810e-17 7.553020216704392624e+03 1.470814940663324251e+02 3.227108840274791870e+11
1.040000000000000000e+02 2.649999999999999911e+00 5.088000000000000000e+08 1.000000000000000000e+07 9.918029914139001590e-01 1.000000000000000056e-01 5.555524805980086808e-20 7.141997889604137981e+02 2.956573450040006490e-01 1.078335720744118309e+10
1.050000000000000000e+02 5.200000000000000178e-01 5.088000000000000000e+08 1.000000000000000000e+07 7.701167080980508839e-01 8.250000000000000666e-01 3.732941392308480335e-18 9.717353282755675536e+02 1.498623754548097098e-01 1.527913172927059531e+08
1.060000000000000000e+02 2.609999999999999876e+00 5.088000000000000000e+08 5.000000000000000000e+07 9.824577129666183239e-01 3.500000000000000333e-01 4.798356955601443605e-19 1.441439684923145705e+03 1.245885891324909123e+00 4.114231505969537354e+10
1.070000000000000000e+02 2.510000000000000231e+00 5.088000000000000000e+08 1.000000000000000000e+07 9.934041309256244068e-01 0.000000000000000000e+00 2.474212722476429005e-20 7.181992103652332844e+02 1.109708371301242058e-01 5.037727575810500145e+09
1.080000000000000000e+02 3.750000000000000000e+00 1.700000000000000000e+09 5.000000000000000000e+07 1.000000000000000888e-02 8.000000000000000444e-01 2.051548315999397261e-19 5.781675110329459812e+02 1.677740339277034698e+00 1.180470769025122374e+08
1.090000000000000000e+02 4.600000000000000200e-01 5.088000000000000000e+08 5.000000000000000000e+07 1.000000000000000888e-02 1.350000000000000089e+00 3.482520165946633708e-17 1.179951812799534309e+03 5.119210185156323201e-01 2.864038633860938624e+07
1.100000000000000000e+02 2.439999999999999947e+00 5.088000000000000000e+08 1.000000000000000000e+07 9.824577129666183239e-01 2.750000000000000222e-01 3.133981870557911176e-19 1.261601424819607246e+03 1.285878007568257653e+00 2.171505204774378204e+10
1.110000000000000000e+02 2.510000000000000231e+00 5.088000000000000000e+08 5.000000000000000000e+07 9.860116708098051186e-01 0.000000000000000000e+00 2.414482920719898644e-19 1.331191547119409279e+03 5.543032636799447577e-01 2.303092176190456390e+10
1.120000000000000000e+02 2.040000000000000036e+00 1.139100030000000000e+09 1.000000000000000000e+07 5.931306165296644783e-01 9.000000000000000222e-01 3.847048384257813989e-18 1.176695893522275810e+03 9.001048108012756899e+00 7.704644592628916740e+09
1.130000000000000000e+02 4.600000000000000200e-01 5.088000000000000000e+08 1.000000000000000000e+07 1.000000000000000000e+00 2.250000000000000056e-01 9.096996575031691090e-18 6.687442901180389754e+02 0.000000000000000000e+00 7.872851966113965213e+07
1.140000000000000000e+02 2.260000000000000231e+00 5.088000000000000000e+08 1.000000000000000000e+07 8.515106807538886935e-01 1.100000000000000089e+00 4.435397458795727218e-18 1.530497137831329610e+03 1.430349665032289508e+01 2.486103375641748428e+10
1.150000000000000000e+02 4.299999999999999933e-01 5.088000000000000000e+08 1.000000000000000000e+07 1.000000000000000000e+00 6.000000000000000888e-01 9.003839278141831156e-18 8.405622966746173006e+02 0.000000000000000000e+00 6.497209452281092107e+07
1.160000000000000000e+02 4.299999999999999933e-01 5.088000000000000000e+08 1.000000000000000000e+07 1.000000000000000000e+00 6.750000000000000444e-01 3.357080177086734660e-17 1.448581225238958496e+03 0.000000000000000000e+00 2.422483607807668149e+08
1.170000000000000000e+02 2.459999999999999964e+00 2.000000000000000000e+09 5.000000000000000000e+07 9.934041309256244068e-01 1.500000000000000000e+00 2.008583648247827892e-18 2.023298834439977782e+03 4.328142059086329319e+00 1.548796196693792236e+12
1.180000000000000000e+02 1.949999999999999956e+00 2.000000000000000000e+09 1.000000000000000000e+07 1.782362288973291520e-01 1.200000000000000178e+00 6.345696186202842557e-18 1.386442691006723862e+03 1.289530437968973686e+01 3.529981050763718128e+09
1.190000000000000000e+02 2.620000000000000107e+00 5.088000000000000000e+08 5.000000000000000000e+07 9.909453928203675321e-01 3.000000000000000444e-01 1.066828263972647102e-19 9.054522747254026172e+02 2.803603050484541059e-01 1.807832752697383881e+10
1.200000000000000000e+02 3.900000000000000133e-01 5.088000000000000000e+08 5.000000000000000000e+07 8.841074588205832807e-01 3.250000000000000111e-01 8.064393324187343613e-19 1.074225961715759695e+03 7.621542388399730160e-03 3.461188673868991435e+07
1.210000000000000000e+02 3.800000000000000044e-01 5.088000000000000000e+08 1.000000000000000000e+07 8.654560229254073533e-01 0.000000000000000000e+00 1.816864256201092345e-18 2.675266102583717839e+03 3.132409956421770142e-02 6.103376959684671462e+07
1.220000000000000000e+02 2.530000000000000249e+00 5.088000000000000000e+08 5.000000000000000000e+07 9.736921945229898290e-01 1.475000000000000089e+00 6.022711251897194131e-19 7.390454965769013143e+02 1.417657685457998529e+00 3.096196885870706940e+10
1.230000000000000000e+02 4.450000000000000178e+00 5.088000000000000000e+08 2.511900000000000000e+07 9.768868878517409371e-01 0.000000000000000000e+00 1.069789283751463428e-19 2.077101831343676167e+03 1.970320715326439265e+00 3.756273108076560974e+10
1.240000000000000000e+02 3.080000000000000071e+00 2.000000000000000000e+09 1.000000000000000000e+07 1.000000000000000888e-02 9.250000000000000444e-01 1.763181320751079428e-18 2.670024598362078905e+03 1.509106242162291522e+01 3.362698630699057579e+08
1.250000000000000000e+02 2.399999999999999911e+00 1.139100030000000000e+09 1.000000000000000000e+07 9.995287145194909906e-01 1.000000000000000056e-01 2.925906568901935210e-20 2.382823742320503698e+03 1.139676767225394211e-01 1.402675025392904968e+11
1.260000000000000000e+02 4.100000000000000311e-01 5.088000000000000000e+08 1.000000000000000000e+07 9.848811356849042076e-01 2.500000000000000139e-02 8.560439362403396315e-20 9.536942799221683345e+02 1.804853303516524990e-03 3.544899573200541735e+07
1.270000000000000000e+02 1.949999999999999956e+00 5.088000000000000000e+08 5.000000000000000000e+07 6.469219452298986539e-01 7.750000000000000222e-01 7.881872280045423578e-18 1.902875801061152970e+03 8.198477078803556140e+00 9.253727228223148346e+09
1.280000000000000000e+02 1.110000000000000098e+00 2.000000000000000000e+09 5.000000000000000000e+07 9.524560062662843496e-01 1.175000000000000044e+00 6.375947323097367330e-18 2.056554012053701172e+03 1.174482352879749225e+00 5.595384575315286255e+10
1.290000000000000000e+02 8.000000000000000444e-01 4.000000000000000000e+09 1.000000000000000000e+07 9.768868878517409371e-01 0.000000000000000000e+00 7.024421084374089784e-20 6.028286890686101742e+02 9.573187382959832611e-03 9.903500939685227871e+08
1.300000000000000000e+02 3.200000000000000178e+00 2.000000000000000000e+09 5.000000000000000000e+07 9.719810603679438499e-01 6.500000000000000222e-01 1.252850384082010051e-18 1.256168983843607066e+03 6.194930997310867937e+00 5.108391093806791992e+11
1.310000000000000000e+02 1.520000000000000018e+00 5.088000000000000000e+08 5.000000000000000000e+07 8.897735565382587364e-01 1.500000000000000000e+00 1.852587474224760251e-17 1.501813438095593710e+03 8.897250052101330908e+00 4.272868384211175537e+10
1.320000000000000000e+02 3.000000000000000000e+00 5.088000000000000000e+08 5.000000000000000000e+07 9.968174326144358943e-01 0.000000000000000000e+00 1.134507466724900721e-19 3.290775253378343677e+03 4.573129113310159810e-01 8.435172237428981018e+10
1.330000000000000000e+02 1.630000000000000115e+00 4.000000000000000000e+09 1.000000000000000000e+07 1.000000000000000888e-02 1.250000000000000000e+00 2.911795517422984103e-14 1.034948743841237202e+07 3.389826951512681990e+04 1.176987838759065918e+12
1.340000000000000000e+02 2.099999999999999922e-01 4.000000000000000000e+09 1.000000000000000000e+07 1.000000000000000000e+00 2.500000000000000000e-01 2.024865318170683468e-14 1.073336066001953371e+07 0.000000000000000000e+00 1.913486646424016418e+11
1.350000000000000000e+02 2.459999999999999964e+00 1.700000000000000000e+09 1.000000000000000000e+07 9.979773556538258372e-01 0.000000000000000000e+00 5.436490508442201375e-20 9.546056062295057245e+02 2.288646653441165912e-01 1.165115509199622040e+11
1.360000000000000000e+02 2.470000000000000195e+00 1.139100030000000000e+09 1.000000000000000000e+07 9.870913234723223129e-01 0.000000000000000000e+00 1.302262682400403153e-19 8.739598507202840665e+02 5.552699626280551692e-01 2.464553678306103897e+10
1.370000000000000000e+02 2.569999999999999840e+00 5.088000000000000000e+08 1.000000000000000000e+07 9.719810603679438499e-01 0.000000000000000000e+00 5.952887553111891290e-19 4.783140585238222229e+03 2.876204959637912673e+00 3.009659593573659897e+10
1.380000000000000000e+02 4.850000000000000533e+00 1.139100030000000000e+09 5.000000000000000000e+07 1.000000000000000888e-02 8.750000000000000000e-01 1.695218366531311369e-18 6.950176739798163180e+04 3.142037914676512855e+01 1.930839025065023661e+09
1.390000000000000000e+02 2.049999999999999822e+00 5.088000000000000000e+08 1.000000000000000000e+07 1.000000000000000888e-02 5.000000000000000000e-01 3.707102589073181053e-18 2.918796927820686960e+03 8.673612965755246762e+00 1.131383863418300301e+08
1.400000000000000000e+02 1.239999999999999991e+00 1.139100030000000000e+09 5.000000000000000000e+07 8.951846378503116597e-01 0.000000000000000000e+00 4.703029802608033919e-19 1.155448585399311924e+03 1.211161445026258943e-01 1.178788070262322187e+09
1.410000000000000000e+02 2.669999999999999929e+00 5.088000000000000000e+08 1.000000000000000000e+07 9.961961573539711567e-01 8.000000000000000444e-01 9.152411762094531821e-20 1.078755312538110729e+03 4.987688896900311364e-01 3.936886598235884094e+10
1.420000000000000000e+02 4.270000000000000462e+00 1.139100030000000000e+09 5.000000000000000000e+07 9.955456022925407433e-01 1.000000000000000000e+00 3.919757964448638742e-19 2.458011734722131678e+03 4.843701869456396913e+00 1.227564772105200684e+12
1.430000000000000000e+02 4.230000000000000426e+00 5.088000000000000000e+08 1.000000000000000000e+07 9.860116708098051186e-01 0.000000000000000000e+00 6.598455670895756756e-20 7.154498615665685293e+02 1.545989003892404234e+00 3.285513231434241867e+10
1.440000000000000000e+02 5.799999999999999600e-01 5.088000000000000000e+08 1.000000000000000000e+07 1.000000000000000000e+00 5.750000000000000666e-01 5.560437785008838616e-18 7.094281274144660756e+02 0.000000000000000000e+00 8.678257703472487628e+07
1.450000000000000000e+02 2.149999999999999911e+00 5.088000000000000000e+08 1.000000000000000000e+07 1.000000000000000888e-02 1.350000000000000089e+00 3.744908366481605883e-17 1.461904691880230894e+04 1.032750330307108158e+02 1.347116897263632298e+09
1.460000000000000000e+02 3.599999999999999867e-01 5.088000000000000000e+08 1.000000000000000000e+07 9.550459126142375466e-01 0.000000000000000000e+00 3.190176327291450496e-19 1.311287899187462699e+03 4.772920440414349895e-03 3.060506343129613623e+07
1.470000000000000000e+02 4.290000000000000036e+00 1.139100030000000000e+09 5.000000000000000000e+07 1.000000000000000888e-02 1.500000000000000000e+00 8.261561727044721974e-19 1.054639996058434463e+03 1.036182998294643909e+01 6.367531597473306656e+08
1.480000000000000000e+02 4.299999999999999933e-01 5.088000000000000000e+08 1.000000000000000000e+07 8.654560229254073533e-01 1.475000000000000089e+00 5.503089712744468737e-18 1.413400959903993908e+03 1.317739370839370594e-01 2.567563067012377977e+08
1.490000000000000000e+02 1.890000000000000124e+00 5.088000000000000000e+08 1.000000000000000000e+07 9.003521803856815442e-01 1.350000000000000089e+00 7.048174510652444969e-18 1.511759985209488150e+03 1.299268339883784051e+01 3.550681922301855469e+10
1.500000000000000000e+02 2.430000000000000160e+00 2.000000000000000000e+09 5.000000000000000000e+07 9.881223837605044302e-01 2.000000000000000111e-01 1.829021106351704714e-19 7.048270844587191277e+02 3.791942825063016054e-01 7.496028578288227844e+10
1.510000000000000000e+02 5.799999999999999600e-01 1.139100030000000000e+09 5.000000000000000000e+07 9.598812766372727401e-01 0.000000000000000000e+00 8.135834648278856815e-20 6.518693188877075499e+02 2.156755613878992128e-03 5.861115705803320557e+07
1.520000000000000000e+02 3.300000000000000155e-01 5.088000000000000000e+08 1.000000000000000000e+07 9.811596849687339583e-01 2.000000000000000111e-01 6.589033962530189485e-19 2.417590517424282098e+03 7.865132819174978224e-03 1.235123663031185716e+08
1.530000000000000000e+02 2.609999999999999876e+00 1.139100030000000000e+09 1.000000000000000000e+07 9.736921945229898290e-01 4.500000000000000111e-01 2.855771133019292441e-19 6.242345410917480422e+02 1.448630561209297340e+00 3.112844962708275223e+10
1.540000000000000000e+02 5.600000000000000533e-01 5.088000000000000000e+08 5.000000000000000000e+07 5.529118103851248245e-01 1.250000000000000000e-01 3.077909600100942246e-18 1.064111752170675572e+03 7.766425346094377180e-02 6.043008310782776028e+07
1.550000000000000000e+02 2.490000000000000213e+00 5.088000000000000000e+08 5.000000000000000000e+07 8.654560229254073533e-01 0.000000000000000000e+00 5.491211753740473103e-19 1.004771312410275414e+03 1.229280990004541385e+00 4.716860188370095253e+09
1.560000000000000000e+02 4.830000000000000071e+00 5.088000000000000000e+08 5.000000000000000000e+07 9.891070386914596613e-01 4.250000000000000444e-01 7.083641343262405086e-20 6.348609855446949268e+02 1.295767676309777849e+00 6.933542936833479309e+10
1.570000000000000000e+02 5.799999999999999600e-01 5.088000000000000000e+08 1.000000000000000000e+07 8.440413092562439878e-01 7.250000000000000888e-01 2.701394445141073561e-18 1.239769774760473638e+03 1.399056825846956842e-01 2.295728073075717092e+08
1.580000000000000000e+02 2.660000000000000142e+00 5.088000000000000000e+08 5.000000000000000000e+07 9.985184637850311740e-01 4.500000000000000111e-01 1.516075007420545233e-20 8.662139801998014264e+02 4.179220402605891144e-02 1.658511769954669571e+10
1.590000000000000000e+02 2.620000000000000107e+00 5.088000000000000000e+08 1.000000000000000000e+07 9.870913234723223129e-01 0.000000000000000000e+00 7.674483483710360537e-20 8.887535191092699733e+02 3.940212958847602587e-01 9.083640556114492416e+09
1.600000000000000000e+02 3.680000000000000160e+00 5.088000000000000000e+08 1.000000000000000000e+07 9.375564039925010640e-01 1.500000000000000000e+00 4.364741000865773480e-19 9.118742331846277693e+02 6.568426489708588001e+00 2.978556399771618271e+10
1.610000000000000000e+02 1.000000000000000000e+00 5.088000000000000000e+08 1.000000000000000000e+07 1.000000000000000000e+00 3.000000000000000444e-01 9.160954867273993646e-18 1.193626261972763132e+03 0.000000000000000000e+00 7.266170837383673191e+08
1.620000000000000000e+02 2.879999999999999893e+00 5.088000000000000000e+08 5.000000000000000000e+07 5.500741397856412362e-02 6.750000000000000444e-01 2.708498290249214846e-18 1.643528737695627115e+03 9.595639726740319730e+00 8.086271762807656527e+08
1.630000000000000000e+02 2.899999999999999800e-01 1.700000000000000000e+09 1.000000000000000000e+07 8.280299141390016215e-01 0.000000000000000000e+00 1.093281571866837936e-18 1.112272476868772856e+03 8.585815783876325075e-03 4.273941261253088713e+07
1.640000000000000000e+02 4.360000000000000320e+00 1.139100030000000000e+09 5.000000000000000000e+07 1.000000000000000888e-02 2.250000000000000056e-01 7.931992684857865876e-19 6.180925883378603430e+03 1.047419970977256831e+01 6.436584823336155415e+08
1.650000000000000000e+02 2.609999999999999876e+00 2.000000000000000000e+09 1.000000000000000000e+07 9.881223837605044302e-01 6.750000000000000444e-01 1.645662798434655499e-19 5.476576298169185293e+02 8.347858817163668066e-01 8.445572398299035645e+10
1.660000000000000000e+02 2.800000000000000266e-01 2.000000000000000000e+09 2.511900000000000000e+07 7.809132347232226046e-01 1.125000000000000000e+00 1.263929584918075179e-17 2.158759928110227975e+03 6.640286843274789685e-02 4.318860700821233988e+08
1.670000000000000000e+02 2.959999999999999964e+00 5.088000000000000000e+08 2.511900000000000000e+07 9.968174326144358943e-01 9.500000000000000666e-01 6.679411368214664058e-19 7.972833145059457820e+03 3.372622705173704993e+00 4.759319606554142456e+11
1.680000000000000000e+02 2.379999999999999893e+00 5.088000000000000000e+08 5.000000000000000000e+07 8.719615735397114875e-01 3.250000000000000111e-01 1.220431755093844324e-18 7.145004569342387413e+02 2.338886583833248434e+00 9.494527268012992859e+09
1.690000000000000000e+02 7.099999999999999645e-01 5.088000000000000000e+08 5.000000000000000000e+07 9.497440413925641867e-01 0.000000000000000000e+00 1.739788907264035822e-19 9.613839903969371790e+02 8.592217171440106119e-03 9.602765224784469604e+07
1.700000000000000000e+02 2.700000000000000178e-01 4.000000000000000000e+09 1.000000000000000000e+07 6.788688785174088469e-01 2.250000000000000056e-01 9.161445077525153716e-18 5.965231504429710185e+03 6.566693236968745850e-02 3.404028498285816908e+08
1.710000000000000000e+02 3.339999999999999858e+00 1.139100030000000000e+09 5.000000000000000000e+07 9.918029914139001590e-01 0.000000000000000000e+00 8.582563520124531881e-20 1.675627383118959415e+03 4.860577311461338756e-01 6.669991837955413055e+10
1.720000000000000000e+02 3.629999999999999893e+00 5.088000000000000000e+08 5.000000000000000000e+07 9.621369907677361777e-01 0.000000000000000000e+00 1.092499060132992509e-19 6.096667437267029754e+02 8.057718750155988818e-01 1.209505008749280930e+10
1.730000000000000000e+02 5.899999999999999689e-01 5.088000000000000000e+08 5.000000000000000000e+07 2.514224249708160164e-01 1.500000000000000000e+00 9.690587880545595620e-17 4.099509803154825022e+03 2.696872316517828772e+00 6.681199564135849476e+08
1.740000000000000000e+02 7.600000000000000089e-01 5.088000000000000000e+08 5.000000000000000000e+07 6.937722339831620122e-01 5.250000000000000222e-01 1.277947996298986745e-17 5.503501408360655660e+03 7.680459618257038379e-01 1.062837023838683844e+09
1.750000000000000000e+02 1.489999999999999991e+00 5.088000000000000000e+08 1.000000000000000000e+07 9.783772233983162314e-01 1.175000000000000044e+00 8.953942110462628401e-19 1.779305154725884677e+03 7.900958565733503525e-01 1.078125323734438133e+10
1.760000000000000000e+02 2.629999999999999893e+00 5.088000000000000000e+08 2.511900000000000000e+07 9.836973200810461559e-01 0.000000000000000000e+00 2.532209145928287771e-19 1.464260068945613057e+03 8.802406656704228061e-01 2.394786827773746872e+10
1.770000000000000000e+02 2.479999999999999982e+00 5.088000000000000000e+08 5.000000000000000000e+07 9.145007413978564204e-01 0.000000000000000000e+00 9.578361358957719614e-19 1.602675812046496731e+03 2.117249382940099789e+00 1.343857333310253334e+10
1.780000000000000000e+02 1.739999999999999991e+00 1.700000000000000000e+09 2.511900000000000000e+07 5.734841677598339071e-01 7.500000000000000000e-01 4.025542998227193501e-18 1.347044278913938570e+03 3.838414013391833191e+00 8.056254832120337486e+09
1.790000000000000000e+02 6.300000000000000044e-01 5.088000000000000000e+08 5.000000000000000000e+07 5.734841677598339071e-01 8.000000000000000444e-01 5.531558392843316460e-18 1.335933346581172373e+03 1.942745949805834704e-01 1.635033488071165681e+08
1.800000000000000000e+02 3.390000000000000124e+00 2.000000000000000000e+09 5.000000000000000000e+07 9.926219917125062020e-01 9.500000000000000666e-01 1.458883321870656590e-18 1.087490162327185089e+03 8.660697740312656379e+00 2.768494829098763672e+12
1.810000000000000000e+02 2.680000000000000160e+00 5.088000000000000000e+08 1.000000000000000000e+07 9.900473768503111893e-01 0.000000000000000000e+00 7.138146901223400124e-20 2.263579114847605524e+03 3.936146654010855839e-01 1.180349831880201149e+10
1.820000000000000000e+02 4.070000000000000284e+00 1.700000000000000000e+09 1.000000000000000000e+07 1.000000000000000888e-02 0.000000000000000000e+00 4.673215757992092225e-20 6.113592409863422290e+02 9.685542867070241480e-01 1.977968269336885586e+07
1.830000000000000000e+02 2.490000000000000213e+00 1.139100030000000000e+09 2.511900000000000000e+07 9.836973200810461559e-01 6.500000000000000222e-01 2.208821853427016835e-19 7.061348213665582989e+02 6.462590166830389782e-01 3.384259639097868729e+10
1.840000000000000000e+02 4.199999999999999845e-01 5.088000000000000000e+08 1.000000000000000000e+07 9.100000000000000311e-01 0.000000000000000000e+00 1.785735564396975255e-18 3.194972075561026486e+03 4.014969295501328445e-02 1.227383530795512348e+08
1.850000000000000000e+02 2.729999999999999982e+00 2.000000000000000000e+09 1.000000000000000000e+07 9.995287145194909906e-01 6.250000000000000000e-01 3.035740242138680459e-19 9.355861357081141250e+03 1.774534137742563855e+00 4.576430528537542969e+12
1.860000000000000000e+02 2.709999999999999964e+00 5.088000000000000000e+08 1.000000000000000000e+07 9.955456022925407433e-01 7.500000000000001110e-02 1.446133364966431788e-20 5.959610337420508586e+02 8.259412924658979249e-02 5.563678529346094131e+09
1.870000000000000000e+02 1.910000000000000142e+00 1.139100030000000000e+09 1.000000000000000000e+07 1.000000000000000888e-02 6.500000000000000222e-01 7.142102859559490553e-18 1.866357505847806578e+03 1.360502508150106316e+01 2.157991648561201990e+08
1.880000000000000000e+02 4.299999999999999933e-01 1.139100030000000000e+09 1.000000000000000000e+07 1.390364100439194228e-01 6.500000000000000222e-01 2.865907274023730330e-17 1.574970710065945013e+03 6.862542762859308310e-01 7.117416275778771937e+07
1.890000000000000000e+02 2.629999999999999893e+00 1.139100030000000000e+09 1.000000000000000000e+07 9.926219917125062020e-01 7.500000000000001110e-02 1.739664144306885140e-19 1.914761564816484452e+03 9.039675597269760665e-01 7.058523221952340698e+10
1.900000000000000000e+02 2.510000000000000231e+00 5.088000000000000000e+08 1.000000000000000000e+07 1.000000000000000000e+00 0.000000000000000000e+00 3.510771727265666728e-18 1.196614335514046161e+03 0.000000000000000000e+00 4.745157404033026695e+09
1.910000000000000000e+02 2.510000000000000231e+00 2.000000000000000000e+09 5.000000000000000000e+07 8.515106807538886935e-01 7.500000000000000000e-01 2.781752197696124113e-18 1.404827419287288649e+03 6.386188565260506600e+00 8.731841074604859924e+10
1.920000000000000000e+02 4.799999999999999822e-01 5.088000000000000000e+08 1.000000000000000000e+07 1.000000000000000888e-02 1.200000000000000178e+00 6.566538525053510678e-17 2.115507934155401927e+03 2.116932047415992280e+00 2.761320764317699149e+07
1.930000000000000000e+02 2.410000000000000142e+00 5.088000000000000000e+08 1.000000000000000000e+07 8.440413092562439878e-01 5.000000000000000000e-01 2.265531958243536721e-18 1.786105026668177516e+03 8.940688006424370116e+00 1.467087545678081703e+10
1.940000000000000000e+02 4.270000000000000462e+00 5.088000000000000000e+08 5.000000000000000000e+07 9.408169029081063783e-01 4.500000000000000111e-01 1.782908227258270943e-19 2.360724459413563181e+03 2.203165601490095771e+00 2.072971375082266617e+10
1.950000000000000000e+02 2.520000000000000018e+00 5.088000000000000000e+08 1.000000000000000000e+07 1.000000000000000000e+00 0.000000000000000000e+00 1.182353991845164801e-17 3.372455990102102533e+03 0.000000000000000000e+00 1.618206817715853500e+10
1.960000000000000000e+02 1.729999999999999982e+00 4.000000000000000000e+09 2.511900000000000000e+07 4.851925397502274695e-01 1.500000000000000000e+00 3.053085939332195957e-17 1.704598606980119484e+03 2.859544256774333704e+01 9.931354822029901123e+10
1.970000000000000000e+02 4.700000000000000289e-01 5.088000000000000000e+08 1.000000000000000000e+07 7.701167080980508839e-01 0.000000000000000000e+00 1.308215328731654406e-18 1.242228400499069949e+03 3.982647301680806995e-02 4.060484999582473189e+07
1.980000000000000000e+02 4.940000000000000391e+00 1.139100030000000000e+09 5.000000000000000000e+07 1.000000000000000888e-02 5.750000000000000666e-01 6.861841586713955134e-20 6.423966567402115970e+02 1.348523437878349718e+00 8.286919988801082969e+07
1.990000000000000000e+02 2.100000000000000089e+00 2.000000000000000000e+09 1.000000000000000000e+07 9.891070386914596613e-01 5.000000000000000278e-02 2.032523194423271444e-19 1.406870461412181612e+03 5.206984734134463277e-01 5.749797948215624237e+10
2.000000000000000000e+02 1.100000000000000089e+00 1.700000000000000000e+09 5.000000000000000000e+07 9.701892829446502331e-01 0.000000000000000000e+00 1.131902606749113999e-18 2.035910864532070491e+03 2.028985412643755371e-01 1.332057373867294502e+10
2.010000000000000000e+02 5.000000000000000000e-01 5.088000000000000000e+08 5.000000000000000000e+07 7.469732008104619236e-01 7.750000000000000222e-01 3.006065151176609268e-18 9.710311142034964860e+02 5.545909879822270849e-02 9.916385604234956205e+07
2.020000000000000000e+02 2.300000000000000266e+00 5.088000000000000000e+08 1.000000000000000000e+07 5.500741397856412362e-02 9.000000000000000222e-01 4.264036096379873758e-18 2.000844263477505137e+03 1.452957000041976166e+01 4.001675041040740013e+08
2.030000000000000000e+02 5.999999999999999778e-01 5.088000000000000000e+08 1.000000000000000000e+07 9.663484167759833765e-01 1.250000000000000000e-01 4.586536888338368644e-19 1.786442724417569252e+03 2.742455884955517093e-02 2.375995751487016082e+08
2.040000000000000000e+02 5.300000000000000266e-01 5.088000000000000000e+08 5.000000000000000000e+07 7.345771296661833816e-01 0.000000000000000000e+00 1.305242266977935832e-18 1.077176745559464052e+03 2.826936813861976802e-02 4.747516135161281377e+07
2.050000000000000000e+02 1.189999999999999947e+00 5.088000000000000000e+08 5.000000000000000000e+07 5.313699076773616969e-01 6.000000000000000888e-01 1.322410797591048938e-17 3.436515385166647320e+03 2.929952751155266100e+00 2.102422346780365467e+09
2.060000000000000000e+02 5.700000000000000622e-01 4.000000000000000000e+09 1.000000000000000000e+07 1.000000000000000888e-02 9.750000000000000888e-01 1.902669461440266789e-17 1.326167808792506321e+03 9.853957840723793771e-01 3.421410210040646791e+07
2.070000000000000000e+02 2.600000000000000089e+00 5.088000000000000000e+08 5.000000000000000000e+07 9.268236228897329676e-01 0.000000000000000000e+00 3.234420808017902699e-19 9.802547089191474470e+02 8.297101386482075291e-01 6.228445678996652603e+09
2.080000000000000000e+02 2.459999999999999964e+00 5.088000000000000000e+08 1.000000000000000000e+07 9.408169029081063783e-01 0.000000000000000000e+00 1.853617979664533010e-19 1.024764680633571288e+03 7.803336691804896308e-01 3.746015733727310181e+09
2.090000000000000000e+02 2.870000000000000107e+00 1.139100030000000000e+09 5.000000000000000000e+07 9.881223837605044302e-01 1.500000000000000000e+00 3.217269244240234371e-18 2.104779946203635973e+03 1.127349327735184836e+01 1.063847267606123413e+12
2.100000000000000000e+02 1.600000000000000089e+00 2.000000000000000000e+09 5.000000000000000000e+07 8.194539282036752414e-01 1.500000000000000222e-01 4.209835932380427592e-14 1.608194965229334831e+08 2.368574458677928124e+04 2.565729913907655312e+14
2.110000000000000000e+02 1.630000000000000115e+00 4.000000000000000000e+09 1.000000000000000000e+07 1.000000000000000888e-02 8.750000000000000000e-01 2.416741990371694552e-14 1.687312583755327761e+07 2.813500153013769159e+04 9.768803870552354736e+11
2.120000000000000000e+02 2.510000000000000231e+00 5.088000000000000000e+08 2.511900000000000000e+07 9.683130616529664891e-01 4.750000000000000333e-01 7.778787853838408046e-19 1.275344166808544969e+03 2.333985621528115395e+00 3.218749873935240173e+10
2.130000000000000000e+02 6.300000000000000044e-01 5.088000000000000000e+08 1.000000000000000000e+07 1.000000000000000000e+00 0.000000000000000000e+00 9.769139876785718650e-18 1.541640699122652586e+04 0.000000000000000000e+00 2.019991638996080756e+08
2.140000000000000000e+02 2.540000000000000036e+00 5.088000000000000000e+08 5.000000000000000000e+07 9.768868878517409371e-01 4.250000000000000444e-01 4.864530273413086469e-19 1.240903870163417423e+03 1.159356644732126407e+00 2.890676048291594696e+10
2.150000000000000000e+02 2.189999999999999947e+00 5.088000000000000000e+08 1.000000000000000000e+07 1.000000000000000888e-02 1.100000000000000089e+00 2.387394129793270888e-16 2.048678369474016654e+04 6.975401666421935261e+02 9.098696145895786285e+09
2.160000000000000000e+02 2.339999999999999858e+00 5.088000000000000000e+08 5.000000000000000000e+07 9.341422424970816651e-01 3.750000000000000000e-01 6.212116391735671351e-19 8.805675197617841832e+02 1.128501748841457486e+00 9.480376586958890915e+09
2.170000000000000000e+02 2.999999999999999889e-02 1.139100030000000000e+09 5.000000000000000000e+07 8.951846378503116597e-01 1.500000000000000000e+00 1.748020455259792229e-17 4.087810649703927538e+03 4.725467688507214905e-04 4.599159724326930009e+06
2.180000000000000000e+02 1.880000000000000115e+00 1.139100030000000000e+09 1.000000000000000000e+07 1.000000000000000888e-02 8.500000000000000888e-01 1.192911512871716081e-17 2.284859396176778773e+03 2.162971557804073086e+01 3.430845977758102417e+08
2.190000000000000000e+02 2.250000000000000000e+00 1.139100030000000000e+09 5.000000000000000000e+07 9.598812766372727401e-01 1.500000000000000222e-01 1.537646717145418856e-18 3.435572684791479332e+03 2.503071652261298130e+00 6.802250787901689148e+10
2.200000000000000000e+02 1.530000000000000027e+00 5.088000000000000000e+08 5.000000000000000000e+07 9.439306551992403538e-01 1.500000000000000000e+00 1.075483581113907426e-17 2.025792209508737869e+03 5.270572215912737946e+00 5.250279995472779846e+10
2.210000000000000000e+02 3.370000000000000107e+00 2.000000000000000000e+09 5.000000000000000000e+07 1.000000000000000888e-02 0.000000000000000000e+00 4.422763923798646141e-20 5.888898491761734704e+02 2.576779694882751492e-01 1.906719736391652375e+07
2.220000000000000000e+02 1.939999999999999947e+00 2.000000000000000000e+09 1.000000000000000000e+07 1.000000000000000888e-02 8.750000000000000000e-01 5.438509744374074602e-18 1.446238287670083309e+03 1.087588175823175263e+01 2.423441880649097562e+08
2.230000000000000000e+02 4.799999999999999822e-01 5.088000000000000000e+08 5.000000000000000000e+07 8.719615735397114875e-01 5.500000000000000444e-01 2.131106324902633573e-18 1.349642272981389169e+03 3.516632703146173322e-02 1.427549558084431291e+08
2.240000000000000000e+02 4.899999999999999911e-01 5.088000000000000000e+08 1.000000000000000000e+07 1.000000000000000000e+00 6.500000000000000222e-01 8.156228684222345354e-17 4.708138581588464149e+03 0.000000000000000000e+00 8.382509723546600342e+08
2.250000000000000000e+02 5.999999999999999778e-01 5.088000000000000000e+08 1.000000000000000000e+07 5.088127663727277650e-01 1.325000000000000178e+00 1.006693667451795472e-16 7.360068910846056497e+03 6.019384646551547924e+00 1.939247710190592527e+09
2.260000000000000000e+02 1.169999999999999929e+00 5.088000000000000000e+08 1.000000000000000000e+07 8.897735565382587364e-01 4.500000000000000111e-01 3.980726001465857974e-18 4.427479497070286016e+03 1.636243222212018456e+00 3.996680379877206326e+09
2.270000000000000000e+02 4.899999999999999911e-01 5.088000000000000000e+08 1.000000000000000000e+07 9.753263149547468647e-01 0.000000000000000000e+00 1.719698578056606165e-19 6.430730588677015476e+02 5.864902539490310894e-03 6.992256570363457501e+07
2.280000000000000000e+02 1.150000000000000133e+00 4.000000000000000000e+09 5.000000000000000000e+07 9.100000000000000311e-01 1.500000000000000000e+00 2.999348217203007099e-17 2.524451803579238458e+03 6.147545373925968448e+00 2.975105934685653076e+11
2.290000000000000000e+02 4.299999999999999933e-01 5.088000000000000000e+08 5.000000000000000000e+07 6.118928294465026951e-01 0.000000000000000000e+00 8.868822715130421878e-19 7.293616017001666023e+02 1.087027106662655750e-02 1.063345867448305525e+07
2.300000000000000000e+02 5.200000000000000178e-01 5.088000000000000000e+08 5.000000000000000000e+07 9.497440413925641867e-01 2.000000000000000111e-01 3.551450558674373876e-19 1.214178818115580043e+03 7.297913059980346701e-03 8.156235386929105222e+07
2.310000000000000000e+02 4.600000000000000200e-01 5.088000000000000000e+08 1.000000000000000000e+07 8.654560229254073533e-01 7.000000000000000666e-01 3.851028929111504843e-18 1.499746277463042361e+03 1.105947804694293879e-01 2.154895573597176373e+08
2.320000000000000000e+02 1.199999999999999956e+00 5.088000000000000000e+08 2.511900000000000000e+07 7.080048279597983552e-01 3.750000000000000000e-01 8.160016574976854431e-19 5.928301164306107012e+02 2.486326986747465495e-01 2.778146432142815590e+08
2.330000000000000000e+02 5.799999999999999600e-01 5.088000000000000000e+08 1.000000000000000000e+07 1.000000000000000000e+00 5.750000000000000666e-01 1.130945099265124821e-17 1.003037219860209575e+03 0.000000000000000000e+00 1.765082786532144547e+08
2.340000000000000000e+02 2.450000000000000178e+00 5.088000000000000000e+08 1.000000000000000000e+07 9.926219917125062020e-01 0.000000000000000000e+00 1.953077440019939962e-19 1.517210546147906598e+03 8.117311293849349685e-01 3.291851722987969208e+10
2.350000000000000000e+02 4.100000000000000311e-01 5.088000000000000000e+08 1.000000000000000000e+07 8.010703869145960887e-01 5.000000000000000278e-02 1.498744589207408908e-18 9.864437204739813296e+02 3.159901038302617704e-02 3.866206583321530372e+07
2.360000000000000000e+02 2.560000000000000053e+00 2.000000000000000000e+09 5.000000000000000000e+07 9.961961573539711567e-01 2.500000000000000000e-01 7.682083606444055551e-20 7.136783733797462901e+02 1.876666772315224441e-01 1.167676472134677429e+11
2.370000000000000000e+02 9.899999999999999911e-01 1.700000000000000000e+09 5.000000000000000000e+07 8.586438751563791882e-01 0.000000000000000000e+00 2.345224754898125473e-18 3.228363199318001534e+03 3.066265186204726323e-01 3.769702697418539524e+09
2.380000000000000000e+02 2.939999999999999947e+00 5.088000000000000000e+08 1.000000000000000000e+07 1.000000000000000000e+00 0.000000000000000000e+00 5.602783872241405730e-18 7.137121126352413967e+02 0.000000000000000000e+00 1.247337313105359268e+10
2.390000000000000000e+02 2.709999999999999964e+00 5.088000000000000000e+08 5.000000000000000000e+07 9.900473768503111893e-01 4.250000000000000444e-01 9.708266077171469638e-20 9.463385840643732081e+02 2.838141047766105651e-01 1.663595521854583931e+10
2.400000000000000000e+02 6.300000000000000044e-01 1.139100030000000000e+09 5.000000000000000000e+07 9.187989160644089992e-01 1.500000000000000000e+00 2.618463951526111517e-18 9.880289598175386345e+02 9.196341926212811546e-02 1.184328954974307060e+09
2.410000000000000000e+02 7.900000000000000355e-01 5.088000000000000000e+08 5.000000000000000000e+07 9.811596849687339583e-01 3.250000000000000111e-01 1.111821593630078776e-19 9.719197451974318938e+02 7.476952495447702213e-03 2.296193843784175515e+08
2.420000000000000000e+02 5.200000000000000178e-01 5.088000000000000000e+08 2.511900000000000000e+07 9.003521803856815442e-01 6.000000000000000888e-01 1.030710483429261886e-18 1.022989246352895975e+03 2.768168717309695687e-02 1.133629143876025826e+08
2.430000000000000000e+02 2.800000000000000266e-01 5.088000000000000000e+08 1.000000000000000000e+07 1.000000000000000888e-02 0.000000000000000000e+00 -2.761112286603704519e-16 9.415379917581830025e+08 -2.168371082199525457e+00 -2.828417710116034374e+07
2.440000000000000000e+02 2.800000000000000266e-01 5.088000000000000000e+08 1.000000000000000000e+07 1.000000000000000888e-02 0.000000000000000000e+00 -1.562702038763228713e-16 7.210627941213312149e+08 -1.227229304432403412e+00 -1.600794775177043490e+07
2.450000000000000000e+02 2.490000000000000213e+00 5.088000000000000000e+08 5.000000000000000000e+07 7.588113568490419958e-01 8.250000000000000666e-01 1.854426540014381715e-18 1.281775940833121240e+03 4.151381143600522350e+00 7.897001915228174210e+09
2.460000000000000000e+02 2.500000000000000000e-01 5.088000000000000000e+08 1.000000000000000000e+07 1.000000000000000888e-02 0.000000000000000000e+00 -1.052685764875606719e-16 2.135584919971765578e+08 -6.228913234938402432e-01 -8.124978539468824863e+06
2.470000000000000000e+02 3.800000000000000044e-01 4.000000000000000000e+09 1.000000000000000000e+07 1.000000000000000000e+00 0.000000000000000000e+00 5.186567989369467623e-18 9.999056410618370592e+02 0.000000000000000000e+00 2.188469713025837541e+08
2.480000000000000000e+02 3.099999999999999978e-01 5.088000000000000000e+08 1.000000000000000000e+07 1.000000000000000888e-02 0.000000000000000000e+00 -6.341597228225698684e-17 1.708568132179912329e+08 -6.447292574047339686e-01 -8.409831992519218475e+06
2.490000000000000000e+02 1.989999999999999991e+00 5.088000000000000000e+08 5.000000000000000000e+07 7.345771296661833816e-01 1.000000000000000000e+00 1.025015636750976791e-17 2.058214896119478453e+03 1.135971459821528384e+01 1.907733773227777481e+10
2.500000000000000000e+02 3.439999999999999947e+00 1.139100030000000000e+09 5.000000000000000000e+07 9.881223837605044302e-01 1.150000000000000133e+00 5.901616522167083004e-19 1.276823682395413016e+03 3.670036496670620707e+00 3.463308313530059814e+11
2.510000000000000000e+02 1.949999999999999956e+00 5.088000000000000000e+08 5.000000000000000000e+07 5.931306165296644783e-01 9.750000000000000888e-01 9.298647474036726277e-18 1.981764563315406122e+03 9.672162332897551451e+00 8.784860945875833511e+09
2.520000000000000000e+02 7.199999999999999734e-01 5.088000000000000000e+08 1.000000000000000000e+07 1.000000000000000000e+00 0.000000000000000000e+00 2.095211262839484038e-18 6.365434550924699124e+02 0.000000000000000000e+00 6.342016069512195140e+07
2.530000000000000000e+02 4.600000000000000200e-01 5.088000000000000000e+08 1.000000000000000000e+07 8.841074588205832807e-01 6.750000000000000444e-01 2.712548862926671271e-18 1.259993478265671683e+03 7.789963449513451210e-02 1.798648136100413799e+08
2.540000000000000000e+02 2.459999999999999964e+00 2.000000000000000000e+09 1.000000000000000000e+07 9.941510680753888884e-01 1.025000000000000133e+00 3.233165328580553657e-19 1.421278377625283611e+03 1.361093705173818558e+00 2.813289794788539429e+11
2.550000000000000000e+02 6.099999999999999867e-01 5.088000000000000000e+08 1.000000000000000000e+07 9.439306551992403538e-01 6.250000000000000000e-01 3.838513177468072088e-19 8.054060767437215418e+02 2.404478117865544232e-02 1.222269118682372868e+08
2.560000000000000000e+02 2.520000000000000018e+00 5.088000000000000000e+08 5.000000000000000000e+07 9.100000000000000311e-01 1.175000000000000044e+00 1.194102010134745507e-18 6.596795154954760392e+02 2.775896064006386332e+00 1.666323732990530968e+10
2.570000000000000000e+02 6.800000000000000488e-01 5.088000000000000000e+08 1.000000000000000000e+07 8.010703869145960887e-01 4.250000000000000444e-01 8.441285433550093320e-19 1.041681875376504649e+03 7.196860566688252636e-02 8.805513009712344408e+07
2.580000000000000000e+02 2.390000000000000124e+00 1.139100030000000000e+09 1.000000000000000000e+07 9.100000000000000311e-01 1.500000000000000000e+00 3.920034609437354552e-18 1.208577790175889731e+03 1.506984104292262394e+01 8.857429588243304443e+10
2.590000000000000000e+02 5.100000000000000089e-01 5.088000000000000000e+08 1.000000000000000000e+07 1.000000000000000888e-02 1.200000000000000178e+00 8.133118220749253715e-17 1.797613122811518451e+03 3.095182190932089572e+00 4.037347756910602748e+07
2.600000000000000000e+02 4.400000000000000022e-01 5.088000000000000000e+08 1.000000000000000000e+07 9.979773556538258372e-01 2.250000000000000056e-01 2.295761515035262514e-20 1.557045531595810644e+03 5.847495491938430393e-04 8.695137814004954696e+07
2.610000000000000000e+02 2.300000000000000266e+00 2.000000000000000000e+09 1.000000000000000000e+07 9.439306551992403538e-01 1.475000000000000089e+00 7.760430649504535567e-18 4.051447341297169714e+03 2.644342538542478138e+01 5.415942364581284790e+11
2.620000000000000000e+02 4.509999999999999787e+00 1.139100030000000000e+09 5.000000000000000000e+07 1.000000000000000888e-02 0.000000000000000000e+00 -4.245771126177301532e-19 4.776909590879010409e+07 -6.199777839112079469e+00 -3.809875413207212090e+08
2.630000000000000000e+02 3.400000000000000244e-01 5.088000000000000000e+08 1.000000000000000000e+07 1.000000000000000888e-02 0.000000000000000000e+00 -9.383145838103344430e-17 2.344790944824153185e+08 -1.209882733970745416e+00 -1.578167952901881374e+07
2.640000000000000000e+02 3.300000000000000155e-01 5.088000000000000000e+08 1.000000000000000000e+07 1.000000000000000888e-02 0.000000000000000000e+00 -1.968312956190115340e-16 1.112978967685989380e+09 -2.349516320324668062e+00 -3.064703096792849526e+07
2.650000000000000000e+02 3.300000000000000155e-01 5.088000000000000000e+08 1.000000000000000000e+07 1.000000000000000888e-02 0.000000000000000000e+00 -2.305750640450388034e-16 1.056954107126010537e+09 -2.752305594138448885e+00 -3.590100398413404822e+07
2.660000000000000000e+02 2.629999999999999893e+00 5.088000000000000000e+08 2.511900000000000000e+07 9.811596849687339583e-01 7.500000000000000000e-01 5.291915634351003494e-19 1.122293743549757664e+03 1.839563429483310308e+00 4.320090621890259552e+10
2.670000000000000000e+02 3.400000000000000244e-01 5.088000000000000000e+08 1.000000000000000000e+07 1.000000000000000888e-02 0.000000000000000000e+00 -2.714702814311276409e-17 1.506425667995174229e+07 -3.500395410630117721e-01 -4.565906847361330874e+06
2.680000000000000000e+02 2.330000000000000071e+00 5.088000000000000000e+08 1.000000000000000000e+07 5.734841677598339071e-01 1.100000000000000089e+00 1.566553258772284798e-14 2.739402219706825912e+07 5.559763846740623558e+04 2.308377865271069141e+13
2.690000000000000000e+02 2.339999999999999858e+00 5.088000000000000000e+08 1.000000000000000000e+07 6.469219452298986539e-01 1.200000000000000178e+00 1.354954947171038805e-14 2.727569958436338231e+07 4.808792479323505540e+04 2.703264443518832812e+13
2.700000000000000000e+02 3.359999999999999876e+00 2.000000000000000000e+09 5.000000000000000000e+07 1.000000000000000888e-02 1.100000000000000089e+00 1.592248860375419875e-18 1.225855704696915609e+03 9.189719347297154783e+00 6.800045532099317312e+08
2.710000000000000000e+02 3.729999999999999982e+00 1.700000000000000000e+09 5.000000000000000000e+07 1.000000000000000888e-02 6.000000000000000888e-01 3.220856808609483647e-19 6.803498290148825163e+02 2.589632899633174112e+00 1.822085258938242495e+08
2.720000000000000000e+02 1.090000000000000080e+00 2.000000000000000000e+09 2.511900000000000000e+07 9.900473768503111893e-01 5.250000000000000222e-01 9.995995578818901843e-19 2.119484701216064877e+03 2.278391464896949159e-01 4.120237828781169128e+10
2.730000000000000000e+02 3.379999999999999893e+00 5.088000000000000000e+08 5.000000000000000000e+07 8.010703869145960887e-01 1.500000000000000000e+00 1.912706506251600323e-18 1.172443856427252740e+03 1.124895511218194422e+01 2.723153525674362946e+10
2.740000000000000000e+02 4.299999999999999933e-01 5.088000000000000000e+08 1.000000000000000000e+07 1.000000000000000000e+00 3.750000000000000000e-01 8.883130917000516413e-18 1.099039163052327694e+03 0.000000000000000000e+00 6.410105775643877685e+07
2.750000000000000000e+02 7.000000000000000666e-01 1.700000000000000000e+09 1.000000000000000000e+07 1.000000000000000000e+00 1.750000000000000167e-01 5.882744300878785736e-18 1.657928435467295003e+03 0.000000000000000000e+00 5.622567336022347212e+08
2.760000000000000000e+02 6.199999999999999956e-01 5.088000000000000000e+08 5.000000000000000000e+07 2.156717652757182968e-01 1.500000000000000000e+00 3.550001640269692192e-17 1.603610269571955996e+03 1.191669539319718751e+00 2.525029269376131892e+08
2.770000000000000000e+02 4.240000000000000213e+00 1.139100030000000000e+09 5.000000000000000000e+07 1.000000000000000888e-02 5.500000000000000444e-01 1.482806724571400699e-19 5.662050507241284549e+02 1.791686958187037604e+00 1.101023983004274070e+08
2.780000000000000000e+02 4.709999999999999964e+00 1.139100030000000000e+09 1.000000000000000000e+07 1.000000000000000000e+00 3.000000000000000444e-01 2.041014811654950829e-15 1.170713643907240339e+03 0.000000000000000000e+00 3.906909888853314062e+13
2.790000000000000000e+02 2.839999999999999858e+00 5.088000000000000000e+08 5.000000000000000000e+07 9.941510680753888884e-01 0.000000000000000000e+00 5.105983817173038291e-20 8.239020640374606046e+02 1.730731408424471818e-01 1.732794926295167542e+10
2.800000000000000000e+02 5.000000000000000000e-01 5.088000000000000000e+08 1.000000000000000000e+07 1.000000000000000000e+00 0.000000000000000000e+00 3.874908366281411090e-18 7.333581303096887041e+02 0.000000000000000000e+00 4.208822290582770854e+07
2.810000000000000000e+02 4.990000000000000213e+00 1.139100030000000000e+09 1.000000000000000000e+07 1.000000000000000000e+00 5.500000000000000444e-01 9.773824123708028040e-16 8.231475039415790889e+02 0.000000000000000000e+00 2.248651857841446094e+13
2.820000000000000000e+02 2.270000000000000018e+00 5.088000000000000000e+08 5.000000000000000000e+07 9.598812766372727401e-01 2.250000000000000056e-01 5.432291565137148864e-19 1.354670026756877405e+03 9.092072346363295754e-01 1.285277359931179428e+10
2.830000000000000000e+02 1.320000000000000062e+00 5.088000000000000000e+08 5.000000000000000000e+07 5.313699076773616969e-01 8.500000000000000888e-01 3.802210455688364804e-18 8.512412017936885604e+02 1.184584925640511877e+00 8.500129629543608427e+08
2.840000000000000000e+02 4.600000000000000200e-01 5.088000000000000000e+08 2.511900000000000000e+07 8.719615735397114875e-01 3.750000000000000000e-01 1.356485218762588367e-18 1.043598629452976184e+03 2.606077567200457135e-02 8.060235083038157225e+07
2.850000000000000000e+02 4.199999999999999845e-01 5.088000000000000000e+08 1.000000000000000000e+07 1.000000000000000000e+00 5.500000000000000444e-01 1.418116163597414155e-17 1.488416984212706893e+03 0.000000000000000000e+00 9.608444631267872453e+07
2.860000000000000000e+02 3.800000000000000044e-01 5.088000000000000000e+08 1.000000000000000000e+07 8.951846378503116597e-01 1.000000000000000056e-01 9.528188600156079806e-19 1.124673666202076674e+03 1.642731026048096024e-02 4.244382206521775573e+07
2.870000000000000000e+02 3.439999999999999947e+00 5.088000000000000000e+08 5.000000000000000000e+07 9.881223837605044302e-01 1.500000000000000000e+00 4.791057471949705325e-18 4.099022515576995829e+03 2.979413473182642846e+01 1.460764088838735596e+12
2.880000000000000000e+02 1.050000000000000044e+00 2.000000000000000000e+09 5.000000000000000000e+07 9.848811356849042076e-01 5.250000000000000222e-01 1.473055080649192043e-18 1.622011796667959516e+03 2.296235583065761865e-01 3.554671989592909241e+10
2.890000000000000000e+02 2.220000000000000195e+00 2.000000000000000000e+09 1.000000000000000000e+07 1.000000000000000888e-02 1.300000000000000044e+00 1.379849435332040639e-17 2.416888182590843826e+03 4.207332658152877514e+01 9.375080013050937653e+08
2.900000000000000000e+02 1.370000000000000107e+00 5.088000000000000000e+08 1.000000000000000000e+07 1.000000000000000000e+00 1.500000000000000000e+00 2.621296914227055033e-16 2.602582606373028739e+03 0.000000000000000000e+00 5.386795975440226746e+10
2.910000000000000000e+02 4.429999999999999716e+00 5.088000000000000000e+08 5.000000000000000000e+07 9.961961573539711567e-01 3.000000000000000444e-01 8.966048283699406726e-20 9.903949834421431433e+02 1.236595793316797032e+00 1.907285152038970642e+11
2.920000000000000000e+02 1.209999999999999964e+00 1.139100030000000000e+09 5.000000000000000000e+07 8.841074588205832807e-01 1.500000000000000000e+00 1.541805040388926712e-17 1.685411365492963569e+03 3.686055210725784459e+00 3.206446764650479507e+10
2.930000000000000000e+02 1.860000000000000098e+00 5.088000000000000000e+08 1.000000000000000000e+07 1.000000000000000888e-02 1.025000000000000133e+00 3.160179295928460722e-18 1.074573265226568310e+03 5.542235858533686610e+00 7.229278320764100552e+07
2.940000000000000000e+02 1.189999999999999947e+00 1.139100030000000000e+09 5.000000000000000000e+07 8.897735565382587364e-01 1.500000000000000000e+00 2.168307884349357484e-17 2.060395760998166224e+03 4.804134738368728286e+00 4.420631584887915802e+10
2.950000000000000000e+02 1.409999999999999920e+00 5.088000000000000000e+08 1.000000000000000000e+07 9.550459126142375466e-01 1.500000000000000000e+00 8.769771230813807227e-18 1.828756365233869928e+03 6.531609861595502942e+00 4.188218442318217468e+10
2.960000000000000000e+02 2.660000000000000142e+00 5.088000000000000000e+08 1.000000000000000000e+07 9.836973200810461559e-01 0.000000000000000000e+00 1.856057685879978642e-19 1.422970083282933274e+03 9.995731582430981144e-01 1.818578489134476852e+10
2.970000000000000000e+02 2.510000000000000231e+00 5.088000000000000000e+08 1.000000000000000000e+07 9.621369907677361777e-01 0.000000000000000000e+00 5.006693858947910678e-19 4.065799348215681675e+03 2.245550690668209448e+00 1.721819480939381790e+10
2.980000000000000000e+02 2.450000000000000178e+00 1.700000000000000000e+09 5.000000000000000000e+07 9.968174326144358943e-01 1.000000000000000000e+00 2.155252633834696205e-19 6.139034183249290209e+02 4.585032238781324709e-01 2.894968717111279907e+11
2.990000000000000000e+02 4.600000000000000200e-01 5.088000000000000000e+08 1.000000000000000000e+07 1.000000000000000000e+00 6.250000000000000000e-01 1.093052437690053152e-17 1.046614980941689510e+03 0.000000000000000000e+00 9.459649635081696510e+07
3.000000000000000000e+02 5.000000000000000000e-01 5.088000000000000000e+08 1.000000000000000000e+07 1.000000000000000000e+00 2.250000000000000056e-01 7.569631827218102359e-18 1.127002041453964694e+03 0.000000000000000000e+00 8.221932534749028087e+07
3.010000000000000000e+02 6.300000000000000044e-01 5.088000000000000000e+08 2.511900000000000000e+07 5.313699076773616969e-01 1.500000000000000000e+00 4.907322629787508832e-16 1.169959267981722769e+04 2.252558471886688096e+01 1.207129742808475494e+10
3.020000000000000000e+02 1.610000000000000098e+00 4.000000000000000000e+09 5.000000000000000000e+07 8.515106807538886935e-01 3.000000000000000444e-01 5.834298655887379621e-14 1.013222202255582809e+08 3.346375489932792698e+04 9.192077518016372500e+14
3.030000000000000000e+02 4.410000000000000142e+00 5.088000000000000000e+08 5.000000000000000000e+07 9.719810603679438499e-01 0.000000000000000000e+00 2.171667597133101032e-20 6.047498355765534370e+02 2.973649120681345348e-01 6.088109900014559746e+09
3.040000000000000000e+02 1.520000000000000018e+00 5.088000000000000000e+08 5.000000000000000000e+07 9.719810603679438499e-01 1.275000000000000133e+00 6.875339541971683326e-18 2.310999893337545473e+03 3.301955559405904683e+00 6.760269122142131042e+10
3.050000000000000000e+02 2.180000000000000160e+00 5.088000000000000000e+08 1.000000000000000000e+07 1.000000000000000888e-02 9.750000000000000888e-01 8.919288661326668314e-18 1.448956011568219310e+03 2.568882418673240409e+01 3.350843676079114079e+08
3.060000000000000000e+02 5.999999999999999778e-01 5.088000000000000000e+08 5.000000000000000000e+07 5.313699076773616969e-01 1.500000000000000000e+00 1.805040491480744084e-16 3.397484080502302277e+03 5.524502565704479728e+00 3.964172338411561966e+09
3.070000000000000000e+02 4.169999999999999929e+00 1.700000000000000000e+09 5.000000000000000000e+07 1.000000000000000888e-02 1.350000000000000089e+00 7.819461691075739885e-19 6.808415262948227564e+02 8.961044824700067579e+00 6.305058791183754206e+08
3.080000000000000000e+02 3.350000000000000089e+00 2.000000000000000000e+09 5.000000000000000000e+07 9.881223837605044302e-01 1.050000000000000044e+00 1.777940092317498715e-18 8.994722307307766869e+02 1.016492583030332497e+01 2.009433634297153809e+12
3.090000000000000000e+02 3.089999999999999858e+00 2.000000000000000000e+09 2.511900000000000000e+07 9.753263149547468647e-01 0.000000000000000000e+00 1.541432300372781511e-19 1.351110344670383347e+04 8.916982878873763729e-01 6.409156182504109955e+10
3.100000000000000000e+02 7.900000000000000355e-01 4.000000000000000000e+09 1.000000000000000000e+07 8.841074588205832807e-01 0.000000000000000000e+00 3.025920084512728439e-19 7.413774342282617908e+02 3.975534249589075114e-02 7.426462073271366358e+08
3.110000000000000000e+02 1.130000000000000115e+00 4.000000000000000000e+09 1.000000000000000000e+07 9.375564039925010640e-01 0.000000000000000000e+00 2.134797889918593635e-19 4.697775787651311816e+02 8.107396994945709201e-02 2.979980763907335281e+09
3.120000000000000000e+02 2.859999999999999876e+00 5.088000000000000000e+08 5.000000000000000000e+07 9.768868878517409371e-01 1.500000000000000000e+00 9.536396299534272850e-19 7.553543873919165890e+02 3.304949726604743176e+00 8.240379747606970215e+10
3.130000000000000000e+02 2.550000000000000266e+00 5.088000000000000000e+08 1.000000000000000000e+07 9.811596849687339583e-01 0.000000000000000000e+00 2.110822104013658173e-19 8.033505772569041028e+02 9.950674544782279751e-01 1.562632682237638092e+10
3.140000000000000000e+02 8.800000000000000044e-01 5.088000000000000000e+08 1.000000000000000000e+07 1.782362288973291520e-01 9.250000000000000444e-01 3.590210556807540722e-18 5.396450117027212627e+02 6.468945288615064459e-01 4.875125243105480820e+07
3.150000000000000000e+02 3.250000000000000000e+00 5.088000000000000000e+08 1.000000000000000000e+07 9.052871451949100479e-01 1.750000000000000167e-01 3.743120688272423722e-19 6.690777234420921786e+02 3.797980436398630033e+00 1.097770352473751068e+10
3.160000000000000000e+02 5.600000000000000533e-01 4.000000000000000000e+09 1.000000000000000000e+07 9.736921945229898290e-01 1.500000000000000000e+00 3.086658469404964012e-18 1.615349728416415928e+03 1.521606724520601084e-01 1.378452414286939430e+10
3.170000000000000000e+02 2.310000000000000053e+00 5.088000000000000000e+08 2.511900000000000000e+07 9.900473768503111893e-01 5.500000000000000444e-01 2.643170535053038250e-19 7.648275086380979246e+02 6.107862266431404175e-01 2.738500436237259293e+10
3.180000000000000000e+02 1.189999999999999947e+00 5.088000000000000000e+08 5.000000000000000000e+07 6.298106036794387519e-01 1.500000000000000000e+00 1.481370686892373600e-17 1.584175907881412058e+03 3.282146612419988507e+00 3.451629600689405918e+09
3.190000000000000000e+02 8.000000000000000444e-01 5.088000000000000000e+08 1.000000000000000000e+07 1.000000000000000000e+00 5.000000000000000278e-02 3.347893017518920972e-18 5.045382144206874386e+02 0.000000000000000000e+00 1.374971821822924614e+08
3.200000000000000000e+02 5.999999999999999778e-01 5.088000000000000000e+08 1.000000000000000000e+07 4.074404139256422308e-01 0.000000000000000000e+00 1.010876412787809130e-18 4.607139494596985401e+02 6.044394790024255198e-02 1.312895983951999992e+07
3.210000000000000000e+02 4.700000000000000289e-01 4.000000000000000000e+09 5.000000000000000000e+07 8.362199171250624952e-01 0.000000000000000000e+00 3.950780149456867037e-19 4.889257116400277710e+02 6.156401685999191194e-03 1.506009913499876261e+08
3.220000000000000000e+02 4.030000000000000249e+00 5.088000000000000000e+08 2.511900000000000000e+07 9.798916064409035620e-02 1.074999999999999956e+00 3.818280252836085673e-19 5.293746875631645707e+02 5.130420562026483111e+00 3.799330610338466763e+08
3.230000000000000000e+02 6.300000000000000044e-01 5.088000000000000000e+08 5.000000000000000000e+07 9.408169029081063783e-01 5.000000000000000278e-02 3.208190172483611926e-19 8.169498945036449413e+02 1.126752719787471081e-02 1.060168211293679476e+08
3.240000000000000000e+02 2.819999999999999840e+00 5.088000000000000000e+08 5.000000000000000000e+07 9.918029914139001590e-01 0.000000000000000000e+00 1.268472337259244192e-18 1.326524193115803246e+04 4.204694967790151061e+00 2.997325967787756348e+11
3.250000000000000000e+02 2.569999999999999840e+00 5.088000000000000000e+08 1.000000000000000000e+07 9.881223837605044302e-01 8.500000000000000888e-01 1.591607954057791247e-19 3.116433645477335403e+02 7.690033870818062667e-01 1.928675226436220169e+10
3.260000000000000000e+02 2.680000000000000160e+00 5.088000000000000000e+08 2.511900000000000000e+07 9.753263149547468647e-01 8.000000000000000444e-01 1.520713385124240226e-18 1.991844902724952362e+03 5.609802616227025140e+00 1.000316658532040710e+11
3.270000000000000000e+02 2.200000000000000178e+00 1.139100030000000000e+09 1.000000000000000000e+07 1.000000000000000000e+00 0.000000000000000000e+00 1.202415487786626813e-17 1.727590053382843962e+03 0.000000000000000000e+00 2.068064202213522339e+10
3.280000000000000000e+02 4.080000000000000071e+00 5.088000000000000000e+08 1.000000000000000000e+07 9.268236228897329676e-01 0.000000000000000000e+00 1.256631105809209005e-19 3.917965062845973080e+03 2.624850613434179358e+00 1.004484733139474869e+10
3.290000000000000000e+02 2.629999999999999893e+00 2.000000000000000000e+09 1.000000000000000000e+07 9.955456022925407433e-01 2.500000000000000000e-01 1.176252804928880138e-19 9.269251142354095236e+02 6.112066982430146567e-01 1.661138598448950500e+11
3.300000000000000000e+02 4.600000000000000200e-01 5.088000000000000000e+08 1.000000000000000000e+07 9.100000000000000311e-01 0.000000000000000000e+00 4.741939467860318698e-19 8.821420973487105357e+02 1.361801648600781053e-02 4.163052797379038483e+07
3.310000000000000000e+02 2.390000000000000124e+00 1.139100030000000000e+09 1.000000000000000000e+07 9.860116708098051186e-01 0.000000000000000000e+00 7.333679082126010506e-20 7.398026288446842500e+02 2.819295976657418268e-01 1.153516117430483055e+10
3.320000000000000000e+02 2.660000000000000142e+00 1.700000000000000000e+09 1.000000000000000000e+07 9.768868878517409371e-01 0.000000000000000000e+00 1.038786411907614191e-19 7.195747087804681996e+02 5.594346675697308147e-01 2.440143414743363571e+10
3.330000000000000000e+02 5.500000000000000444e-01 5.088000000000000000e+08 1.000000000000000000e+07 8.586438751563791882e-01 0.000000000000000000e+00 7.457439184540958403e-19 1.296543455935479415e+03 3.496532067312992792e-02 6.435439730593936890e+07
3.340000000000000000e+02 2.629999999999999893e+00 2.000000000000000000e+09 5.000000000000000000e+07 9.268236228897329676e-01 1.500000000000000000e+00 2.856215837535732988e-18 7.331757654865275526e+02 7.596786609426152914e+00 2.289577521762744141e+11
3.350000000000000000e+02 2.720000000000000195e+00 5.088000000000000000e+08 1.000000000000000000e+07 9.701892829446502331e-01 0.000000000000000000e+00 2.028987115122303911e-19 1.051133639096361094e+03 1.172380552232211270e+00 1.150989738280081940e+10
3.360000000000000000e+02 7.199999999999999734e-01 5.088000000000000000e+08 2.511900000000000000e+07 9.811596849687339583e-01 0.000000000000000000e+00 4.493780704422652335e-20 7.247261017723698160e+02 3.019601352114081178e-03 7.091330080843807757e+07
3.370000000000000000e+02 4.810000000000000497e+00 1.139100030000000000e+09 5.000000000000000000e+07 9.995287145194909906e-01 1.500000000000000222e-01 1.342906456862572990e-19 9.252565005691428723e+02 2.424251084761266384e+00 5.829173725430110352e+12
3.380000000000000000e+02 1.520000000000000018e+00 5.088000000000000000e+08 5.000000000000000000e+07 9.524560062662843496e-01 1.500000000000000000e+00 9.346244323973996156e-18 1.751223743519786467e+03 4.488634083701072974e+00 5.316495144673942566e+10
3.390000000000000000e+02 2.459999999999999964e+00 1.700000000000000000e+09 2.511900000000000000e+07 9.990352180385682068e-01 0.000000000000000000e+00 4.476574895067749840e-20 1.685768780497567604e+03 1.260725071964320099e-01 2.013469080677405396e+11
3.400000000000000000e+02 2.800000000000000266e-01 5.088000000000000000e+08 1.000000000000000000e+07 1.000000000000000000e+00 0.000000000000000000e+00 2.305178820913746199e-17 4.736967762412989032e+03 0.000000000000000000e+00 5.455447283770609647e+07
3.410000000000000000e+02 5.100000000000000089e-01 5.088000000000000000e+08 1.000000000000000000e+07 1.782362288973291520e-01 1.000000000000000000e+00 2.803085474834058581e-17 1.237202252421561980e+03 1.066756932074636177e+00 8.039291439003971219e+07
3.420000000000000000e+02 2.700000000000000178e+00 5.088000000000000000e+08 1.000000000000000000e+07 9.642911810385125237e-01 5.000000000000000278e-02 1.536152880189613958e-19 7.977986401055488841e+02 8.671787163027927514e-01 7.065629629642564774e+09
3.430000000000000000e+02 2.300000000000000100e-01 5.088000000000000000e+08 1.000000000000000000e+07 1.000000000000000000e+00 8.000000000000000444e-01 6.335908637520186449e-17 4.529567507076219044e+03 0.000000000000000000e+00 9.200022338762950897e+07
3.440000000000000000e+02 4.400000000000000022e-01 5.088000000000000000e+08 1.000000000000000000e+07 8.194539282036752414e-01 0.000000000000000000e+00 7.836764493160263147e-19 8.931469124095912093e+02 1.996089086127655898e-02 2.750149322945098206e+07
3.450000000000000000e+02 4.810000000000000497e+00 1.139100030000000000e+09 1.000000000000000000e+07 1.000000000000000000e+00 2.500000000000000000e-01 1.026793746946532410e-15 9.432527383316413534e+02 0.000000000000000000e+00 2.101474894767971094e+13
3.460000000000000000e+02 2.580000000000000071e+00 5.088000000000000000e+08 1.000000000000000000e+07 9.683130616529664891e-01 0.000000000000000000e+00 3.025959964003997729e-19 1.081699779552611972e+03 1.480030558157439335e+00 1.364437795035034180e+10
3.470000000000000000e+02 1.919999999999999929e+00 5.088000000000000000e+08 5.000000000000000000e+07 7.912238376050446664e-01 9.750000000000000888e-01 7.980005728877171310e-18 1.657837654826591006e+03 7.908607895537874910e+00 1.804130665947663879e+10
3.480000000000000000e+02 2.229999999999999982e+00 2.000000000000000000e+09 1.000000000000000000e+07 9.305671765275718155e-01 9.750000000000000888e-01 7.065995247043876342e-17 1.079232658299824980e+05 2.185101159034296927e+02 3.563284266752863770e+12
3.490000000000000000e+02 2.240000000000000213e+00 5.088000000000000000e+08 2.511900000000000000e+07 8.586438751563791882e-01 1.500000000000000000e+00 4.543397740772063337e-16 2.328482935861084261e+05 9.532131158203056884e+02 2.632199892012659180e+12
3.500000000000000000e+02 2.879999999999999893e+00 5.088000000000000000e+08 2.511900000000000000e+07 9.985184637850311740e-01 0.000000000000000000e+00 1.183244697548909851e-20 7.659770009015442156e+02 5.478767688750180165e-02 1.663506209644039345e+10
3.510000000000000000e+02 4.870000000000000107e+00 1.139100030000000000e+09 1.000000000000000000e+07 1.000000000000000000e+00 7.500000000000001110e-02 1.158787872433817952e-15 2.126133034901002702e+03 0.000000000000000000e+00 2.467122453483680469e+13
3.520000000000000000e+02 2.339999999999999858e+00 5.088000000000000000e+08 5.000000000000000000e+07 4.074404139256422308e-01 9.750000000000000888e-01 1.286962290534418941e-17 3.245793770102819963e+03 2.337913689919313853e+01 1.063318678158712387e+10
3.530000000000000000e+02 3.300000000000000155e-01 5.088000000000000000e+08 1.000000000000000000e+07 1.000000000000000000e+00 3.250000000000000111e-01 4.771195876831808491e-17 2.697949761992229469e+03 0.000000000000000000e+00 1.716278514773353338e+08
3.540000000000000000e+02 5.799999999999999600e-01 5.088000000000000000e+08 1.000000000000000000e+07 1.000000000000000000e+00 8.750000000000000000e-01 3.488770150625404271e-18 4.788454127953023658e+02 0.000000000000000000e+00 5.444975306968866289e+07
3.550000000000000000e+02 2.709999999999999964e+00 1.139100030000000000e+09 2.511900000000000000e+07 9.798004827959798657e-01 2.500000000000000139e-02 2.134327213852355654e-19 7.262809062983928925e+02 8.154855256809362407e-01 3.433351814667852783e+10
3.560000000000000000e+02 2.689999999999999947e+00 5.088000000000000000e+08 1.000000000000000000e+07 9.736921945229898290e-01 1.025000000000000133e+00 6.056416974062376669e-19 1.161945334249673806e+03 3.379130530206761129e+00 3.772310586530619049e+10
3.570000000000000000e+02 7.800000000000000266e-01 5.088000000000000000e+08 1.000000000000000000e+07 1.000000000000000000e+00 7.500000000000001110e-02 4.704907872535546249e-18 1.717554521899938209e+03 0.000000000000000000e+00 1.795057057771979868e+08
3.580000000000000000e+02 4.759999999999999787e+00 5.088000000000000000e+08 1.000000000000000000e+07 9.860116708098051186e-01 1.250000000000000000e-01 1.475918605981127187e-19 1.206044557480995309e+03 5.001304813047413589e+00 1.062869987841559296e+11
3.590000000000000000e+02 2.620000000000000107e+00 2.000000000000000000e+09 1.000000000000000000e+07 9.860116708098051186e-01 5.750000000000000666e-01 6.553178401641994318e-19 7.810298194548669244e+02 3.364515477112791864e+00 2.884157838553932495e+11
3.600000000000000000e+02 2.540000000000000036e+00 5.088000000000000000e+08 2.511900000000000000e+07 9.683130616529664891e-01 4.500000000000000111e-01 2.219823661996377900e-19 7.476156824837557906e+02 6.914448913715044442e-01 9.535569270037107468e+09
3.610000000000000000e+02 4.199999999999999845e-01 5.088000000000000000e+08 5.000000000000000000e+07 9.187989160644089992e-01 2.250000000000000056e-01 2.528669060375552187e-18 2.888980700945620811e+03 2.910104245764516193e-02 1.953167120798137486e+08
3.620000000000000000e+02 4.980000000000000426e+00 5.088000000000000000e+08 5.000000000000000000e+07 9.701892829446502331e-01 5.250000000000000222e-01 2.645275087937315852e-19 9.472725529248187968e+02 5.333893896645022004e+00 1.024672265088202362e+11
3.630000000000000000e+02 2.999999999999999889e-01 5.088000000000000000e+08 1.000000000000000000e+07 1.000000000000000888e-02 0.000000000000000000e+00 -2.872152385796445807e-16 4.430803010967861414e+08 -2.685852167030112536e+00 -3.503418717554396391e+07
3.640000000000000000e+02 2.430000000000000160e+00 1.139100030000000000e+09 2.511900000000000000e+07 9.979773556538258372e-01 0.000000000000000000e+00 2.010666896771750912e-20 6.584701937720816431e+02 5.448113442044820454e-02 2.331948715478393173e+10
3.650000000000000000e+02 1.260000000000000009e+00 1.139100030000000000e+09 5.000000000000000000e+07 9.719810603679438499e-01 1.175000000000000044e+00 3.481627121452836167e-18 1.268992272757643377e+03 9.413176321512822797e-01 3.706834798205684662e+10
3.660000000000000000e+02 1.260000000000000009e+00 2.000000000000000000e+09 5.000000000000000000e+07 9.926219917125062020e-01 6.750000000000000444e-01 7.726011916432145061e-19 1.228928254450061331e+03 2.088859889198509678e-01 6.677288568841242981e+10
3.670000000000000000e+02 2.129999999999999893e+00 1.139100030000000000e+09 1.000000000000000000e+07 9.811596849687339583e-01 1.000000000000000000e+00 5.489084806569520835e-19 6.397907574422196149e+02 1.448568865335924327e+00 4.379202099097706604e+10
3.680000000000000000e+02 1.060000000000000053e+00 1.700000000000000000e+09 1.000000000000000000e+07 1.000000000000000000e+00 6.500000000000000222e-01 1.966603855340358123e-16 2.190155249688189997e+03 0.000000000000000000e+00 6.357484697483496857e+10
3.690000000000000000e+02 1.130000000000000115e+00 2.000000000000000000e+09 5.000000000000000000e+07 9.918029914139001590e-01 6.500000000000000222e-01 2.549388870183721379e-18 3.338836256136113207e+03 4.955782431445802660e-01 1.424741055451694336e+11
3.700000000000000000e+02 3.120000000000000107e+00 5.088000000000000000e+08 1.000000000000000000e+07 9.918029914139001590e-01 0.000000000000000000e+00 2.775852307758816246e-20 4.164828962676346009e+02 2.474912257749602718e-01 9.026619288632108688e+09
3.710000000000000000e+02 2.550000000000000266e+00 1.700000000000000000e+09 1.000000000000000000e+07 9.900473768503111893e-01 0.000000000000000000e+00 8.699680587596627784e-20 1.374025420230616646e+03 4.101136235314606360e-01 4.209644959958506012e+10
3.720000000000000000e+02 2.010000000000000231e+00 2.000000000000000000e+09 1.000000000000000000e+07 1.000000000000000888e-02 9.000000000000000222e-01 1.339211265844718313e-17 2.066794618939277825e+03 2.991595546539473816e+01 6.666087493972365856e+08
3.730000000000000000e+02 3.300000000000000155e-01 5.088000000000000000e+08 1.000000000000000000e+07 1.000000000000000888e-02 0.000000000000000000e+00 -1.299365753241386295e-16 4.228292363622155786e+08 -1.551014046679231928e+00 -2.023138767289006338e+07
