# obj_no phot_z age_old age_new f_old_V EBV norm chi SFR stellar_mass
1.000000000000000000e+00 3.720000000000000195e+00 5.088000000000000000e+08 2.550000000000000000e+08 9.599999999999999645e-01 5.750000000000000666e-01 1.612628225588997491e-18 2.190659973674024968e+03 7.202178218533970266e+01 1.956964714441629395e+12
2.000000000000000000e+00 4.700000000000000289e-01 5.088000000000000000e+08 1.000000000000000000e+07 0.000000000000000000e+00 0.000000000000000000e+00 1.103775692569551743e-17 1.421262455104188120e+03 3.360264313624090060e-01 3.360264313624090049e+06
3.000000000000000000e+00 2.300000000000000266e+00 5.088000000000000000e+08 1.000000000000000000e+07 0.000000000000000000e+00 3.750000000000000000e-01 2.195787113886919673e-17 6.243005874824637431e+03 3.504535412534231682e+02 3.504535412534232140e+09
4.000000000000000000e+00 4.040000000000000036e+00 5.088000000000000000e+08 2.550000000000000000e+08 0.000000000000000000e+00 1.500000000000000222e-01 2.854047996812064453e-18 2.213130021276408115e+03 2.879157893846273453e+01 7.341852629307996750e+09
5.000000000000000000e+00 2.569999999999999840e+00 5.088000000000000000e+08 1.000000000000000000e+07 8.800000000000000044e-01 6.000000000000000888e-01 1.693717152481376432e-16 1.115998313755668278e+04 9.680313425683996684e+03 2.148968027369775391e+13
6.000000000000000000e+00 5.700000000000000622e-01 5.088000000000000000e+08 2.511900000000000000e+07 9.200000000000000400e-01 0.000000000000000000e+00 9.077286456821499864e-19 1.632361644381251608e+03 3.144979475106877281e-02 1.637111265047582686e+08
7.000000000000000000e+00 2.370000000000000107e+00 5.088000000000000000e+08 1.000000000000000000e+07 8.599999999999999867e-01 0.000000000000000000e+00 1.133804184633305455e-17 1.139054772337620670e+04 4.245044502774870665e+01 7.900755204026821899e+10
8.000000000000000000e+00 1.159999999999999920e+00 5.088000000000000000e+08 2.511900000000000000e+07 9.000000000000000222e-01 0.000000000000000000e+00 1.183578716772783680e-17 2.879238615724833799e+05 3.170552519115459322e+00 1.293366915153232193e+10
9.000000000000000000e+00 8.000000000000000444e-01 5.088000000000000000e+08 1.000000000000000000e+07 8.000000000000000167e-02 0.000000000000000000e+00 4.826185849537093333e-18 1.102915167413512108e+03 6.577336541709416506e-01 2.381301676693122089e+07
1.000000000000000000e+01 9.300000000000000488e-01 5.088000000000000000e+08 2.511900000000000000e+07 8.000000000000000444e-01 1.000000000000000056e-01 3.619855661822723384e-18 9.667183183945828205e+03 7.754180587014820603e-01 1.416678107989757776e+09
1.100000000000000000e+01 1.280000000000000027e+00 5.088000000000000000e+08 2.550000000000000000e+08 9.200000000000000400e-01 5.000000000000000278e-02 2.471241383848679753e-19 2.442984663915108285e+03 4.520844398868048564e-02 5.946107550584298372e+08
1.200000000000000000e+01 4.160000000000000142e+00 5.088000000000000000e+08 5.000000000000000000e+07 0.000000000000000000e+00 1.500000000000000222e-01 1.062299096111043868e-18 1.343427183152952011e+03 2.240575084462164668e+01 1.120287542231082439e+09
1.300000000000000000e+01 2.479999999999999982e+00 5.088000000000000000e+08 1.015200000000000000e+08 0.000000000000000000e+00 2.500000000000000000e-01 7.458455887152839620e-18 2.524224390554001729e+03 3.482517238575584173e+01 3.535451500601933479e+09
1.400000000000000000e+01 2.379999999999999893e+00 5.088000000000000000e+08 1.000000000000000000e+07 9.799999999999999822e-01 0.000000000000000000e+00 4.303157256615103209e-19 1.413203186847739971e+03 1.611133060218654434e+00 2.380661813718185806e+10
1.500000000000000000e+01 1.870000000000000107e+00 5.088000000000000000e+08 1.000000000000000000e+07 7.399999999999999911e-01 1.000000000000000056e-01 5.475971407930479155e-18 2.535113406744467738e+03 1.474076103155822537e+01 1.279054574493643379e+10
1.600000000000000000e+01 6.500000000000000222e-01 5.088000000000000000e+08 1.000000000000000000e+07 1.199999999999999956e-01 0.000000000000000000e+00 1.515016532828738796e-18 1.029458849125357801e+03 1.135841031364086956e-01 5.803427063201418146e+06
1.700000000000000000e+01 4.500000000000000111e-01 5.088000000000000000e+08 1.000000000000000000e+07 0.000000000000000000e+00 0.000000000000000000e+00 3.370473804263958648e-18 1.000147525443382960e+03 9.120923213625563297e-02 9.120923213625563076e+05
1.800000000000000000e+01 3.649999999999999911e+00 5.088000000000000000e+08 1.000000000000000000e+07 0.000000000000000000e+00 0.000000000000000000e+00 9.483919248770110085e-20 1.787387753154321217e+03 1.390603319237760926e+00 1.390603319237761013e+07
1.900000000000000000e+01 3.720000000000000195e+00 5.088000000000000000e+08 1.000000000000000000e+07 0.000000000000000000e+00 0.000000000000000000e+00 1.307009828957771627e-19 1.120095298627999682e+03 2.035595255356331457e+00 2.035595255356331542e+07
2.000000000000000000e+01 3.200000000000000067e-01 5.088000000000000000e+08 1.000000000000000000e+07 0.000000000000000000e+00 0.000000000000000000e+00 -6.593007608892327128e-15 8.517548609258657694e+08 -7.270760853156606629e+01 -7.270760853156607151e+08
2.100000000000000000e+01 1.260000000000000009e+00 5.088000000000000000e+08 2.550000000000000000e+08 2.600000000000000089e-01 4.500000000000000111e-01 1.430476015539171344e-16 7.107049806975812317e+03 1.295012005141275040e+02 8.405312805822175598e+10
2.200000000000000000e+01 2.520000000000000018e+00 5.088000000000000000e+08 1.000000000000000000e+07 9.200000000000000400e-01 0.000000000000000000e+00 5.108339250420732210e-18 3.316830698274768110e+03 2.320010934087735777e+01 8.063348726538317871e+10
2.300000000000000000e+01 2.240000000000000213e+00 5.088000000000000000e+08 1.000000000000000000e+07 9.599999999999999645e-01 7.000000000000000666e-01 1.005292617953715060e-16 6.602307734954491025e+03 5.629385359092384533e+03 4.077095928226217969e+13
2.400000000000000000e+01 1.760000000000000009e+00 5.088000000000000000e+08 1.000000000000000000e+07 0.000000000000000000e+00 0.000000000000000000e+00 9.879121801569777025e-18 4.047549709650010755e+03 1.458961880610817730e+01 1.458961880610817671e+08
2.500000000000000000e+01 6.600000000000000311e-01 5.088000000000000000e+08 5.000000000000000000e+07 5.000000000000000000e-01 9.000000000000000222e-01 2.720201944470329367e-17 2.552004444017122751e+03 4.435140144761921732e+01 2.832942969361568069e+10
2.600000000000000000e+01 1.600000000000000089e+00 5.088000000000000000e+08 1.000000000000000000e+07 0.000000000000000000e+00 0.000000000000000000e+00 9.414139434169095062e-18 4.483641834703347740e+03 1.034787147790784800e+01 1.034787147790784687e+08
2.700000000000000000e+01 1.959999999999999964e+00 5.088000000000000000e+08 1.000000000000000000e+07 0.000000000000000000e+00 7.500000000000001110e-02 1.122098909082683443e-17 6.298939818402198398e+03 3.155306803616520739e+01 3.155306803616520762e+08
2.800000000000000000e+01 3.010000000000000231e+00 5.088000000000000000e+08 2.511900000000000000e+07 9.599999999999999645e-01 2.000000000000000111e-01 2.270264487496722752e-18 1.930177806704427667e+03 2.754093967902774764e+01 2.984431835093013916e+11
2.900000000000000000e+01 4.060000000000000497e+00 5.088000000000000000e+08 1.000000000000000000e+07 0.000000000000000000e+00 0.000000000000000000e+00 4.218080513561264779e-19 2.253791122779455236e+03 8.674133674402835226e+00 8.674133674402834475e+07
3.000000000000000000e+01 5.600000000000000533e-01 5.088000000000000000e+08 1.000000000000000000e+07 3.400000000000000244e-01 1.250000000000000000e-01 8.302524810045798107e-18 1.498848779931392755e+03 6.848004799653103492e-01 1.131584019449570626e+08
3.100000000000000000e+01 3.180000000000000160e+00 5.088000000000000000e+08 2.511900000000000000e+07 0.000000000000000000e+00 0.000000000000000000e+00 -3.801427771666922092e-17 7.824366661052612305e+09 -2.408363567647971024e+02 -6.049568445574937820e+09
3.200000000000000000e+01 2.359999999999999876e+00 5.088000000000000000e+08 1.000000000000000000e+07 9.400000000000000577e-01 2.500000000000000139e-02 7.817439971346127359e-19 2.174306157528901622e+03 3.158990971994513064e+00 1.494583563708101845e+10
3.300000000000000000e+01 3.240000000000000213e+00 5.088000000000000000e+08 1.000000000000000000e+07 0.000000000000000000e+00 0.000000000000000000e+00 6.529025165041202456e-19 2.201701344321457782e+03 6.560342159408938834e+00 6.560342159408938885e+07
3.400000000000000000e+01 6.500000000000000222e-01 5.088000000000000000e+08 2.550000000000000000e+08 8.000000000000000167e-02 0.000000000000000000e+00 4.522741003052823748e-18 1.357024495079586131e+03 9.110987640435799784e-02 3.211848558937285468e+07
3.500000000000000000e+01 5.000000000000000000e-01 5.088000000000000000e+08 1.000000000000000000e+07 0.000000000000000000e+00 0.000000000000000000e+00 8.017904912046357217e-18 2.540821406524078157e+03 2.889906881280711604e-01 2.889906881280711386e+06
3.600000000000000000e+01 4.020000000000000462e+00 5.088000000000000000e+08 2.550000000000000000e+08 0.000000000000000000e+00 1.500000000000000222e-01 3.150924164234756992e-18 2.829261694844893100e+03 3.128888365611249966e+01 7.978665332308686256e+09
3.700000000000000000e+01 3.959999999999999964e+00 5.088000000000000000e+08 2.550000000000000000e+08 0.000000000000000000e+00 1.500000000000000222e-01 2.531838293885974293e-18 3.501225024690569626e+03 2.396778463030736717e+01 6.111785080728378296e+09
3.800000000000000000e+01 3.570000000000000284e+00 5.088000000000000000e+08 1.000000000000000000e+07 0.000000000000000000e+00 7.500000000000001110e-02 1.285551930292259940e-18 2.194329911503011772e+03 2.392638015220219572e+01 2.392638015220219493e+08
3.900000000000000000e+01 8.499999999999999778e-01 5.088000000000000000e+08 1.000000000000000000e+07 2.399999999999999911e-01 0.000000000000000000e+00 4.977731924211040447e-18 2.952749837435936115e+03 8.099638628852330324e-01 8.517924653974434733e+07
4.000000000000000000e+01 7.299999999999999822e-01 5.088000000000000000e+08 1.000000000000000000e+07 0.000000000000000000e+00 0.000000000000000000e+00 7.513084284487965798e-18 1.128858424302717594e+03 7.852285483820323764e-01 7.852285483820322901e+06
