1.011439821218611312e+00 1.059539151840150906e+00 1.189692473054430710e+00 1.064852980448867559e+00 9.059209809436349348e-01 9.035263264726476340e-01 8.626639143010655930e-01 9.184294490220108464e-01 9.294166651501221121e-01 1.090660223795657746e+00 1.245950596546860467e+00 1.136546106355666552e+00
1.062590225705856373e+00 9.292689916511189807e-01 9.904286529920277582e-01 1.048182486211640674e+00 1.074494742712458484e+00 1.023319917994395478e+00 1.037553734970890762e+00 9.722866362876909641e-01 9.679129578349418006e-01 9.740575961140304218e-01 9.918064115255778024e-01 9.716137357180426593e-01
9.946509258400121345e-01 9.991094367542026067e-01 1.094560930896310680e+00 9.765744101540217992e-01 9.602923160404989167e-01 1.008143686279814988e+00 9.716518740188577752e-01 1.001442693685759000e+00 1.087197779901972972e+00 9.717684143509883743e-01 9.745909425862029352e-01 9.984569847962599942e-01
1.044027063712636316e+00 9.398023829728914258e-01 9.385847475846005317e-01 1.093204139785347806e+00 1.088967128146182795e+00 1.080529613290264646e+00 1.053423390671845539e+00 9.745873409701067969e-01 9.343096335421794407e-01 9.520094011091476682e-01 1.024893746227126146e+00 9.617330924331717323e-01
1.004301658918470563e+00 9.734231582555815665e-01 1.029473223907846569e+00 1.023892626259169214e+00 9.238563429485717737e-01 1.075548943218125775e+00 1.118081429225575629e+00 9.465400468304465686e-01 9.832524201436771971e-01 9.984162010438051293e-01 1.007090291923266934e+00 9.754672443203346033e-01
1.067009567302696471e+00 1.110888259527720079e+00 8.682852012357429317e-01 1.048027261122968179e+00 9.912035296000515361e-01 1.005346921050212838e+00 1.040655260742530341e+00 9.649480136342668546e-01 1.037527131707513206e+00 9.803917731282302261e-01 1.001159201827998002e+00 9.945517027158909951e-01
1.009972979868572374e+00 9.906507715788912538e-01 1.036142208279669186e+00 1.001136390480280580e+00 9.406832183328912578e-01 1.030466449114197713e+00 0.000000000000000000e+00 1.152055435760013236e+00 9.277466105416832809e-01 9.461215516069388931e-01 1.027492870022061133e+00 1.006919075013739784e+00
9.485790941570177992e-01 9.959961816655319433e-01 9.065412770450687052e-01 1.267186140279649598e+00 1.009610735315231267e+00 1.041136164360453309e+00 1.043093600958209022e+00 1.152048824271252769e+00 9.262754695254054038e-01 8.203098462448089601e-01 9.937274795977290021e-01 1.148934242502611225e+00
1.012098359330763975e+00 9.188015866518743913e-01 1.099777826898252764e+00 1.079434708174904944e+00 1.040818773624694327e+00 9.810306065351872551e-01 9.636529900520239833e-01 9.755110025308840749e-01 1.019277077805913923e+00 1.007922262841726813e+00 9.742801731133144960e-01 9.820137136388221721e-01
1.121936213273260430e+00 9.364684741998695605e-01 8.986725831414926757e-01 9.724993689674332753e-01 9.712863684219692484e-01 1.115190836953832365e+00 1.153292565028050776e+00 1.012733829718057477e+00 1.062768792762946335e+00 1.031051246273681388e+00 1.045932755395008185e+00 8.615626936034378458e-01
1.019312724190025721e+00 9.822209216329458314e-01 1.040940398619179419e+00 1.024827165424514908e+00 9.808015782662582449e-01 9.806097170152773268e-01 9.527619450077912111e-01 1.026064279456013084e+00 9.765690450349404639e-01 9.722679281110810923e-01 1.017112521705666239e+00 1.050469527765893751e+00
1.057301392518295247e+00 1.118598598071951500e+00 8.211408012601595363e-01 8.726672986113356290e-01 1.021737020505059546e+00 1.156996248747768075e+00 1.225081359919503621e+00 1.326254866767559770e+00 1.503113389480242645e+00 8.757438636268864984e-01 9.405525170540685043e-01 9.056041052427635796e-01
9.090314867226546580e-01 1.009225705881183321e+00 1.103644329909711175e+00 1.081361186427756138e+00 9.829246867074662442e-01 1.004407959106369930e+00 9.667941161847819487e-01 1.039037509294920669e+00 9.900419410563262579e-01 9.756205697428337320e-01 9.759559479348319799e-01 1.020938743929628245e+00
1.030880510917744797e+00 9.783907879334085012e-01 9.320480932492373194e-01 9.501010815493450279e-01 9.786826185589205807e-01 1.038657551189749340e+00 1.004988375303698334e+00 1.002497517936609128e+00 1.184158425406659942e+00 1.027974081335233381e+00 1.079498039252055230e+00 9.022952684542855373e-01
1.253804334164832834e+00 9.131273100535662879e-01 1.019603535717752196e+00 1.025001192556957985e+00 1.075252455423894027e+00 9.757254897978836494e-01 9.451369847558555026e-01 1.016883627403906587e+00 9.721879888801067127e-01 9.952568086885184018e-01 9.796136220472800860e-01 1.038822123397779462e+00
1.054564961373547494e+00 9.641206887040242313e-01 9.177329711843359439e-01 9.795911069694236417e-01 9.583209175247968670e-01 1.127332262439505461e+00 1.098364612477907176e+00 1.112697843172953727e+00 1.028617952532464130e+00 1.083658073125913779e+00 1.030163043252192434e+00 8.305655823136525173e-01
1.886440276255375026e-01 7.896987833218823694e-01 1.122480497019427315e+00 1.069156385451196956e+00 1.130742475419805215e+00 9.557533513100159306e-01 9.664779240622985990e-01 9.786876507544887138e-01 9.590903295355882596e-01 9.581321231486247259e-01 9.758082588512311251e-01 1.069066502437387101e+00
1.123628095804880767e+00 9.989481603407193155e-01 8.980039071728396216e-01 1.062253170425360826e+00 1.080461962843060730e+00 1.082233898997902566e+00 1.054546543986424778e+00 9.913073159113925392e-01 9.062171260290466934e-01 9.343947496568746347e-01 1.045004961347334893e+00 9.935996909968159985e-01
1.178063221497775759e+00 8.963729532663439192e-01 9.532950492866901770e-01 1.030690125722465655e+00 1.175387062382214021e+00 9.460743336742506449e-01 9.878335543951796138e-01 1.001612376476416211e+00 1.637182528261493575e+00 9.018428408292252785e-01 9.552701523385128679e-01 9.597504338303101123e-01
1.004414224403241906e+00 9.003578172227998389e-01 9.646913818439589727e-01 1.005569226131098226e+00 1.052160429416532095e+00 1.165586318827578349e+00 1.122153116917264049e+00 1.038512816175663156e+00 9.651105017348282633e-01 1.015598456032969166e+00 1.061890786302995826e+00 8.633688826843995967e-01
9.873498642231250955e-01 9.519151199808963959e-01 9.650319162817470042e-01 1.005525614562465808e+00 9.628750298032596744e-01 1.174115582704291061e+00 1.150767135418527598e+00 1.051440250577871938e+00 9.080904582450559648e-01 1.206970698758943250e+00 9.455920303362773671e-01 8.001328749395607565e-01
1.427779220460096976e+00 8.349223961671097261e-01 1.057243366814649921e+00 1.220374077021535220e+00 1.166419179028060027e+00 1.010105030879729915e+00 1.002122620919443374e+00 9.294906246244454273e-01 8.668614344239046199e-01 9.217011558142633731e-01 1.008387446773775453e+00 1.179761892928834044e+00
1.037523625965274032e+00 9.556318289422063295e-01 1.008139751244681692e+00 1.020608968091867075e+00 9.302649685966345450e-01 1.102769029508265497e+00 1.097469263800117112e+00 1.017772940601313403e+00 9.299631995803797624e-01 9.774698968583245273e-01 1.024566283022108282e+00 9.673350077471875030e-01
9.667930505438226962e-01 9.873928438827238585e-01 1.124351556595640567e+00 9.960746370192028465e-01 9.606864677390108964e-01 9.787564697903117228e-01 9.596574873243365333e-01 1.000161461892613790e+00 1.080244069186597766e+00 9.974835622761906162e-01 9.781317168823815411e-01 1.019850978433049171e+00
1.231277617236481436e+00 9.449437089954708657e-01 8.638354801682883721e-01 1.054022312435234587e+00 1.055124437784815905e+00 1.105753869380465160e+00 1.013168777280480715e+00 9.582642102416497609e-01 9.221310700897922263e-01 8.816043163079257949e-01 1.100066738929906807e+00 1.128349879279229473e+00
1.127985908401428317e+00 9.677527130470252592e-01 9.431266359954808554e-01 1.013375427765766945e+00 9.920645337564863997e-01 1.059220979102547977e+00 1.035878814544928694e+00 9.562441088589297422e-01 9.226269783043370420e-01 9.407108690692905784e-01 1.089937129648403280e+00 1.039585842764878754e+00
1.100897809518710302e+00 1.021993077809477901e+00 9.392476366986146630e-01 9.956364938554620458e-01 9.201186373363215987e-01 1.043511216655268248e+00 1.026623135605916337e+00 1.009911243032294070e+00 1.047739785145783031e+00 1.122468673040542209e+00 1.077746732394194051e+00 8.744036939968037325e-01
1.044712978735076403e+00 9.188968544821368711e-01 9.799304889414319764e-01 9.813630845042520257e-01 1.083551839970199993e+00 1.038540665889190473e+00 9.800650495225359249e-01 1.037536447800208927e+00 1.219831992572758095e+00 9.850332095425946566e-01 9.913854066014644584e-01 8.940454539111273302e-01
9.815331301282870236e-01 9.969128394508829372e-01 1.137992348002834220e+00 9.971524059689643726e-01 9.722605185004804529e-01 9.510788721068638152e-01 9.616515235972193931e-01 9.957190346820398164e-01 1.162204063107308505e+00 9.481952483381587138e-01 9.906562213609902967e-01 9.948970922224252833e-01
9.584598548575005150e-01 9.187332959614147310e-01 1.023160359911233108e+00 1.145742893419310793e+00 9.943986689972188486e-01 1.070891943463365692e+00 1.028058085293325874e+00 9.837265707116402691e-01 9.999347284642069456e-01 1.117615992274318515e+00 9.140816310804247280e-01 9.554642865364325610e-01
1.046084379197653957e+00 9.499682084024664297e-01 9.358036897638805085e-01 9.633784914147681677e-01 9.259429912934368234e-01 1.068943891306489702e+00 1.081197819416501060e+00 2.450802630575843466e+00 8.100044711409515319e-01 1.514057220649371205e+00 1.212932542976874473e+00 7.936251217655051482e-01
1.076241402299772387e+00 8.820330847141104602e-01 1.033452628753770863e+00 1.023090173478258480e+00 1.090915899498059449e+00 9.488823353794385573e-01 1.000042784847073651e+00 1.006614450149404316e+00 1.022468449792215850e+00 9.690958555519423312e-01 1.014193858112891533e+00 1.003823602630291356e+00
9.756905736911283267e-01 9.684738906803200820e-01 1.218855714200205886e+00 9.752292298752494037e-01 1.068836468697072162e+00 9.910185001846784081e-01 1.004982054353136922e+00 9.010582986700906849e-01 1.231939430924229306e+00 9.557481573063388858e-01 9.514245566466990045e-01 9.569447884577857444e-01
1.090691892002844554e+00 8.941440942253491286e-01 1.006871112046149097e+00 1.045154178937362177e+00 1.103203584601538223e+00 9.629382363235952091e-01 9.799238154637469611e-01 1.072633461925284637e+00 1.055877813126255838e+00 9.525392243955645988e-01 9.716306262484141198e-01 9.571480136145792406e-01
1.027322326314698886e+00 9.211119424342499862e-01 9.457034862686635179e-01 1.027468143482311635e+00 9.865388961794052669e-01 1.164126657391372888e+00 1.173991724903324485e+00 1.045998140407499832e+00 7.835935633807670220e-01 9.577253645535181992e-01 1.049644426541251896e+00 8.767017973564626976e-01
9.084605695846349471e-01 9.287675276652697098e-01 1.000478562050998166e+00 1.049234876232902014e+00 9.993976846444334594e-01 9.961902131175227604e-01 9.698723482388086348e-01 9.953843163511618686e-01 9.820027829288833221e-01 1.021149660322003383e+00 9.978968147367677233e-01 1.009865616338946115e+00
9.907352034989048706e-01 9.474975968894332468e-01 1.088336649899265041e+00 1.013078863366260629e+00 9.775190538610999402e-01 9.886487617993433563e-01 9.749668010390748485e-01 1.245961884399922059e+00 1.049575979425914296e+00 9.803328066360037507e-01 8.845768912989444566e-01 9.986922620709228759e-01
1.114007908192898411e+00 1.002482707543902452e+00 9.078660009472604431e-01 9.540163039511903031e-01 8.919754142157595433e-01 1.020406715812957943e+00 9.910385380920028187e-01 1.924494686151245082e+00 9.293787129106682032e-01 1.063648547211927031e+00 1.125961650015255611e+00 8.955610318320792462e-01
1.093485037727789599e+00 9.451248374232578131e-01 9.322237056515197962e-01 1.040795357150183120e+00 1.004266645911341405e+00 1.072437686628769704e+00 1.033733190988811446e+00 1.019719257892302444e+00 9.619193510630972277e-01 9.342478432335142857e-01 1.086151764230302463e+00 9.538699927503775378e-01
1.010519247132116716e+00 1.050832020985849269e+00 9.184421802605162721e-01 1.066065269406488270e+00 1.007233180481980961e+00 1.031762241259726709e+00 1.046066210971418275e+00 9.709514378109189714e-01 9.917695701988760160e-01 9.701753566747661761e-01 1.018196272764442689e+00 9.599025832108181167e-01
1.136470009133597525e+00 9.125961286538254447e-01 9.893458891512282305e-01 1.010637114804123327e+00 1.072785941131296994e+00 9.780927102261312012e-01 9.762044231537018169e-01 1.012145763036788937e+00 1.007530018356789903e+00 9.683753824853903458e-01 9.898599663428084838e-01 1.009323622972504664e+00
9.955200224847289281e-01 9.985554427598878346e-01 1.003913988744263186e+00 9.848882161128406088e-01 9.970811342102799957e-01 1.023664055866485567e+00 9.931630305402664449e-01 1.017207254737875877e+00 9.918788787313447264e-01 1.004135566787350831e+00 9.979647010214451885e-01 9.945762714945742822e-01
9.399911516456694871e-01 9.907075546223528262e-01 1.064281574442182521e+00 1.068033342813996756e+00 9.854331063062364837e-01 9.859362576390551247e-01 9.390526042722187050e-01 1.023699230109474501e+00 1.070062971682780972e+00 9.692985707120972405e-01 9.971142434253367215e-01 1.011627231142202987e+00
1.078935455671696353e+00 1.042023498406712712e+00 9.745416409129026292e-01 9.160197748995390077e-01 8.931949446311300278e-01 9.590845846030253696e-01 9.245192878693317962e-01 9.988236293832950530e-01 1.249849654898674611e+00 1.067819764188283838e+00 1.058106672172539620e+00 1.017510233143755105e+00
9.606209756532626542e-01 9.821766788795509573e-01 1.054836769351627845e+00 1.091559125253295237e+00 9.732474871873876276e-01 9.947320125738636776e-01 9.760239232758542993e-01 1.008479302949310208e+00 9.655691896352073256e-01 9.824089406967680960e-01 1.002161913251055081e+00 1.041692240579442874e+00
1.025994338481918788e+00 9.665513072443707721e-01 1.046074926524706017e+00 9.926525498428222516e-01 9.177869543444011624e-01 1.068673406182140129e+00 1.001071729707110336e+00 1.025179758981952016e+00 1.039641962111249374e+00 1.009924095342284334e+00 9.666875920879738349e-01 9.790450572799408446e-01
1.010450790902217344e+00 9.779319851851835388e-01 1.092513077320581782e+00 9.907258629134229055e-01 9.735244349487184312e-01 1.018793564110737071e+00 1.001962486688626752e+00 9.856545017266715725e-01 9.941527349220794507e-01 9.842601269311099799e-01 9.968407351008524708e-01 9.928684381326307040e-01
1.035592930276929557e+00 9.525840520023758362e-01 9.597622431547180311e-01 1.026844923055485026e+00 9.692991885367349125e-01 1.162714807524715122e+00 1.089855139740446788e+00 9.956720375523459010e-01 1.000623668881785777e+00 9.572179326586148784e-01 1.036277678542744551e+00 9.116962625464759551e-01
7.938460831940242768e-01 1.084361074341852360e+00 1.005385547675049285e+00 9.933777073265644963e-01 1.023462445552188127e+00 9.861679316678539919e-01 9.968094607441477795e-01 9.870500158996259321e-01 9.942910281174860421e-01 9.665018499568688304e-01 1.006615111488183389e+00 1.035886366367252176e+00
1.003954479815006184e+00 9.724544776040460192e-01 1.055379297684535533e+00 1.054835511338382270e+00 9.601689443025962500e-01 9.769095927208761854e-01 9.719634296452349664e-01 1.010882749211732934e+00 9.602205614050647320e-01 1.002515877591573235e+00 1.039609977226238380e+00 1.017193933574919162e+00
1.096126324837106925e+00 9.033074388373970587e-01 9.765121772855337445e-01 1.088093627222652460e+00 1.098013887308492809e+00 9.366841712180897783e-01 9.217495514898444986e-01 1.016480158501139153e+00 1.255315857786973188e+00 9.677021025294657575e-01 9.253055532827083596e-01 1.015951487052299429e+00
9.549335035809732863e-01 9.628500475856546226e-01 1.045229748052056484e+00 9.804618024794711229e-01 1.039316271152787241e+00 1.079511327402214338e+00 1.139766020718523398e+00 1.006300787118964202e+00 1.354119137961090402e+00 8.930714961008540120e-01 1.045766303639642070e+00 7.725210214815996235e-01
9.190941435442890883e-01 9.841152688183969488e-01 1.022395605568011900e+00 1.154629820045444788e+00 1.109998711874682353e+00 1.277136299553083720e+00 7.325304575578820421e-01 1.117825167314351331e+00 9.499961399957304042e-01 1.285048613900238390e+00 9.388486571900506172e-01 8.815700992812688375e-01
1.022640832191711313e+00 9.479671267697684645e-01 8.703666471210662614e-01 9.822077239010154059e-01 9.745429384257702221e-01 1.115862987211676094e+00 1.086834621748922647e+00 1.821881941684518447e+00 1.030145179047601500e+00 1.028897850322619600e+00 1.010653191236731363e+00 8.394932654075892842e-01
9.577966474710111200e-01 9.376490570637234789e-01 1.069793997359723026e+00 1.092330195235142520e+00 1.087382560171544332e+00 1.024186242717013418e+00 9.976386641663549382e-01 9.798653045453713517e-01 9.496460434244085036e-01 1.099439689204290582e+00 9.542702097412877338e-01 9.373696997612144255e-01
1.103826422654143435e+00 8.805131286209653130e-01 1.006464279658063621e+00 1.076722070937714326e+00 1.107673142148195344e+00 9.970399288364957258e-01 9.548846071098213706e-01 1.034447659368119776e+00 9.847571059825777073e-01 9.818394347966071800e-01 9.662751949651802175e-01 9.995339485202426877e-01
1.027126226422531818e+00 9.297215166362489125e-01 1.069054181512261170e+00 9.471215712951491783e-01 9.642652140160544727e-01 1.055597710291527491e+00 1.016993398841861129e+00 9.977938536391933733e-01 1.027142728107861336e+00 1.037328075036563213e+00 9.691717329928102309e-01 1.022389793946856251e+00
1.092571297903198069e+00 9.163155355881025255e-01 9.942521654869735936e-01 1.079094333602131472e+00 9.830082911483742913e-01 9.751420184464396623e-01 9.584548377441916012e-01 1.042811638050873846e+00 1.023385630227184873e+00 1.057823745850352548e+00 9.450631708977379475e-01 9.971239119606176704e-01
1.057480973573455163e+00 9.110991830975507799e-01 9.413055707613441347e-01 1.106862322351615191e+00 1.030195319632707163e+00 1.073572905670144850e+00 1.011720296837440580e+00 1.008865716134903501e+00 1.048655301823292918e+00 9.087573898516615456e-01 9.793529510446211672e-01 1.021886010161749736e+00
9.977070729724440978e-01 8.774849320523695484e-01 1.023974090354134114e+00 1.027719487823369526e+00 1.190255730158553460e+00 8.916275522105832074e-01 9.805973247388237723e-01 1.200789043605445139e+00 1.571848206090788347e+00 9.410043439650217501e-01 8.264900917056802188e-01 9.375818281753223182e-01
8.913534970538264934e-01 9.856290288006872569e-01 1.047324697035527663e+00 1.019210191706365842e+00 1.039919725916541582e+00 1.090621099618056755e+00 1.091960397116351844e+00 1.101251870175538050e+00 1.060181022097373749e+00 9.771533125027620503e-01 9.504551312355612458e-01 8.778111227179493659e-01
1.170691014003211183e+00 8.749721748123360232e-01 9.705702036741540306e-01 1.061160994876031882e+00 1.043990781861790174e+00 9.743979965495760398e-01 9.526032065277781902e-01 9.817453221160532539e-01 1.018034427502799710e+00 9.807790855947879916e-01 9.924883720510234708e-01 1.101500704264433583e+00
9.821208705533576167e-01 1.075945470492473355e+00 1.085610970327872238e+00 9.613288616698509870e-01 9.015639047041991150e-01 1.004756557233356329e+00 1.000847676102224248e+00 9.170946422697506817e-01 1.045064985055629725e+00 1.107841805028261906e+00 9.522047185580854167e-01 1.065192945250319490e+00
9.775331089092834658e-01 9.877766580827821441e-01 1.065898536497893456e+00 1.079510220708078450e+00 9.753390705936937355e-01 9.971987736407108560e-01 9.709196146280850703e-01 9.964972519849080168e-01 9.908292472879324242e-01 1.004985204356489970e+00 9.846041657775709277e-01 9.932843563469819781e-01
1.495244280974063811e+00 7.768030975778887903e-01 1.078961382254782331e+00 1.160602873553885583e+00 1.159450280489650931e+00 9.893578729362662028e-01 9.586217081576219323e-01 9.741248308473541284e-01 8.813710857616073868e-01 9.987761693594843226e-01 9.944624417890076673e-01 1.112532953213048348e+00
8.073624997177387685e-01 1.059954653126014001e+00 1.179676072513651919e+00 9.848363545615183012e-01 8.706449231390168686e-01 9.697856270646837418e-01 9.363988736371254840e-01 1.053336320565043449e+00 1.021735391935704396e+00 1.162053183242879539e+00 9.930820105740973958e-01 9.878079283733629534e-01
1.142636341303265191e+00 8.723006103891033369e-01 9.618161509364596684e-01 1.006296248131137938e+00 1.077048735440601535e+00 1.084801606481152536e+00 1.092256394166464695e+00 1.029543918028621885e+00 9.981945872741225800e-01 9.203719252981025223e-01 9.339456721114689497e-01 1.022453414658274218e+00
1.183387642196259915e+00 8.255134876330706417e-01 1.069983216847815166e+00 1.118005592198552112e+00 1.105684549519793336e+00 9.592619327047550160e-01 9.263498416313593609e-01 9.688554506194844151e-01 9.970909055314542968e-01 1.060937724324766185e+00 9.529500597066852263e-01 1.051957141410441166e+00
9.923743875761206201e-01 8.898991723594532610e-01 1.054902468155695994e+00 1.111677424687050664e+00 1.051028686481939811e+00 9.959893086679264540e-01 9.726260036522340613e-01 1.139848122190071145e+00 9.271168113346337503e-01 1.104448453270469255e+00 9.269317716005958108e-01 9.720341631580371455e-01
1.036586000813247033e+00 9.538759577874792450e-01 9.721180379358508317e-01 9.820791620294675450e-01 1.030291341117293813e+00 1.137293752531904456e+00 1.072009363006721561e+00 9.141589176218124502e-01 9.931009000047503754e-01 9.285807811656152655e-01 1.148947253358402421e+00 8.983565890499708440e-01
9.976604197546740105e-01 1.005515496624528771e+00 1.011793427910556487e+00 1.080068114923843359e+00 1.012077457711544559e+00 9.603146614886658439e-01 9.220383639560477684e-01 9.971992347618028329e-01 1.151479933851977444e+00 9.170090392439894655e-01 9.685370602434244525e-01 1.069142098010148256e+00
1.059300376404356037e+00 9.745455508409904821e-01 1.039112817492407803e+00 1.004129058658157270e+00 1.043200112534594881e+00 9.972891038899895921e-01 9.842833059241781202e-01 9.789700525351300309e-01 9.588984136769739264e-01 9.932108335147611378e-01 1.004081660889768246e+00 1.030754426973683691e+00
9.458638402045426163e-01 9.563823325164255706e-01 1.083759269285610394e+00 1.178145461998603150e+00 9.397229177824005797e-01 1.019340145493973449e+00 9.834205897570249544e-01 1.402068640407179378e+00 9.896467557152909267e-01 1.048556668226544364e+00 8.942638007745755679e-01 8.658137681622931625e-01
8.787132686619338884e-01 1.064453369044210618e+00 9.601180487284406428e-01 1.133575291587838541e+00 9.351515391172956493e-01 1.052723734763201469e+00 1.001097902325329692e+00 1.108280294093452856e+00 9.853971733773118080e-01 9.448543602432228905e-01 9.811373083455233735e-01 9.794704722656566442e-01
1.064936832174894654e+00 9.413381793428684530e-01 9.608409091846398242e-01 1.013624160208312919e+00 1.033177588580178163e+00 9.976489769993884815e-01 0.000000000000000000e+00 9.468217940254444187e-01 1.019695202782145982e+00 9.949939426310496771e-01 1.064986139446534752e+00 9.975337444634567730e-01
8.275887650398603412e-01 1.121766938676796554e+00 1.255499964070047270e+00 1.131540138235007875e+00 9.160383754209118212e-01 9.634675373041217128e-01 9.487789609173788996e-01 9.762156916323214695e-01 9.921017574804664729e-01 9.727251482271958016e-01 1.075643899447122687e+00 1.100366286175989972e+00
1.109118036685711406e+00 9.406380183221132452e-01 9.284769266957015876e-01 1.130821067085663989e+00 1.015575318147435402e+00 1.034824686921851145e+00 9.834634990088216844e-01 1.081928586066841280e+00 9.528574602378881986e-01 8.955501367056220019e-01 1.016336801228812980e+00 1.029997611474277708e+00
9.594267097384012732e-01 9.924101076752585016e-01 9.717555421768420132e-01 9.971851491726221317e-01 1.035519641738605001e+00 1.060047279103136120e+00 1.038916542878197458e+00 1.071309726613020930e+00 1.108378429942749044e+00 9.985833904108608605e-01 1.058758227062680968e+00 8.335997797417037392e-01
1.000787928913813296e+00 8.823422477529001551e-01 1.021689794358116243e+00 1.015523408098277791e+00 1.132930908037673490e+00 1.055460402421505295e+00 1.064241015564642012e+00 9.514056575813029104e-01 1.066228579213336358e+00 1.004072299852411865e+00 1.020438059806489051e+00 8.997967494863108318e-01
1.034050614194063300e+00 9.141930996006207844e-01 1.019542143377623722e+00 1.036646655328357758e+00 1.094422893752723391e+00 9.804700253504478047e-01 9.784631618087488159e-01 9.353112768616341777e-01 1.194621933022765203e+00 1.013090647498514629e+00 9.551238769750033386e-01 9.593994188620811325e-01
1.035954942633542819e+00 9.040630862593551642e-01 1.011819906485957210e+00 1.067834544030108912e+00 9.868486266935444506e-01 1.011294818349634195e+00 9.839199153908407824e-01 1.091512130835446737e+00 9.641087232110602256e-01 1.113412629337563464e+00 9.344723973513767712e-01 9.782450266885200918e-01
9.937150637484819526e-01 9.095722034287743174e-01 9.368250739341215105e-01 9.742305737582993563e-01 9.795530566819948826e-01 1.148319761106787018e+00 1.095891517387514558e+00 1.335263783438479956e+00 9.444767083408787123e-01 1.232454106605264110e+00 1.101975679884505510e+00 7.974660219888674018e-01
8.176620749021202839e-01 1.066974692621045051e+00 9.623398773611169243e-01 1.052743983122198967e+00 1.006482349052466363e+00 1.018347025083263580e+00 9.451062378820062060e-01 9.774761090601576941e-01 1.033284116156713228e+00 1.006436339526812551e+00 9.790972006812271866e-01 1.027199923241640445e+00
9.595918044179834183e-01 9.682537714295801345e-01 9.970074119975056437e-01 9.955699101877615309e-01 1.035586011829976227e+00 1.104434027239109994e+00 1.056612290887111172e+00 1.056118668837721764e+00 1.403977038576111891e+00 8.988279931198779327e-01 9.771070759259661287e-01 9.169189048833098488e-01
1.061746785839722707e+00 8.696103599869228207e-01 1.039908181474227256e+00 1.058700697580962968e+00 1.053214605569445350e+00 9.937219073447501883e-01 9.581568243218278047e-01 1.021947170785017400e+00 9.859734712197607553e-01 1.098335603780010938e+00 9.536623056404696097e-01 9.951747835420293731e-01
1.034988018392843268e+00 9.374409239213035150e-01 1.034001654691136363e+00 9.607318318553549341e-01 1.007938723519649749e+00 1.054980424440174369e+00 1.094991912080397034e+00 1.177766971832560960e+00 9.937001293426458437e-01 7.170585315978171836e-01 1.824125706713059181e+00 4.797872199124803561e-01
1.031534892553131577e+00 9.421222297886381325e-01 1.147519016249157087e+00 1.002230460612841378e+00 1.091903188750072307e+00 9.767653790616059872e-01 9.563748902901488824e-01 9.613682933719467361e-01 9.501601044405589835e-01 9.758230808812001777e-01 9.709948509507217995e-01 1.095824180581339125e+00
4.715979743951783654e-01 7.420098428533028478e-01 8.081389020020698366e-01 1.150267884255701256e+00 1.006743821916344483e+00 1.070734200376872058e+00 1.067071134364726115e+00 1.176534527413406250e+00 8.960238672415392625e-01 8.660569534290200044e-01 1.005017651885548036e+00 1.081306648621989996e+00
1.196868162114232970e+00 9.108901484560730788e-01 9.195662243266964353e-01 1.044182530247828034e+00 1.072353996028376333e+00 1.052698380836848191e+00 1.025833275728725624e+00 1.022690461917409754e+00 1.021460670179291430e+00 9.423568660190591029e-01 9.816570943078967160e-01 9.726536028519271460e-01
9.449794391202479549e-01 9.799398030347442612e-01 1.066760239114377562e+00 1.137777803775836150e+00 9.844987025488904919e-01 1.015696843523134163e+00 9.634954120121753673e-01 9.910929390328493405e-01 9.622026486606424234e-01 1.044128475566696856e+00 9.547062941021389193e-01 1.017185413012756001e+00
9.503829206537834917e-01 9.866832430001202248e-01 1.103148315457162632e+00 1.010456328142713689e+00 1.030023893301093674e+00 1.031066997620944781e+00 9.993181536487278915e-01 9.059504573755613466e-01 1.055340357737912571e+00 9.625906862622132243e-01 9.930660904944661471e-01 1.030903521554079827e+00
9.449473117923588017e-01 9.560635032356803453e-01 1.067746134271390757e+00 1.096586224272380283e+00 9.776840248211436935e-01 9.789125513960943437e-01 9.795304969500737702e-01 9.951190609236144624e-01 1.037982297136190502e+00 1.016162221127326681e+00 9.822216317621994541e-01 1.009314030816689911e+00
1.063215175067549367e+00 8.975829367536524162e-01 9.831578393286655171e-01 1.034177940639540827e+00 1.104778055800052394e+00 9.768757066484562435e-01 9.708783027900803608e-01 9.760951679671489023e-01 1.164477930411580209e+00 9.719644354710038625e-01 9.949784748059716799e-01 9.668124158650570621e-01
1.003863639783870942e+00 9.524758159251029976e-01 1.063216642357007746e+00 1.056741273534127279e+00 9.895556178964679539e-01 9.833116897897242747e-01 1.030554915033899954e+00 9.236462557316801325e-01 1.033229300783731208e+00 9.344711982585222065e-01 1.018186645607937812e+00 1.064402964626422143e+00
7.840616902430361801e-01 7.171533342956430968e-01 1.103066273165215661e+00 1.050709685555901052e+00 1.112676927627407109e+00 9.654456757145584156e-01 9.869244087391637610e-01 9.477466128691395264e-01 9.520496465413083031e-01 9.810834811793428534e-01 9.773559813209237168e-01 1.128396682886619429e+00
1.109562516487961892e+00 9.751862670342560380e-01 8.977189407869553550e-01 9.742203465607497392e-01 9.639908042814070432e-01 1.032786079888998287e+00 1.023389308766862626e+00 1.159806421675595223e+00 9.471562817290886116e-01 9.458807270779320264e-01 1.053793972249416511e+00 1.030810987321769234e+00
1.015629304885431683e+00 9.939729002554157367e-01 1.012204493926281756e+00 9.813969381021487859e-01 9.534428596847388526e-01 1.058483324746180454e+00 1.035278884568208158e+00 1.031652623264716295e+00 9.788803807192829609e-01 9.918904022327237335e-01 9.837342126583781265e-01 9.824378649205530722e-01
6.446482000457907091e-01 8.412549381647973501e-01 1.149895092524819251e+00 1.162755352483022975e+00 1.084654555439591883e+00 9.931364268677456142e-01 9.957645899365035191e-01 9.428150598412635697e-01 9.252471097727105187e-01 1.010534942639601086e+00 9.572364632723046052e-01 1.048622988487567520e+00
1.013105926384092470e+00 9.469274225541380874e-01 9.933371273259412604e-01 1.059893250533838094e+00 9.722986534104079981e-01 1.001992482880896373e+00 9.968435885880129188e-01 9.875521017314341510e-01 1.060474889919566621e+00 9.966357543878010539e-01 9.954216895696257339e-01 9.973693268865861938e-01
9.437823093524567719e-01 1.013110922821987891e+00 1.108325458168082589e+00 1.006304119930410801e+00 9.666476109198921529e-01 9.991319368091919895e-01 9.603927420920918001e-01 9.752128952310012977e-01 1.106825362276654845e+00 9.691940882999776630e-01 9.950688649452715806e-01 1.012356379272226992e+00
9.656382160524313862e-01 1.056384019741804181e+00 1.073176800995714775e+00 1.073721392114445949e+00 9.741177991380849388e-01 9.635554974939861683e-01 9.962356072176477007e-01 9.464136244483816185e-01 9.635842867413724200e-01 9.804780688287737522e-01 1.009060634798898626e+00 1.043124953817558431e+00
1.209299622120005635e+00 8.495751181598986124e-01 1.003968886926922988e+00 1.113693915056043870e+00 1.106462190434627457e+00 9.711949205277573549e-01 9.730951262790882295e-01 9.569745389885472298e-01 1.030179513793383794e+00 9.714615029536554092e-01 9.581661946059866208e-01 1.038811415260012527e+00
1.082641431780009933e+00 8.432739008030144534e-01 1.527646306114857078e+00 1.007840304053560176e+00 9.459408651476631791e-01 1.005286810370634942e+00 9.974517343435398420e-01 9.973786769943716601e-01 9.459582976826050871e-01 1.134009808348135584e+00 9.708739856163716153e-01 9.659912106252943609e-01
9.615077934561605533e-01 9.592010197501686930e-01 1.036636720122788624e+00 1.136977248716533273e+00 9.871521878024883678e-01 1.024115178160513340e+00 9.843006792824671169e-01 9.888107269065393723e-01 9.311650470340021579e-01 1.036257661410311171e+00 1.009155368740127789e+00 1.000409027611950830e+00
9.765183780127572044e-01 9.982491080249886739e-01 9.885851212331165927e-01 1.032974342408886193e+00 9.028491813341145145e-01 1.085359845359739950e+00 1.056752737764814487e+00 9.927782077113326276e-01 9.976739862483160470e-01 1.017984196148069564e+00 1.078980212054051924e+00 9.364423443436394878e-01
9.823989481912239752e-01 9.433053114201398470e-01 9.674734584279385263e-01 9.690347096622304868e-01 9.921233493678427440e-01 1.102433395141423800e+00 1.146109156890743108e+00 9.598973476515514358e-01 1.110255861144833212e+00 1.292857621277623936e+00 1.063053292916239068e+00 7.990360433696677145e-01
1.031985307329143842e+00 9.776938915684705300e-01 8.753300953925309269e-01 1.063395618997484249e+00 1.030308241090587495e+00 1.073671084040952239e+00 1.112056569025506425e+00 1.140582105601533058e+00 9.186325333417585393e-01 9.380980084578792733e-01 1.040587860936790676e+00 9.448370653611635195e-01
9.774292559651225343e-01 1.034953036652633829e+00 1.007519374328569750e+00 1.025609838923603467e+00 9.769282034022707117e-01 9.696098959597583278e-01 9.714899091951829657e-01 9.881813625253336175e-01 1.037261876425722873e+00 9.899081991219450538e-01 1.049637608522304921e+00 9.889136700513077027e-01
9.490528438821321799e-01 1.115171670013018979e+00 1.226054726857970900e+00 1.101489527295427484e+00 8.837428357076144714e-01 8.829472280385149974e-01 8.936029356823553815e-01 8.971672514811079857e-01 9.184188775472750255e-01 1.169847410234480023e+00 1.163060799184952199e+00 1.206833465463435617e+00
9.298970623434479332e-01 9.829955226984388172e-01 1.141259797153312716e+00 1.020109510784661389e+00 9.849852843143114267e-01 9.791086105449505750e-01 9.450627499446400126e-01 1.009276104304062782e+00 1.146478590303899425e+00 9.523828456929404052e-01 9.859138202856427835e-01 1.016661207753531526e+00
1.026306171073062101e+00 9.901418256938314677e-01 9.825678789792103851e-01 9.827032929680870055e-01 9.643181859987414173e-01 1.075589615516229891e+00 1.072141583429681022e+00 9.514533008763147448e-01 9.892517866913738134e-01 1.004902712236273254e+00 1.018998187007343903e+00 9.741700881732534567e-01
9.810551932757345384e-01 9.588023730917466514e-01 1.045065834572205921e+00 1.062426053852405072e+00 9.684696565762531684e-01 1.012442587407619055e+00 9.688446158024478505e-01 9.896923953788934192e-01 9.913340184248755627e-01 9.973327616878744362e-01 1.002036445952679822e+00 1.035999798455194965e+00
7.315127108117694954e-01 1.032475817204466573e+00 1.242680313670932568e+00 1.105893517222036770e+00 9.253007383031076616e-01 1.067715191036172184e+00 1.040505038477834709e+00 9.712484872249985690e-01 9.229958373256715864e-01 1.160315003319906557e+00 9.105571106878929122e-01 9.552938983694296837e-01
6.401069272896579010e-01 9.566241235541991239e-01 1.201703937384006604e+00 1.251855675376507993e+00 1.033206246998193967e+00 9.097952217748924708e-01 8.750409347483840694e-01 8.824723618601812980e-01 9.560959077293866848e-01 1.013112279585074660e+00 1.035267343537282336e+00 1.157124431750458315e+00
1.057428234219678576e+00 9.778580760129623739e-01 9.007054333160510184e-01 9.413058726829602874e-01 9.312394346092273123e-01 1.036212298348294869e+00 1.049134367326936657e+00 1.856130855194330520e+00 9.657890129948818458e-01 1.065437438724206265e+00 1.027527203440770309e+00 8.929737391397397639e-01
8.832363363950941348e-01 1.036236920411950591e+00 9.002211239955018041e-01 1.109419049194672269e+00 9.594531993962684968e-01 1.029262403022296990e+00 1.027108603049504687e+00 9.458965372016117090e-01 1.011177294379176361e+00 9.971536994004809307e-01 9.941923203210485394e-01 9.936580453133058155e-01
9.647452816358561556e-01 9.949532939513121566e-01 1.106863217919566988e+00 9.818187811030603118e-01 9.527114740456641417e-01 9.992036459936837201e-01 1.002413862018896484e+00 9.650822447616841382e-01 1.097803281731019709e+00 9.946836785179012930e-01 9.865541768052188409e-01 1.000660716741062162e+00
9.508691194505445310e-01 9.582342767978232478e-01 1.106696028677931043e+00 1.186204458507875037e+00 1.048780710790121029e+00 9.936962820445710554e-01 9.869789086437605885e-01 9.441945813985381797e-01 9.388622983271546207e-01 9.842116350162422034e-01 1.012925865038373230e+00 9.775196561135178763e-01
9.896044496447015115e-01 9.837516901909487688e-01 1.038769621716761016e+00 1.071255580854661105e+00 9.726702272880217715e-01 1.004132120627897695e+00 1.034868203670490594e+00 1.029711346941481365e+00 9.634206203064228369e-01 1.001021971077200812e+00 9.565273799544278255e-01 9.802966962465531342e-01
-3.102849503996141234e-01 8.716519834224010221e-01 9.061473345230154353e-01 1.525914304947916023e+00 1.246783965026794005e+00 8.582080542511427712e-01 9.470517589195192043e-01 9.585450791626182188e-01 1.051596073615378213e+00 1.008873302508864089e+00 1.148374537394371453e+00 9.180283438368647131e-01
9.965513997754698039e-01 1.032576215397600805e+00 1.040441020357277147e+00 8.918383038155516251e-01 9.892634421266525147e-01 1.078615342391135545e+00 1.045156410029756566e+00 1.040456858366489268e+00 9.794515520010629306e-01 9.553023194746704805e-01 9.993393415777199751e-01 1.000526956978803117e+00
8.753047739983238484e-01 1.009529308999790320e+00 1.014420314075892948e+00 1.031455026981888956e+00 1.016871610802157155e+00 9.743712152808999827e-01 1.015266141688961676e+00 9.612632751313976431e-01 9.239475098856554380e-01 1.051010121482374604e+00 9.913836554647565968e-01 1.059420458229216155e+00
1.001796140388759415e+00 9.875087088701159921e-01 9.426834522976674791e-01 1.045456104214311344e+00 1.015165704926542789e+00 9.962254429737904537e-01 1.000817757953103904e+00 9.527170430310242244e-01 1.051157113132724197e+00 1.020037404446947793e+00 1.053569785854256313e+00 9.633203189843343450e-01
9.636410685366945117e-01 1.019981640869904282e+00 1.004376930641261323e+00 1.022871040084873062e+00 9.695556217034122515e-01 1.031994933815832072e+00 9.834830423361149432e-01 1.011454907918842405e+00 9.621126470920120521e-01 9.811560006749598939e-01 1.032177481884241743e+00 1.034537742137776162e+00
1.074387237031257269e+00 9.167347111156609607e-01 1.028327043066336932e+00 1.049073874964919328e+00 9.901352531964092707e-01 1.063675663201801402e+00 1.064197501236758159e+00 9.486097473859336215e-01 9.448945881955254089e-01 9.707957199251844305e-01 9.896373145560766194e-01 1.021627446476752077e+00
9.816090700662780666e-01 9.719428601531933110e-01 1.152135335936675054e+00 9.969864245205236619e-01 1.011244166235019115e+00 9.708291267130714219e-01 9.387039851290438497e-01 9.802605297045295929e-01 1.195864090209185049e+00 9.778243722667708804e-01 9.715817908897940169e-01 9.660395019920329229e-01
1.156873086444354159e+00 9.222731202565878084e-01 9.048479721170165080e-01 1.150938720370181745e+00 1.031180250952828281e+00 1.097644673207636590e+00 1.081007162219516315e+00 1.051318292509650254e+00 8.846890191797662784e-01 8.926539527076939873e-01 9.877691862309951887e-01 1.063715342936551567e+00
1.096785395088312409e+00 8.988318587171481022e-01 1.000509830097519037e+00 1.054932635468027291e+00 1.053461972712837591e+00 9.771520129358792772e-01 9.679345197085960084e-01 9.587053582968587673e-01 9.987240766446555673e-01 1.010323036019787013e+00 1.012331749149796067e+00 1.030779467988483633e+00
1.036000819144073049e+00 9.641383242832463063e-01 9.011264866021934106e-01 9.927862696679028431e-01 1.026347687391508945e+00 1.105861005863504110e+00 1.140310304349021919e+00 9.443496894389346030e-01 9.806364045543308761e-01 1.042466338563086126e+00 1.080649261028961972e+00 9.083944406883806000e-01
1.102558363412288411e+00 8.968771604254902607e-01 1.027631090018972015e+00 1.016230871349399267e+00 1.050200261785101175e+00 9.825426465708051449e-01 9.784228130750570740e-01 9.825489611035684856e-01 1.017263914369229472e+00 1.053832260590011893e+00 9.639029922836319653e-01 9.890791550127144838e-01
9.849746443303593058e-01 9.412037361670935187e-01 1.039787266522882447e+00 1.013322582124600135e+00 1.092717079604750730e+00 9.665583069612416756e-01 9.883070465713532649e-01 1.011358738591024542e+00 1.036371048138920781e+00 9.606061295930485855e-01 1.045080278100787075e+00 9.608659253909562770e-01
1.035241829026556148e+00 9.546839981128656394e-01 9.411913273349703513e-01 1.075440880199802995e+00 1.017460883571143393e+00 1.113750825697330082e+00 1.047406973930468999e+00 1.034845094536219090e+00 9.069437881074089436e-01 9.662859662199723143e-01 1.052811857621505087e+00 9.424887620935479271e-01
1.190480465314165182e+00 9.990144211509575101e-01 9.464936287301580764e-01 1.070531447221979127e+00 1.028693768743429660e+00 9.401225708966995942e-01 9.347314289718184899e-01 9.459776972998752420e-01 1.078195172314049488e+00 1.028424429625734549e+00 1.018240024674960775e+00 1.029473098270179410e+00
7.708943134147454579e-01 9.587592100763830949e-01 1.140629491210575219e+00 1.012980279804418515e+00 9.658136230716936055e-01 9.749353836051818378e-01 9.499662220776140531e-01 9.962633523362649512e-01 1.001592086391666525e+00 9.978333023825325387e-01 1.001177458240749996e+00 1.044078581207747769e+00
1.072328773944035696e+00 9.306637836073688996e-01 1.027901917639349572e+00 9.869199585750758619e-01 1.072417282556081153e+00 1.019483669526250358e+00 9.930183272077314216e-01 1.029654237703130137e+00 9.981573568962898158e-01 9.710976349389016660e-01 9.259778794135627988e-01 1.014733355198640385e+00
1.023647713735899467e+00 9.436985866022522540e-01 9.107941205072939139e-01 1.285267997290538311e+00 1.019190445605138606e+00 1.045175098937718206e+00 1.054490221361234603e+00 1.086002535977151240e+00 9.200069963704224918e-01 8.743491451225576805e-01 9.933930499643524037e-01 1.083225121496907084e+00
9.126523219140566523e-01 1.062296235323005433e+00 1.035893281468367899e+00 9.178017068316757232e-01 9.882081528746252674e-01 1.057884825900397008e+00 1.064032330117335112e+00 1.078084099504805549e+00 1.112535529094830444e+00 9.722831603981851867e-01 9.403839930713705497e-01 9.697690220955067497e-01
1.050189518311005710e+00 8.690587447568549617e-01 1.003252418407072577e+00 1.112340555751595739e+00 1.141370763519298448e+00 1.035276691197679177e+00 1.054148743768966057e+00 8.857739705311055145e-01 1.012256047251312241e+00 1.015645219675935573e+00 9.773196823461313132e-01 9.625570107478629289e-01
1.129939362450841367e+00 8.811820994923206252e-01 9.097568352170731787e-01 1.087095325042358285e+00 1.104967012157501705e+00 1.084103760844261410e+00 1.070304445700349660e+00 1.009880380257254906e+00 9.553352980996032695e-01 9.550574414580353944e-01 1.001388095433034531e+00 9.724562966049707935e-01
9.925366868336293891e-01 1.016827451920705228e+00 9.837298115774658624e-01 1.041834270484837122e+00 9.854894813752529403e-01 1.014406140190205585e+00 1.008343738516085386e+00 9.939727343569408902e-01 9.591019396240093586e-01 9.933402765594837591e-01 1.003495011746651233e+00 1.015070602360626628e+00
9.720934664904802291e-01 1.069625985651432298e+00 1.009612923393460981e+00 1.069848838684160919e+00 1.040449247512571285e+00 1.019354034851274626e+00 8.205851048801444669e-01 1.028295189885122696e+00 9.914110975716713403e-01 1.016127652452600394e+00 1.014152034370260802e+00 1.058810166134129593e+00
1.089836279783372053e+00 9.619621603402263021e-01 1.087346616046910075e+00 1.001497291736304973e+00 1.059212025842640958e+00 9.751339437261434817e-01 9.649241326021066323e-01 9.555023245236281548e-01 9.604939715122569055e-01 9.829561855321494734e-01 1.011759106760512728e+00 1.064785591564063161e+00
1.003820809778876111e+00 1.005450075089259654e+00 1.038646672914881552e+00 1.006081069306868248e+00 1.027795125194070236e+00 9.803899581316211087e-01 1.023783647515310147e+00 9.390123915088707252e-01 9.800061085939456573e-01 9.974247647169368625e-01 9.887203834022750826e-01 1.025766408656453077e+00
9.894263466268173879e-01 9.828415907199183899e-01 9.496636975264947100e-01 9.561791009924627271e-01 9.854930236699833701e-01 1.023571864512178076e+00 0.000000000000000000e+00 1.044098351002374470e+00 1.254645732477489117e+00 1.082438831917182709e+00 1.016429887250859476e+00 8.747132517341179581e-01
1.106971092128670620e+00 1.026577369446376453e+00 9.331389766223332494e-01 9.968927445550218591e-01 9.751100151294446183e-01 9.777629032575351209e-01 9.604721378067213600e-01 1.143143758630055462e+00 9.371890796086198572e-01 9.499823831616300840e-01 1.014463038443979226e+00 1.085944174807929707e+00
1.007564899225987576e+00 9.276171055549383704e-01 1.076214757880631145e+00 1.043561569910215647e+00 9.757398377306346626e-01 9.819908845310869605e-01 1.041807154664132096e+00 9.456418845241363336e-01 1.018857921521764798e+00 1.035736717352970349e+00 9.841251602896801121e-01 1.002228529884950259e+00
1.013181066979207845e+00 9.967586581570285764e-01 1.019492737963675122e+00 1.054602853605050461e+00 9.624482693881108997e-01 9.940171189501175730e-01 1.010123601206739385e+00 9.523838855761008748e-01 9.821424415696464738e-01 1.013329577727247965e+00 9.951547449588308281e-01 1.023204810243160789e+00
9.690404237752416883e-01 9.993186193174183884e-01 1.097928879689094916e+00 1.000703235971407867e+00 9.560461646007833991e-01 1.005588209807300792e+00 1.016239728185209135e+00 9.678253084042294230e-01 1.043990100612375960e+00 9.776992508823106887e-01 1.017182380714343193e+00 9.800906840095121586e-01
1.361638786424910208e+00 8.975631444874121456e-01 9.735028246091583792e-01 1.037221985770439669e+00 1.046234438868091754e+00 9.724099839800889322e-01 1.011036793894540819e+00 9.640781532637889839e-01 9.711329119413965039e-01 1.039152716517550923e+00 9.969137746402322309e-01 1.017507602590307370e+00
9.720595390068971220e-01 9.745770027374910383e-01 1.056144266977660839e+00 1.119508153842024178e+00 1.099479941705950647e+00 9.820920448951198090e-01 9.861024972331625671e-01 8.995729460919910103e-01 9.848959462441345680e-01 9.994672114410448893e-01 1.027772298598999212e+00 9.762887832811391053e-01
1.353766957853131503e+00 9.041469824007088985e-01 9.540864050263010432e-01 1.149810943408337893e+00 1.115379302763414016e+00 9.713709353146671166e-01 1.095426233127434035e+00 9.227948490749358079e-01 9.366342596384283903e-01 9.888671710509896462e-01 1.046731942718987618e+00 9.616752967175464795e-01
1.085769128914676251e+00 8.683472157630022226e-01 1.013266468850023250e+00 1.036990876178195631e+00 1.088410835027815216e+00 1.008467259172809216e+00 1.003175075500695401e+00 1.036396910221992984e+00 9.898671145828076279e-01 9.530653790068769338e-01 9.767168766280440728e-01 1.021782886168994153e+00
1.070185976320455534e+00 8.926222461147385046e-01 1.059065271850724299e+00 9.978161274367634004e-01 1.070577043952190666e+00 1.027892291017002524e+00 1.044909788703736853e+00 9.985591489601762794e-01 9.777073357974501722e-01 1.010185232241878728e+00 9.989713678387760476e-01 9.230520869866670752e-01
8.078255023142848490e-01 8.800372350126081100e-01 1.121846213186432628e+00 1.024876268646893740e+00 1.016062622442562180e+00 9.668436069349831685e-01 9.461232318576011657e-01 9.576785130993070716e-01 1.061588049661408073e+00 9.823967042688210860e-01 9.938000282144751063e-01 1.037875667394700052e+00
1.016083659271386885e+00 9.236281575896967411e-01 1.001737166811637936e+00 1.135927986862979466e+00 9.845291360356598354e-01 1.009868038239356558e+00 9.950751153635052360e-01 9.651461857819920720e-01 1.053466054274525776e+00 1.035365038853526265e+00 9.898654281919422315e-01 9.501039740883311380e-01
9.809956332899831821e-01 9.653170430474559138e-01 1.065400225664454581e+00 1.032672486683967827e+00 9.858553603121154030e-01 9.779912155071478486e-01 9.815287633850172666e-01 9.660582813427942561e-01 1.077474202562774153e+00 9.884282490239000296e-01 1.021479779390096487e+00 9.867021800842072921e-01
1.067544439048710547e+00 8.926717230281474569e-01 9.946270989889454128e-01 1.055093489019923725e+00 1.104621085430188998e+00 1.005270349971878252e+00 9.890463212906689394e-01 1.010724097314126269e+00 9.938505221055765615e-01 9.852686308900552303e-01 9.796127342406435456e-01 9.843302219451102175e-01
9.614480946298535891e-01 9.367272449131422984e-01 1.114558677184040558e+00 1.149777392942467058e+00 1.060801802117898873e+00 9.925599333889827403e-01 9.654659658163894376e-01 9.652984604333764151e-01 9.672146397840675203e-01 9.900189805631223194e-01 9.564199507245598753e-01 1.030841335329058195e+00
9.456354647366488342e-01 9.389846712056285627e-01 1.054720143796365583e+00 1.163404394827950439e+00 9.757853083669832950e-01 1.059680522921524704e+00 1.079698364635568009e+00 9.345156087709366455e-01 9.789960271106383782e-01 1.009529600605530542e+00 9.996875420606764484e-01 9.560384748110445363e-01
1.000407311254123854e+00 9.646440466289174509e-01 1.103475479904389989e+00 9.972047328807296385e-01 9.833305567807801850e-01 9.999052603146784124e-01 1.011625223755708403e+00 9.495672548475394548e-01 1.063138409411838792e+00 1.032775177742651707e+00 9.857635595789761007e-01 9.506529871933988574e-01
1.206956315976589700e+00 8.868126589690188410e-01 1.042470564681233558e+00 9.773884977386100292e-01 1.076034865731886336e+00 1.045907197990268322e+00 1.004921629773180225e+00 9.648557090943906678e-01 9.950960551920706720e-01 9.348523167243056875e-01 9.283362515489028688e-01 1.146867984331440660e+00
1.034149491983830771e+00 8.988248614074119125e-01 1.021781348188372629e+00 1.065122932279463974e+00 1.158578182621202712e+00 1.015108097414841870e+00 9.665683832814253584e-01 9.785497147214664571e-01 1.317225969337585845e+00 8.883295297031673643e-01 9.473037794540111189e-01 9.609976438011045285e-01
1.032658006540790652e+00 9.913882663607268553e-01 1.048871581177875267e+00 9.515836050094893528e-01 9.512367157552283903e-01 1.038835905998539033e+00 1.050927604982421659e+00 9.912342726918302871e-01 9.933560127413575414e-01 9.771080870474556646e-01 9.938103414595329532e-01 1.004919159540430540e+00
1.044113235613837176e+00 1.018500843311972881e+00 9.831272401372583847e-01 1.033540351864566276e+00 9.512107042665426393e-01 1.025357264560565085e+00 0.000000000000000000e+00 9.808516033742041840e-01 1.004436033621554758e+00 9.930439615935872100e-01 1.017070296899706516e+00 9.946516512752110462e-01
9.476591376010733425e-01 9.482695805848017079e-01 1.066727360203769681e+00 1.162244669639560524e+00 9.776123409945270959e-01 1.070253646286116300e+00 1.060240552511447998e+00 9.367797016544359145e-01 9.393852216334658278e-01 1.140947528823393009e+00 9.414042336507281172e-01 9.496261016763873908e-01
9.708437106886625978e-01 9.740973987320721283e-01 1.052951297804289421e+00 1.043182810977663744e+00 9.767155528000727172e-01 9.882110139396206305e-01 9.963202779563277156e-01 9.476015709989583646e-01 1.016230092040639521e+00 1.023834752963483252e+00 1.029076405828273311e+00 1.003438510263510830e+00
1.029660979429630308e+00 9.630753870910448988e-01 1.048807930478702577e+00 1.042961742541830938e+00 9.756484876455587818e-01 9.821660534489167205e-01 1.001367117046362720e+00 9.628815655523936812e-01 9.591901252768523234e-01 1.039121944274752352e+00 1.032860814491345813e+00 9.883067221167297633e-01
1.055355377297147124e+00 1.007044194866483444e+00 9.289565186242347838e-01 9.331450618308649858e-01 9.466651013976049578e-01 1.032756084133362284e+00 9.994528497057615368e-01 9.845984990305609585e-01 1.157840321345268819e+00 1.037653518764629634e+00 1.030329799462029960e+00 9.684957761634798157e-01
1.145235381450080858e+00 1.082228585492647444e+00 9.184948984253523685e-01 9.909374329265537851e-01 1.014779909835834104e+00 9.846441703981994031e-01 1.074373324005543084e+00 1.028762867525899294e+00 9.815303036901065203e-01 9.310480240290761600e-01 9.846068135357179951e-01 1.065048898165349200e+00
1.020422973402610900e+00 1.000929206049649300e+00 9.802476055480749961e-01 1.002528912185538745e+00 9.730820814898712978e-01 1.029761424807158932e+00 1.017763070860888908e+00 1.029963290523316477e+00 1.027159421365796854e+00 9.981133985624230931e-01 9.819144222013003187e-01 9.522773147419792972e-01
9.710290265555111544e-01 9.772988560319937346e-01 1.073512108879712157e+00 1.073247737287221115e+00 1.006351475479413837e+00 9.757567815972700842e-01 1.020625195160336007e+00 9.314456614338776363e-01 1.008904674913836397e+00 1.003242082036112537e+00 9.996181828999580743e-01 9.940095337303155310e-01
1.048563301969152484e+00 9.125896386497397428e-01 9.597752886506407677e-01 1.019077248313294382e+00 1.103237524918457169e+00 9.857458950169659673e-01 9.928664010901917525e-01 9.162740246137005551e-01 2.392228436755262866e+00 1.019866416556043154e+00 9.226912711836069425e-01 9.555586146609181819e-01
9.811679350217380469e-01 9.500115937636670616e-01 1.091918948363486797e+00 9.775792911386488315e-01 9.556844585861351549e-01 1.007071611828145308e+00 1.022326231483009940e+00 9.733038577370897171e-01 1.108089259928070502e+00 1.031835226804715067e+00 9.719601505064175972e-01 9.821161734501377971e-01
9.630800295532131461e-01 1.024837698443244349e+00 9.993211065386657932e-01 1.009104211529960882e+00 1.030305856170086187e+00 1.016904152282575691e+00 9.884972738798276648e-01 9.645877659191639530e-01 1.006759057479328368e+00 9.840312065882762527e-01 9.893761013188696607e-01 1.032348885291826335e+00
1.100075555661158111e+00 9.276420708396564407e-01 9.262108595377375186e-01 1.005784916149952801e+00 9.948349176913645620e-01 1.193613197870080800e+00 1.172671290376263942e+00 9.370423162755879831e-01 8.858688989813309211e-01 9.711094582848364132e-01 1.150663769595516861e+00 9.624396492600666431e-01
9.735887399872876768e-01 9.817068491924306750e-01 1.099007217097440758e+00 9.871140326581633317e-01 9.697652220608337093e-01 9.939170041923299781e-01 9.461720992502736793e-01 9.877652323408876445e-01 9.864932563544536182e-01 1.043014392912232635e+00 1.027209219599182877e+00 1.033795366500734891e+00
1.013609288579469192e+00 1.026739249828129363e+00 1.051583200506008620e+00 8.853035059306516574e-01 9.270928887203825353e-01 1.038916095321238631e+00 1.045603275551965972e+00 1.036706177068368984e+00 1.101487264171454816e+00 1.003350970711626156e+00 9.303908851976228078e-01 1.028996807629577015e+00
9.945372519054007654e-01 9.724762722086924827e-01 1.064994576086168321e+00 1.046765115066778717e+00 9.975648368406606625e-01 9.585746196885293058e-01 1.045192957823675828e+00 9.281915538109476449e-01 9.914906326914795232e-01 1.011954193491025666e+00 1.017115920008553331e+00 1.004631560509004151e+00
1.013771500593569019e+00 1.003274943757922699e+00 9.749598454968241290e-01 1.013565932684736604e+00 9.594832479431789629e-01 1.049890737436914634e+00 1.067155111824656943e+00 9.803037108992426196e-01 9.631014507604402919e-01 1.019020712733197831e+00 1.013506285197221413e+00 9.673212982447666475e-01
1.001003531436488903e+00 9.404675176894972122e-01 1.059617403275792791e+00 9.607434676290489417e-01 1.019961585207318278e+00 9.853962177514140608e-01 1.038966460208867293e+00 9.381003823029124833e-01 1.054329463995989702e+00 1.073890599032930604e+00 9.876106646716149573e-01 9.859727021659685509e-01
1.143826193074788611e+00 9.623213173839978429e-01 8.149288347079318706e-01 1.068591958954050236e+00 1.048644520306761585e+00 1.076029049368505630e+00 1.087377397742199214e+00 1.844897832748987332e+00 9.021025549448916658e-01 8.839303968532912226e-01 9.748740193066729454e-01 1.005727176746421092e+00
9.564665258870749254e-01 9.271329745138612299e-01 1.107776396002080554e+00 9.983591193183231072e-01 1.068409450176454945e+00 1.072576076901827102e+00 1.100190331124635490e+00 9.876990336967245154e-01 1.050048762878248443e+00 9.923597943516845321e-01 9.240601756673864076e-01 9.191459590620439934e-01
9.787935459398477978e-01 9.657195138223870767e-01 1.050057203070493550e+00 1.082073256337853451e+00 9.863470953815303144e-01 9.643285554249148017e-01 9.695037176961233127e-01 9.330199773349092673e-01 1.152803645480596550e+00 9.929371738650583090e-01 1.002970252135592988e+00 9.944685893076623540e-01
1.337071958836240082e+00 9.551866279020065909e-01 9.306975534303384423e-01 1.342345885224037749e+00 9.534382758391680701e-01 1.019982829541877800e+00 1.020363677556561210e+00 1.031479295855354250e+00 9.256699140768973599e-01 8.706683041113250088e-01 1.011599092389323662e+00 1.127593070590365398e+00
6.325812706624565074e-01 9.648584687241310576e-01 1.058687729875844363e+00 1.014617925501237528e+00 1.013310591362891033e+00 9.943765127767012491e-01 9.840035428319243715e-01 9.245502734189462446e-01 1.020438115224374442e+00 9.978615803082927505e-01 1.047384625191718932e+00 1.005845096925555460e+00
8.488807242054698943e-01 1.001529076124987760e+00 1.076340471978866065e+00 1.008672936747155413e+00 1.020125559995085585e+00 9.939046294211751897e-01 1.032035567776427687e+00 9.337398413373315664e-01 9.126331471031604581e-01 1.011542184192133043e+00 1.004542414504577152e+00 1.064856485910206985e+00
9.949700513835149085e-01 9.640650924010940592e-01 1.030597258772093294e+00 1.108271836176570657e+00 1.000054626518654066e+00 9.752246981807750625e-01 9.991467917240103302e-01 9.732344235628112017e-01 1.033540319486918158e+00 9.975703863189041565e-01 9.844311543862542813e-01 9.707852158966440159e-01
1.012106653041213500e+00 9.812201273032056248e-01 9.742301139124984743e-01 1.055269546273031267e+00 9.377933563996412314e-01 1.055915076419927434e+00 1.084441599131978462e+00 9.728580419322176986e-01 9.604933988776847009e-01 1.019524832445116269e+00 9.913710479198585279e-01 1.002197316319321185e+00
8.590594699683288260e-01 9.423637174525328897e-01 1.252047444656433806e+00 1.149662483939408508e+00 9.581856611784144162e-01 1.107181676970203865e+00 1.109360075165443993e+00 9.476369099860370016e-01 1.151549104243627664e+00 1.182143846072067461e+00 8.585231955475901566e-01 8.872301343425935682e-01
1.052178935343365263e+00 9.539206009746348247e-01 9.255578705624110114e-01 1.018130043814490460e+00 9.788907229194424575e-01 1.136824542715019426e+00 1.170136174687385289e+00 9.990273826208091457e-01 9.187074537714666755e-01 1.089059118881896104e+00 1.078365197268259079e+00 8.650346636264829581e-01
1.237602792899822557e+00 8.840591723508602895e-01 9.925797145161789903e-01 9.975314722542648616e-01 1.066585521859374275e+00 9.840678386773107356e-01 1.007884581930841961e+00 9.323559360591924250e-01 9.856558500620163921e-01 9.871411235592705280e-01 9.831506747477689601e-01 1.091061068416969260e+00
1.120191824843003614e+00 9.051184169877889429e-01 9.951340226916359777e-01 1.045216176557502763e+00 1.066023025863565898e+00 9.975356549742590007e-01 1.000907267183544391e+00 9.830585586927348407e-01 9.508869585999476515e-01 9.676836996527277135e-01 1.027296279784704947e+00 1.007600877107355020e+00
8.960350691219454156e-01 1.045526763423086480e+00 9.975376222719539721e-01 1.089199418974234890e+00 1.010419704825315623e+00 9.755715072806974142e-01 9.392604810962368322e-01 9.447449110556729313e-01 9.959991458788877150e-01 9.495392543680274411e-01 1.031753638912289661e+00 1.093561902680450171e+00
9.399224694172908512e-01 9.877181222957651663e-01 1.119802179665535746e+00 1.120792767529921408e+00 9.857717545474160570e-01 9.788144548103820952e-01 1.023838475612550480e+00 9.346848785072806587e-01 9.844588488589705033e-01 1.007357220283978227e+00 9.867521675993654595e-01 1.000087242329417814e+00
1.028286766557542586e+00 9.531121878739984288e-01 1.020651030697111716e+00 1.019401078383774584e+00 9.880403101447007286e-01 9.777808205018767573e-01 9.937759681502680298e-01 9.542544038122671157e-01 1.097366141778218784e+00 9.947995226993242568e-01 1.014516133321897273e+00 9.889434040126909853e-01
1.010438563422858538e+00 8.963789324406222780e-01 1.042539841388297361e+00 1.065992068399024051e+00 1.122396026389064883e+00 1.013679637138785727e+00 1.043714834825055782e+00 9.473143630227871537e-01 1.053550341430929294e+00 1.012526827175417754e+00 9.527852442903885777e-01 9.316342810595525936e-01
9.626815560558582563e-01 1.025620562319030871e+00 1.029392731959157814e+00 9.329524061160069381e-01 9.897942616040766861e-01 1.042977870931999007e+00 1.042648996212794277e+00 1.049137652310179636e+00 1.051097702042860904e+00 9.874061885474095801e-01 9.428715334110480129e-01 9.837349159116040020e-01
9.891249345637697088e-01 9.772609483783778472e-01 1.091009347237289928e+00 9.958036431574002201e-01 9.691762763651649015e-01 1.014980405985003831e+00 9.927048171653420905e-01 1.003426009875073355e+00 1.001119830078361472e+00 1.011879048779728008e+00 9.835370233172182619e-01 9.895079553619443580e-01
9.852861862399381332e-01 9.911656864631751551e-01 1.017663127743763996e+00 1.061573989455286915e+00 9.810830665921965732e-01 9.943197816351301288e-01 9.947690233835808638e-01 9.757930797906450016e-01 9.711972003972894063e-01 9.916600761242146955e-01 1.025935396835196523e+00 1.024051000611664097e+00
1.000385021188666235e+00 9.434630558433807490e-01 1.091357902717493333e+00 9.742328796961921000e-01 9.697634588935259981e-01 9.961064705282050014e-01 1.006576799525645383e+00 9.334467061242005537e-01 1.139472799957503835e+00 1.005688327669859383e+00 1.012539960920990634e+00 9.943465771763656535e-01
1.072092146226814702e+00 8.947479142318166545e-01 9.763641511434477671e-01 1.050225916706000850e+00 1.115249246123330762e+00 1.065852895618229379e+00 1.034193599656485496e+00 9.768950746189843937e-01 9.642542523314269198e-01 1.009356619306014613e+00 9.726478305265874313e-01 9.525945227734212706e-01
1.038377593162973289e+00 9.474160856412605636e-01 1.016910657251921757e+00 1.016663147799198974e+00 1.008442158258955113e+00 9.973465246550587970e-01 1.011401391334082467e+00 9.633358665346732908e-01 9.951130979569204893e-01 1.023786265248346705e+00 1.013751673453766378e+00 9.827307517852992280e-01
1.231904575314386463e+00 9.179608355818338339e-01 9.639583739215887848e-01 1.020162172028376446e+00 1.059503571532732558e+00 1.007775381968857964e+00 9.827763290873604562e-01 9.980145153699750971e-01 1.016006524340423711e+00 9.539858248661511331e-01 1.049108710800876754e+00 9.664263696526954606e-01
1.108118410610361870e+00 1.001340761209732477e+00 9.103892474756205555e-01 9.472276290012509037e-01 9.235842035842957154e-01 1.044041038810641142e+00 1.026571535993225037e+00 1.928763073082102153e+00 9.076222149952535290e-01 1.042851476104402764e+00 1.055789693888805614e+00 8.986664318499713033e-01
1.006187931716754136e+00 9.819464538696827116e-01 1.053236025358924577e+00 1.064439828949669042e+00 9.892581237065424249e-01 9.767424137550039243e-01 1.005194886346064687e+00 9.482791276317643625e-01 9.641424495381101245e-01 1.007032173884519821e+00 1.014186909375983658e+00 1.016081893455210272e+00
1.001165934481337949e+00 9.246204770911509163e-01 1.044078325216515557e+00 1.061013590617587488e+00 1.018225250342286392e+00 1.011779469381546503e+00 9.807132612890501200e-01 9.857816348915710014e-01 9.960751527710509645e-01 1.020458428880020030e+00 9.578666132025013269e-01 1.029916117115846630e+00
9.211018820620984204e-01 9.964389563521560689e-01 1.069359444639427448e+00 1.143071934233471865e+00 1.003910390520554641e+00 9.719717018367370898e-01 9.720311454858845401e-01 9.568160560418679239e-01 1.040159304310225741e+00 9.958918942520972317e-01 1.005609338113151896e+00 9.906558045684973335e-01
2.193587549983986307e-01 8.467011276063860503e-01 1.133503564099741512e+00 1.012996164211479533e+00 9.927708841810275464e-01 1.060638698172799987e+00 1.033063751282472742e+00 9.805214241448808599e-01 9.596959622659851918e-01 9.612692032533081132e-01 9.658663335556256779e-01 1.054547327560609205e+00
1.119550707966364689e+00 1.009162305697252293e+00 8.290886954197195235e-01 1.013075983972466121e+00 9.861358937973231376e-01 1.097535341031648626e+00 1.106098266935547469e+00 1.799276430114658654e+00 8.497848371968523828e-01 9.343703168636817713e-01 1.056381645649510315e+00 9.663271173201642972e-01
1.550973314125965619e+00 9.795124657158909010e-01 9.019803801599303172e-01 1.024285397329859792e+00 1.021679937391515525e+00 1.092243602289855398e+00 1.066673604813161758e+00 8.801321155104147032e-01 9.292257276941079391e-01 9.812657381015372771e-01 1.039805204542483263e+00 1.070002276062923308e+00
1.002001794130940482e+00 8.764661992713060901e-01 1.055634664028336722e+00 1.075145634025088448e+00 1.118207034404484324e+00 9.846433657827863284e-01 1.045941927979300079e+00 1.018378553898808825e+00 1.008946255923054425e+00 1.005539288949215182e+00 9.791391272527670830e-01 9.254495669653209911e-01
1.186949978519856508e+00 8.963532565700008670e-01 9.771465080998527064e-01 1.008998015137345217e+00 1.057999666967921693e+00 9.543630262436975098e-01 9.690638251208858467e-01 9.435866085237032408e-01 1.070759908742793920e+00 1.008194703103591161e+00 1.006816973834585349e+00 1.031312696860743117e+00
9.995847660933384615e-01 9.717450862616678897e-01 1.108428449318768161e+00 9.853413312176576566e-01 9.909623607479304264e-01 9.983501706707783585e-01 1.027836218752400166e+00 9.364874420981165182e-01 1.071148075202314809e+00 1.015231018561434606e+00 9.645895827196762085e-01 9.765375137434212371e-01
9.131024173665172050e-01 9.329186555053891050e-01 1.205415306133405862e+00 1.207512060567447865e+00 1.026434706384777185e+00 9.327135842997072990e-01 1.047473149495692368e+00 1.073435778334459245e+00 9.285769718675743745e-01 1.076101195681897549e+00 9.298233220639948726e-01 9.471855645192394091e-01
9.973378648807426083e-01 8.248044213434234662e-01 1.149157347581347244e+00 1.063968555322102105e+00 9.714611004994215815e-01 1.003380097055734277e+00 9.651511617134057586e-01 9.926562378002716791e-01 9.443841619173855007e-01 1.024491684103423506e+00 1.000348989401892874e+00 1.041952012988979437e+00
1.003674212694507739e+00 9.660251844053546755e-01 9.981176992564029238e-01 1.009280546923917887e+00 9.572195802779149831e-01 1.071692312643544032e+00 9.802826526556611686e-01 1.087799543466694052e+00 9.580261447023250554e-01 9.738246793380249677e-01 1.059881320378506242e+00 9.772258118971256513e-01
9.739864625172049983e-01 1.021869415486719834e+00 1.011474257237613195e+00 9.817473255664938003e-01 9.643467887123339244e-01 1.034248974655325837e+00 9.804480149041966408e-01 9.748160269410238721e-01 1.148741510080632633e+00 9.467919129197486239e-01 9.677873035781083821e-01 1.053736870790078939e+00
1.032847571875711079e+00 9.673307874610369561e-01 1.030857761214663659e+00 1.063269319524850154e+00 9.814501557991109904e-01 9.884146338046189140e-01 1.017557003365891388e+00 9.606543292140385937e-01 9.596680840655013034e-01 1.008345284525900665e+00 1.010894902563910680e+00 1.020870627230124894e+00
1.012199621620669010e+00 9.106754924010821428e-01 1.060081380764948289e+00 1.062425091970181423e+00 1.062423982606125472e+00 1.030627636708761896e+00 1.002009929028585100e+00 9.450303185939136208e-01 9.888760036338688497e-01 1.072468972915166852e+00 9.282291033015978021e-01 9.942395145614546514e-01
9.881942615314753819e-01 9.747620716343478042e-01 1.065759905765507831e+00 9.727971857483557194e-01 9.677493092849385192e-01 1.016303829312026119e+00 1.102357683660750931e+00 9.050135914228351064e-01 1.027500466758903830e+00 1.021295565636927583e+00 1.018018122112873014e+00 9.960760340923505707e-01
1.397552441084977337e+00 8.860855913327331246e-01 1.046532130817446227e+00 1.041488120063191358e+00 9.579757018559214021e-01 1.005446062623632564e+00 9.948387498190440770e-01 1.010222651687762818e+00 9.719343063036059993e-01 9.985069383210355420e-01 1.022721725660904690e+00 1.012078359619350554e+00
8.960054898708509352e-01 1.045812384700176123e+00 1.002602194682586711e+00 1.065977786557174456e+00 9.927807151601191205e-01 9.772315357045786577e-01 9.472226624718377286e-01 9.536590987674821163e-01 9.928009142873358561e-01 1.010709941713568316e+00 1.018067686633410185e+00 1.046874081497839448e+00
1.000690145313044122e+00 9.569082656673212339e-01 1.121178243802705587e+00 9.639651711781118681e-01 1.006109454238346412e+00 1.001944941907698672e+00 1.037439676726501281e+00 9.021264929644103869e-01 1.127677778918615203e+00 9.491215286861461875e-01 1.003624121617702203e+00 1.038975866474888932e+00
1.010890968711823268e+00 9.342798471325987064e-01 1.002691243724409542e+00 1.086164441849997608e+00 9.911277716193733767e-01 1.071378550700473831e+00 1.136094183696393367e+00 9.087624871850795705e-01 9.789674421547066574e-01 9.888501048994760012e-01 9.757025675821832111e-01 9.996682013350842722e-01
1.152240063166805051e+00 8.479165362774567782e-01 9.805084149024062556e-01 1.072126335351752058e+00 1.080307061082409259e+00 1.017531127265876245e+00 1.022654280008945094e+00 9.857378539476521206e-01 1.021556788892502565e+00 9.942624949051552807e-01 9.496734913766039510e-01 1.002633584691076329e+00
1.055983460101318494e+00 9.751859548480906748e-01 9.341849505340092952e-01 9.675405475920414444e-01 9.473374815722174214e-01 1.017665562454534767e+00 1.010756226020367077e+00 1.778625039884694559e+00 8.518392376125389909e-01 1.036070894017935506e+00 1.062107104947564773e+00 9.867386656250208832e-01
9.617625410218443305e-01 9.743304389667460930e-01 1.042532447411128604e+00 1.052002270589205368e+00 9.871440047217945324e-01 9.854436636106035374e-01 9.663800251503100736e-01 9.870636470877286461e-01 1.070775579097954955e+00 9.978640593163059513e-01 9.978464224770823288e-01 1.002307624141044684e+00
1.575168492003474530e+00 9.796699913340561894e-01 8.382451643429676968e-01 1.020356863752250209e+00 9.910491620630133003e-01 1.118728585425914135e+00 1.191538417262361316e+00 1.006682678809392995e+00 9.104925592773819298e-01 8.273141347775695431e-01 1.013437664122391224e+00 1.186463988210989084e+00
1.026661675520643024e+00 1.005803692594682053e+00 9.657334526732770374e-01 9.849324333602219594e-01 9.897176971336810736e-01 1.031870223084057070e+00 1.069946370058109775e+00 9.780488561255635815e-01 9.972116930060326290e-01 1.008310040166996879e+00 1.023478892318470557e+00 9.429710536095001761e-01
9.694966986474383708e-01 9.325016521498918909e-01 1.082307883291603545e+00 1.092889400340232742e+00 1.063046691220602469e+00 9.958759383291884149e-01 1.059950270198194655e+00 9.165737599983652117e-01 9.992485618701154593e-01 1.141347711774551854e+00 9.637172859554911097e-01 9.074890791315619598e-01
9.920878191604068919e-01 9.953483740411286362e-01 9.980986871340128408e-01 1.038939663398003255e+00 1.002515128916967146e+00 9.928710820805187742e-01 9.782557545838485025e-01 1.005104525402993776e+00 1.000652397396995630e+00 9.906767014650073033e-01 9.804929124685130004e-01 1.029525146721673057e+00
9.915064129460743336e-01 1.016045248443748994e+00 1.094941446033071308e+00 1.049188975787718192e+00 9.761063033015644486e-01 9.671007800599070725e-01 9.475692427066476631e-01 9.635970078480106116e-01 9.827803559192426208e-01 9.990271140817873485e-01 1.007545147084884407e+00 1.041726140155127656e+00
1.094053431937002996e+00 9.749513411379955308e-01 9.447146318973712598e-01 1.055155837077130343e+00 9.915374618080653457e-01 1.065144931165104891e+00 1.035285557434715731e+00 1.018543653716892150e+00 9.507621867125126691e-01 9.295798190416533213e-01 1.001085603011065306e+00 1.065040425913597266e+00
1.237359097897231530e+00 8.979951680446324191e-01 1.091722987198416872e+00 9.675556353565721857e-01 1.013313944541634148e+00 1.030291522282561933e+00 1.051062344581891628e+00 9.890611316666972908e-01 9.693374664051263023e-01 9.846058004320858981e-01 9.907081460443418752e-01 1.006320145524780330e+00
9.748300866209723692e-01 1.030872611222370061e+00 1.106519058151454127e+00 1.018559299600698909e+00 9.652133741531375710e-01 9.852585939198261755e-01 9.461431770165185107e-01 9.795474821210964356e-01 9.899959052585806107e-01 9.991852090633792649e-01 1.018423999225090970e+00 1.020631983473704762e+00
9.859827768751440180e-01 9.733916664896063997e-01 1.034402894911240933e+00 9.887400512824875420e-01 9.514749738215620978e-01 1.030525955616324874e+00 1.075588984177677343e+00 9.838699301467329628e-01 1.003886646649872150e+00 1.009333229743057725e+00 9.887750395234548018e-01 9.965419506864958699e-01
1.008396491095831626e+00 9.782933151349990641e-01 1.071449473172381817e+00 9.864892045355080352e-01 9.789732350837819785e-01 1.027288524338804798e+00 1.045773335699219597e+00 9.350336233290478249e-01 9.933259598287956793e-01 1.016966225825654435e+00 9.949187307357325594e-01 9.902846559422932016e-01
1.034648621406037972e+00 9.235124293055418931e-01 9.591344408053301684e-01 1.045270874686887730e+00 1.001545182881280027e+00 1.184357086883062626e+00 1.160137895242803863e+00 1.017771963393793611e+00 9.518669548221089238e-01 1.001220415276479203e+00 1.026352948352165395e+00 8.641722164615037727e-01
9.805300620840370351e-01 1.024180409353431020e+00 9.817913363974991592e-01 1.061371717740085208e+00 1.011763953559546847e+00 9.746691170728436493e-01 9.876855296133826290e-01 9.439384888398741902e-01 1.011445257568067246e+00 1.019915874170758352e+00 1.033798980361089859e+00 9.905470022453850554e-01
9.708671088502635049e-01 9.451983115650015588e-01 1.043078055239293755e+00 1.183914904761120379e+00 9.515555995881259665e-01 1.114473281648660885e+00 1.160266447004850043e+00 9.076901835116337747e-01 9.011081894297785500e-01 1.101195427414545014e+00 9.656922181485961820e-01 9.551839883658908015e-01
9.410462177845885234e-01 9.586602426610160155e-01 1.110150482043360309e+00 1.241001221115250575e+00 8.801613080430282787e-01 1.056424204499881725e+00 1.080660336875518990e+00 1.541043299510347797e+00 8.048735615458496584e-01 1.146452709456183605e+00 9.555900374980831335e-01 9.242550889938838665e-01
1.015113934657036143e+00 9.687697783661732842e-01 1.135058258707405621e+00 1.029182029785441488e+00 1.023465381574927724e+00 9.389555455672711215e-01 9.556181290113575644e-01 9.067978196292446613e-01 1.248848093206897047e+00 1.015047451854649951e+00 9.574273171258194104e-01 9.692867760995050874e-01
9.442037904627539335e-01 9.897319858923090408e-01 1.100368261733351449e+00 1.137441794315056098e+00 9.738702157710547036e-01 9.961310100145032154e-01 1.021618444301819473e+00 9.506114682867627952e-01 9.798564273301777483e-01 1.015385028707628701e+00 9.830777572236143458e-01 9.742850340510255114e-01
9.371794050430030110e-01 9.341899818603329742e-01 1.080686453755899779e+00 1.239145857589783351e+00 9.870567043467377566e-01 1.068644560839213664e+00 1.029520548735094243e+00 1.238702280671528877e+00 8.296114838630012089e-01 1.223130615011157829e+00 8.753204569214882991e-01 9.569561909890602625e-01
1.155033481546874796e+00 8.271689390152442423e-01 1.007013555872695143e+00 1.138017893273426839e+00 1.123457223111453462e+00 1.071910987827612960e+00 1.129488024731401197e+00 9.804563888727678700e-01 8.981524684391650748e-01 9.066354453095116783e-01 9.232859958444578075e-01 1.046372233977354904e+00
9.885413315372945098e-01 9.838871850468278168e-01 1.031254519176095341e+00 1.126437439523404027e+00 9.909130143545893388e-01 9.570849726035413063e-01 9.691523381187054920e-01 9.532618838889057589e-01 9.962481307914141659e-01 1.040897301599282621e+00 9.955748645935497132e-01 1.010425975334800386e+00
9.506546833431978039e-01 9.718759556068110594e-01 1.072860690975345754e+00 1.108313975679461771e+00 9.947916775883313134e-01 9.900459014568033789e-01 1.022427594610859858e+00 9.589285352925118744e-01 9.429439153585285061e-01 1.010498160576206228e+00 1.025156621074864383e+00 1.001491424008196907e+00
9.576636589634012209e-01 1.011657943306305985e+00 1.093834736435304489e+00 1.083629276493822458e+00 9.726909702592009266e-01 9.646026446960173084e-01 1.019244555447498257e+00 9.852467419530543946e-01 9.345289930284887969e-01 1.019062933132598214e+00 9.893475960984438045e-01 1.016766134426800638e+00
1.056282708668219161e+00 9.289393408944411901e-01 1.039484355794803028e+00 1.024498535043530945e+00 1.089959790101320269e+00 9.705626014414887592e-01 9.824934825477251721e-01 9.472038183331679129e-01 1.042582217946209866e+00 1.005567625000423737e+00 9.657362828414589595e-01 9.965996416718102546e-01
1.018980118265101709e+00 9.623568277511783675e-01 1.018675096861901608e+00 1.061372576586483207e+00 9.741096997751693687e-01 1.019777447360510347e+00 1.002779889350714715e+00 9.635181713303953011e-01 9.995429882065041127e-01 1.026819691446210214e+00 9.729570668589275773e-01 9.982780313677486195e-01
9.976971401841728815e-01 1.014733431095977023e+00 1.055983712169292099e+00 9.851275521197567775e-01 9.757208441244201724e-01 9.961950487687292188e-01 1.009599269826237711e+00 9.568940543537833854e-01 9.892915368776158402e-01 1.009556484750271377e+00 1.048624550667384581e+00 9.784258518568992313e-01
1.078491145981601784e+00 9.931758426752045343e-01 8.711819190566403304e-01 9.878437289076492656e-01 9.554291875634500775e-01 1.054030853683238123e+00 1.056102855836253518e+00 1.509427264300528204e+00 9.340561490535392863e-01 9.473172224119190687e-01 1.067301441570713383e+00 9.330677339993617148e-01
1.058617138070752972e+00 9.356157331023317036e-01 9.385753719902344416e-01 1.049842765619830587e+00 9.825481817835138854e-01 1.077607930315123141e+00 1.066185425906303497e+00 1.052638983523456417e+00 1.011440230555192610e+00 9.785286664388745947e-01 1.038153752089874704e+00 8.938359892639250459e-01
8.679721613140594094e-01 9.609916715397310849e-01 1.052746603586928176e+00 1.005117767855505662e+00 1.014916112427393102e+00 1.017385334323340773e+00 1.031514839920305349e+00 9.430097354547610777e-01 9.567366055400442493e-01 1.002607202171240219e+00 1.020550454535711804e+00 1.005760588743162653e+00
5.570135470170324288e-01 1.099354429632644070e+00 9.340812397443319925e-01 1.073441537598584850e+00 9.945062779492226390e-01 1.007638495361034003e+00 1.048979939146688078e+00 1.050937049137280477e+00 9.243342700393636369e-01 9.550937470974509846e-01 1.017835329538867795e+00 1.005002698919094106e+00
