1.212829399567582733e+00 1.005759629820219825e+00 8.703996769540931489e-01 1.065240097446066292e+00 9.687033781473404215e-01 9.743358152565341213e-01 1.080558573876798878e+00 1.542862713572544120e+00 9.041638856379813349e-01 8.801019367216004197e-01 9.650033847380816709e-01 1.088390942678818307e+00
9.434928863025913159e-01 9.639665473736659385e-01 1.079924719880388739e+00 1.171763669522272844e+00 9.639487568653986038e-01 1.060741289902307205e+00 1.017644523922842437e+00 9.541951617535187058e-01 9.397460188410518001e-01 1.031727905903791598e+00 9.841135055738844395e-01 9.821769297771343332e-01
1.022196427223603710e+00 9.989885586258336891e-01 1.042814789996220126e+00 9.675436628445455156e-01 9.387792680506225063e-01 1.024541508130849765e+00 1.098447612443939514e+00 1.005488517580840790e+00 9.720129596266235961e-01 1.015505076136982154e+00 9.870356644150596326e-01 9.803805665847259432e-01
9.715045978251330983e-01 9.593094429614071883e-01 9.504291503833388610e-01 1.000922630236918742e+00 9.914145274670033148e-01 1.094988752696361978e+00 1.110964712856393977e+00 9.628253815687813910e-01 1.073023898490421901e+00 1.227473494247036445e+00 1.070787957109989419e+00 8.198254280849200937e-01
1.082136495372820528e+00 8.862750778352843639e-01 9.397372683100930768e-01 1.115735779459285482e+00 1.056283441858486993e+00 1.103829880473431002e+00 1.087656229801355900e+00 9.655682840115591414e-01 9.676093967645227334e-01 9.352715419637582794e-01 9.768614835297142474e-01 1.010127703149776401e+00
1.179160507672834424e+00 9.403317897517172730e-01 9.726866374738342147e-01 1.062198118144436654e+00 1.048797019668214370e+00 1.063341908258949697e+00 1.065404482122606522e+00 9.686574212450725918e-01 9.279874489188670861e-01 9.971930893856143507e-01 9.908958076976227547e-01 9.998755338780723756e-01
9.677273757851211355e-01 9.894566044283931161e-01 1.086167622347380624e+00 1.042794183405070241e+00 1.003405191917110528e+00 9.758324685029829970e-01 9.597017295563524675e-01 9.278927667994086859e-01 1.153047183895145933e+00 9.719809759153172912e-01 1.003307577705926601e+00 9.936735234637293912e-01
1.208074955908137627e+00 9.523129473791399624e-01 9.506416584906866030e-01 1.063261623193454630e+00 1.053431738882034896e+00 1.010147182137153710e+00 9.631534400235377547e-01 9.675795136320713974e-01 9.775198026372349247e-01 1.009852874532579436e+00 9.748105410608652877e-01 1.066345044650041096e+00
9.263541599480162869e-01 9.506531976459768885e-01 1.096300773902935122e+00 9.841281601943349111e-01 9.696760060934029868e-01 9.986986084852856882e-01 1.067166396903211023e+00 1.037176459837952258e+00 1.049606329391758575e+00 9.694719320611552282e-01 1.145031870302353649e+00 9.021719951384378211e-01
9.772758603951363643e-01 1.054441363609541993e+00 1.002460894722393858e+00 1.048518228030772770e+00 9.869011561505861563e-01 9.888343343366031712e-01 9.723949332295980241e-01 9.620834894386526281e-01 9.515279033825227994e-01 1.012735392029673998e+00 9.980632199951470218e-01 1.055492994799782425e+00
9.902182724645982592e-01 9.440487054131243561e-01 1.083596925968330460e+00 1.042504536679843996e+00 1.046190479499324422e+00 1.003417710515912109e+00 1.016630131463859055e+00 9.448944761674250570e-01 9.549874853442769096e-01 1.002392028230059573e+00 9.826812729500358223e-01 1.028994925501575564e+00
9.831463859917285442e-01 9.619713976513631915e-01 1.029382206184718873e+00 9.962083664431993224e-01 1.077224767059450583e+00 1.012084925084277387e+00 1.036247918569844106e+00 9.936826694253463321e-01 1.011578957176183513e+00 1.009479259153407193e+00 9.788914725968386188e-01 9.386174234686300855e-01
1.074765278936411272e+00 9.310023106587596020e-01 9.586768291280202137e-01 9.713930538601877052e-01 9.350409921247386791e-01 1.204141294318192168e+00 1.211058592158027913e+00 1.027084196913572223e+00 9.684354198216138521e-01 1.033841503648515348e+00 1.045802639526205224e+00 8.619496496353001858e-01
1.018007662092419441e+00 9.388635515023483480e-01 9.811129563302731782e-01 1.110995278197521419e+00 1.023797521678361466e+00 1.026522292715126738e+00 1.043805778786170091e+00 8.986314716984921125e-01 9.648650706772514685e-01 9.863389283967528565e-01 1.007340092126353559e+00 1.036773054199767286e+00
9.791265029374313089e-01 9.851284729963333264e-01 1.050828192039948039e+00 1.090739831834165008e+00 1.001799538960423730e+00 9.582159514298653757e-01 9.659785211607802013e-01 9.580279852889841408e-01 1.069500049199780145e+00 9.913182668483957460e-01 9.767509454399515567e-01 1.013511996198292131e+00
8.464381149613714461e-01 1.168420741470529212e+00 1.260046564349985632e+00 1.067678161781345336e+00 9.250580302845358149e-01 9.771921664531677543e-01 9.660656815958359456e-01 9.820531894391928418e-01 9.657454066801197667e-01 1.111352550423908347e+00 8.986509700842166826e-01 1.100070408686343093e+00
1.090678303029707363e+00 8.258086795800467783e-01 1.012513763330252337e+00 1.176212168123034418e+00 1.148785846231763941e+00 1.165149168683945247e+00 1.075361805824733841e+00 9.270973431929462327e-01 8.317817943595432473e-01 1.380778982551673639e+00 1.082483536484043274e+00 8.530464275946388897e-01
1.035031348153437669e+00 9.602872999585307934e-01 1.084120492188777707e+00 9.621000662210622556e-01 9.871487363175607266e-01 9.886006419536302881e-01 1.061536399583196566e+00 9.600345004928321213e-01 1.005205387495070823e+00 1.029055150081758185e+00 1.002051205551246715e+00 9.618021686407902671e-01
1.030223105445497556e+00 9.570812147617354659e-01 1.057312486243735528e+00 9.835287550972879878e-01 9.937670300032277471e-01 9.869956620267107406e-01 9.667054225949870405e-01 9.781742689400378943e-01 1.120770956026466258e+00 9.757376040178984411e-01 9.935517721242113076e-01 9.981141288278999602e-01
1.003038140633654152e+00 1.002101999951949596e+00 9.760420793144091167e-01 1.045023691941306287e+00 9.393190980316089567e-01 1.076229662806793108e+00 1.037922034600298860e+00 9.250832310437483441e-01 1.009900312618860152e+00 1.013111165160780924e+00 1.030151256077436406e+00 9.837585713222036787e-01
9.648644033683648757e-01 9.452291180213745481e-01 1.057508044224392485e+00 1.191474362609008741e+00 9.536919328498274506e-01 1.030436742866702060e+00 1.012864080825501167e+00 9.654006621205509786e-01 9.571876864357534709e-01 1.036441580034444865e+00 9.836976126507173124e-01 9.894446534913060587e-01
9.635151779515764847e-01 9.856951112502240209e-01 9.820279914885523542e-01 1.069842245157036631e+00 9.807553018991956861e-01 1.028084627383957894e+00 1.039330175992187133e+00 9.703484913036263260e-01 9.434603932334114651e-01 1.002803403858951947e+00 9.860684233415749622e-01 1.047373792131254699e+00
1.101996976746500101e+00 8.806476206535972517e-01 1.047322794647865374e+00 1.065651214071804187e+00 1.096247329163480222e+00 9.932040468459301108e-01 9.842235158904785175e-01 9.575723721063990057e-01 9.786406966992917678e-01 1.066888400755293898e+00 9.433929089334216478e-01 9.859077988782440904e-01
9.957496314600270404e-01 9.613331556719914017e-01 1.065487216694404937e+00 9.699194406520885714e-01 9.808399894772185101e-01 1.003742174441015322e+00 1.030278322900491483e+00 9.351437548765806351e-01 1.058009122264402135e+00 1.003763723583199985e+00 1.042388525135558019e+00 9.879865716214271121e-01
1.032518955510115077e+00 9.862668480149666683e-01 1.137200860325454199e+00 9.751681163676447772e-01 1.010427314586785696e+00 1.003478436986316336e+00 1.033920681538895714e+00 9.378320783159810325e-01 1.073208777460384677e+00 9.783026622071715472e-01 9.434966336584035274e-01 9.556985748185490293e-01
1.042026358115273332e+00 8.925897321414196783e-01 9.916590307431938367e-01 1.032976388147418767e+00 1.075166126629470309e+00 1.060910435225375981e+00 1.085686755874831766e+00 1.012964121440071086e+00 9.757792535822511493e-01 1.019434888339675327e+00 9.572753171026183727e-01 9.326535598971632535e-01
4.736999735894132368e-01 9.090461708915775763e-01 1.166237098304616193e+00 1.174546752494778357e+00 1.026047446258347318e+00 9.835794041479234417e-01 1.027405413657525246e+00 9.416396903811377062e-01 9.548114760781212240e-01 9.237747122685894263e-01 1.000610188250960375e+00 1.044260795755743487e+00
1.061958217234952651e+00 9.145669549323022229e-01 1.073176347297784217e+00 1.030028081242684745e+00 9.447432507723363404e-01 9.921198732334940429e-01 1.051442355030022258e+00 9.497183593966178616e-01 1.042207130722258013e+00 1.022965798013409255e+00 9.857893186907213945e-01 9.977027826438463753e-01
9.791396029853653982e-01 9.642251397059353746e-01 1.039823097857661693e+00 1.096467230781443369e+00 1.021112017153227303e+00 9.680576828004395784e-01 9.792768773086180101e-01 9.390668307024893080e-01 1.057474498670412544e+00 1.013668532810847234e+00 9.906548687223400984e-01 9.926393465350326073e-01
1.164605476719174249e+00 9.932841916122903125e-01 8.601834404539653312e-01 9.143330373915298237e-01 9.290341988766847026e-01 1.054557473213647345e+00 1.076012863499421268e+00 1.566806580526424852e+00 9.845442860287375586e-01 1.050631380659214020e+00 1.029678571763790629e+00 8.865369012593674602e-01
1.009843950083228803e+00 9.195022412068090123e-01 9.463275990248418701e-01 1.018100833171095898e+00 9.762083359122797344e-01 1.112784403613951589e+00 1.126815159050231774e+00 1.635296426407511161e+00 8.683500239651391617e-01 1.217703892795495069e+00 1.087417674465122053e+00 7.961327398574832293e-01
1.001172815665290372e+00 9.000821567530765677e-01 1.067702704683250126e+00 1.109662179421613271e+00 1.026515209657413052e+00 9.706722625834337537e-01 1.030108868344367101e+00 1.002014500118770135e+00 9.442032979785668356e-01 1.161263819862080382e+00 9.304380097858091503e-01 9.740464770605751221e-01
9.423023418376622606e-01 1.060992761668480444e+00 1.144421529173926366e+00 9.572279023985252877e-01 8.859215728417786373e-01 1.008522070827394312e+00 1.042111458473957031e+00 1.003468717505125340e+00 9.314511656365469516e-01 1.070700253431838389e+00 9.466251887434803391e-01 1.091740484580713266e+00
1.008541515677471967e+00 9.914291292610217798e-01 1.052344303485814869e+00 1.065571063227285897e+00 9.891187013070714684e-01 9.610861117171257684e-01 9.530010404615267827e-01 9.507507278226809966e-01 1.011779869868715265e+00 1.024128851668046680e+00 1.012896365852360203e+00 1.007838079964380240e+00
9.422510798427801149e-01 9.691970463098221744e-01 1.097942299593107407e+00 1.184109000821490953e+00 9.427193193167071605e-01 1.090751848970873183e+00 1.055291431678512026e+00 8.754015207263168286e-01 9.646367006925701260e-01 1.102977324569857975e+00 1.005971798231960923e+00 9.413740815556219665e-01
9.751760769628645686e-01 9.815593081256881458e-01 1.058547046879914522e+00 1.062916268693120836e+00 9.802617131370748860e-01 9.713736671104203912e-01 1.055542227266905497e+00 9.419679979374173673e-01 9.647545784392821400e-01 9.926706615736036188e-01 1.020478018990952807e+00 1.010265367705904360e+00
-4.290891720512207859e-03 9.366031528674791939e-01 1.119149353093563226e+00 9.992051130753858423e-01 1.001569612876209048e+00 1.017378717833816948e+00 1.024108147731494833e+00 9.449391229536141523e-01 9.827851181906042122e-01 1.011684895186758748e+00 9.958985249604556111e-01 1.017930931977707010e+00
1.019636296850703783e+00 1.030991739141948083e+00 8.522431128318477267e-01 1.028978989478662287e+00 1.057527415926984515e+00 1.105088289471047869e+00 1.123224144371792077e+00 9.608721465221276015e-01 9.536070145256297925e-01 1.009162603641498235e+00 1.109435784737647035e+00 9.079684681323930695e-01
9.530656994932320547e-01 1.011139842458626870e+00 1.105069723761455514e+00 1.042234595550522780e+00 9.516166940583218326e-01 9.893184923955113952e-01 1.004485814694326296e+00 9.675160997660928741e-01 1.113001377275482096e+00 9.854828716651400367e-01 9.888221115995378119e-01 9.508359297712452030e-01
9.704333304956757056e-01 1.040233641990158331e+00 9.964807795990306971e-01 1.092486606364553969e+00 9.745813074275933019e-01 9.953047745941141500e-01 1.023014309483855078e+00 9.475596092284520600e-01 9.498254077039236520e-01 1.011638586263358341e+00 9.851983274415798686e-01 1.049252103230160493e+00
1.024075476851684652e+00 9.437148996567911174e-01 1.089122592951595969e+00 1.016543509073366547e+00 1.087129098235180447e+00 9.619540554916617969e-01 9.975212093019260040e-01 8.702612705665352388e-01 1.167861284271412670e+00 1.025509115701610963e+00 9.779459578609871473e-01 9.799767109178793012e-01
9.436432675385496571e-01 9.351957529409256065e-01 1.145810875605168144e+00 1.034273774624594910e+00 1.031733916202000501e+00 9.590743582822192081e-01 1.007899713984817369e+00 9.386970754617536272e-01 9.440354721832213691e-01 9.748011171334242109e-01 9.930945548628665742e-01 1.091208145940536944e+00
2.535021492295328957e-02 1.160839316415479994e+00 1.225717360087766439e+00 9.625095244304194830e-01 9.655316470367110160e-01 1.061801464005224016e+00 1.068354515512298875e+00 9.335729542971713535e-01 9.908327595586627901e-01 1.038230251283182914e+00 9.788491549216646881e-01 9.908699577953374860e-01
1.036582669855950600e+00 9.625797235012182318e-01 1.075211083397973999e+00 9.756847798896487456e-01 9.983804146996159146e-01 1.044129277271151235e+00 1.052006408331229270e+00 9.240491702085721348e-01 9.522904762501744891e-01 1.017555813169021883e+00 1.005211128302737622e+00 9.913287588916989135e-01
1.104395176199192807e+00 8.781830382009807590e-01 1.014832145974345678e+00 1.068581928926996660e+00 1.098951230851485938e+00 9.546855427799468830e-01 9.695525547927134058e-01 9.434660850615428362e-01 1.044387696812793420e+00 9.901691881751792934e-01 1.082332173646077367e+00 9.634010283240708183e-01
8.754405936267853905e-01 1.041246190038566555e+00 1.149044122479171426e+00 1.148363982095888636e+00 1.008518403198090940e+00 9.967222558532037313e-01 1.018427325649083004e+00 9.600176543770321258e-01 1.005169494681235509e+00 9.890786337508740145e-01 9.658462326247941876e-01 9.649385339882979862e-01
1.014745409798390563e+00 9.842828701008319303e-01 1.024107595362556467e+00 1.037650089803885400e+00 9.649949597536017221e-01 9.932004803983186525e-01 1.017976905922069131e+00 9.678701204537952796e-01 9.671618120228318016e-01 1.017065137335879443e+00 9.911006396290680254e-01 1.035437622532087820e+00
1.007937795509875167e+00 9.445788819529453706e-01 1.057761688800125111e+00 1.136252140814456357e+00 9.631183053291466623e-01 1.024870755540872258e+00 1.052071505256377382e+00 9.468854946551833462e-01 9.564703242089482860e-01 1.052839334419412021e+00 9.732626755353058767e-01 9.574335976560409689e-01
9.574492190617179821e-01 1.084841196759044113e+00 1.043380453589074497e+00 1.113266245202049642e+00 9.663071952121354835e-01 9.526969432060623522e-01 1.014931333768933852e+00 9.296118054932895891e-01 9.475019542050625576e-01 9.847352204159861566e-01 1.024968993606587331e+00 1.054121102667281651e+00
9.586409131207686007e-01 9.322854867212814201e-01 1.030862000821546998e+00 1.180761996747866416e+00 1.005971297568000189e+00 1.246619700668736064e+00 1.198667959658411553e+00 8.721466137249458406e-01 9.008846786760051906e-01 1.020485944459414762e+00 9.919038863498232939e-01 9.463712600995166646e-01
9.878612174504304289e-01 9.538427712423652727e-01 1.049328049070642255e+00 1.045427954907469204e+00 1.000618178461134766e+00 9.752892437302586037e-01 9.929840595975480966e-01 9.101247829715403137e-01 1.126178686911684546e+00 1.032966689944154748e+00 9.689406691056499099e-01 1.021334752811345892e+00
9.940292269371567846e-01 9.523004317969302468e-01 1.030248425970144543e+00 1.066506033685840737e+00 9.455287187175003272e-01 1.038188231136868644e+00 1.084527654772456939e+00 9.513797734727460487e-01 1.045636730115302004e+00 1.107411749143058621e+00 9.239459225069032167e-01 9.453217525475771099e-01
1.272456164601068807e+00 8.355245449531535362e-01 1.006718481830019218e+00 1.054041016431667588e+00 1.054266069568074116e+00 9.757373842140928399e-01 9.547173075096641037e-01 9.687285930969460335e-01 1.003387722168354479e+00 1.019757298059240869e+00 9.906470141575068888e-01 1.067131066764671399e+00
1.073665244782404660e+00 8.895968975944776869e-01 9.774184460744520520e-01 1.191944408705146730e+00 1.087460917658029880e+00 1.087075146375212187e+00 1.100194935102452476e+00 9.081209618484250568e-01 9.652122382663819167e-01 9.104452377958304199e-01 1.051385088047704919e+00 9.723926821109208918e-01
1.172619559489987529e+00 9.417973952158399387e-01 9.341154580512216477e-01 1.023067889500725691e+00 9.634125434631923834e-01 1.084700455405789299e+00 1.095969352780428174e+00 9.320003363850452027e-01 9.098665226471943646e-01 9.648461445803816483e-01 1.098819919899267195e+00 1.025402240385241193e+00
8.991021317721996642e-01 1.043347757226779970e+00 1.101705245729910576e+00 9.544387484682983480e-01 1.027886542688092542e+00 1.104303872520108865e+00 1.102505582807101980e+00 9.984712245042731693e-01 1.027793639407431181e+00 1.035005965114086157e+00 9.802431216188741692e-01 8.641609019798476288e-01
9.008458378531549737e-01 9.212957159916357330e-01 1.086508686745975449e+00 1.075231532796910638e+00 1.112040192488127577e+00 1.070676032046945281e+00 1.113608010650932734e+00 8.988049407412037617e-01 1.193689036345128240e+00 1.191560834558414994e+00 8.978601177719088833e-01 8.617288119007000535e-01
9.957430564135987261e-01 9.799660591875566373e-01 1.080489408447387056e+00 9.657111380754903607e-01 9.739127922723327391e-01 1.008458579387714549e+00 1.064390506414976789e+00 9.315864061040369792e-01 1.095261589508025990e+00 1.071322520345534990e+00 9.714925062729236060e-01 9.658776865173531734e-01
9.413514925078273476e-01 1.004392444109316829e+00 1.077244258692996448e+00 1.058349541598522903e+00 9.845754434475358918e-01 9.867312261675189600e-01 9.903314412210708628e-01 9.485653091311947449e-01 1.057870481440627897e+00 1.000312058248128633e+00 9.854040866340908478e-01 1.002755186643469187e+00
9.993275039422705452e-01 9.692109084480993175e-01 1.052553967870913931e+00 9.617553955368528529e-01 9.560621249164826807e-01 1.052736477609385934e+00 1.071793795932885818e+00 9.533072197039783591e-01 9.991649131880490087e-01 1.035257246641303253e+00 1.013809299852203472e+00 9.727706496029132621e-01
9.692804798950005463e-01 9.814111250546350140e-01 1.062658854360753802e+00 1.103559845871129541e+00 9.469012141798944793e-01 1.011411092039879334e+00 9.989638442836993315e-01 9.702546218148963009e-01 9.682815761266234666e-01 1.024066868008650433e+00 9.781248978097596414e-01 1.027351927030816015e+00
9.715831538219811270e-01 9.999978857292539658e-01 1.058872873532762160e+00 9.970174490184254834e-01 9.776624027340915513e-01 1.003166534918016550e+00 1.023283143802507844e+00 9.450770078013115416e-01 9.994968211302082128e-01 1.016951024653576896e+00 1.042070535536215647e+00 9.858559583836257190e-01
1.047158822583932558e+00 9.063947781478451926e-01 1.006970835679654952e+00 1.003639549643752016e+00 1.080746521954690120e+00 9.875781261349757534e-01 1.067206321335427699e+00 9.752124690940551233e-01 1.063841377183970094e+00 1.029864424702554349e+00 9.483632298848261311e-01 9.494812305039503908e-01
1.018643003995089780e+00 9.452123330800705769e-01 1.041626524527753617e+00 1.045965221866188344e+00 9.910121469726096421e-01 9.855209859464837407e-01 1.068141953881508677e+00 9.473888614817066456e-01 9.883924266332274611e-01 1.004872083177277942e+00 1.009187252995082273e+00 9.876354562923760350e-01
1.176632441428103748e+00 9.032514181448931812e-01 9.799747745413156519e-01 1.008527828322041575e+00 1.059135257635395622e+00 9.744861838445740831e-01 9.686679671021335425e-01 9.907392728777142388e-01 1.022334631862972687e+00 1.002846184078736824e+00 1.001777128207955281e+00 9.945603777308252846e-01
1.043077847195383878e+00 1.000498672756983343e+00 9.248163337653594329e-01 9.464685289061101070e-01 9.820504986643718848e-01 1.016730015344779581e+00 1.070970795322992331e+00 9.021491586032376331e-01 1.180054211375239470e+00 1.093500793397494508e+00 1.130381463953891163e+00 8.885386079014171434e-01
6.448255029875932243e-01 9.587199196209457153e-01 1.104222163839379878e+00 1.194539377680697401e+00 9.527018012115677781e-01 9.421687527490368863e-01 9.680928264080018719e-01 9.485922948992635551e-01 9.878560110291992880e-01 9.625427185983015388e-01 1.043190128513427073e+00 1.095693906138010654e+00
9.805099259705447601e-01 9.415708607330081081e-01 1.164046613935397323e+00 9.894371692295492737e-01 1.218527845081899263e+00 9.072408551588211356e-01 9.714275139961351391e-01 8.662821412368935103e-01 1.315043281937569031e+00 9.556372096413683348e-01 1.011111564317948908e+00 1.005473650740820180e+00
9.746946950098270834e-01 9.852813463305138963e-01 1.039893826317343839e+00 1.022499024471811957e+00 1.025146279671917293e+00 9.905954439663505751e-01 9.701754232039068171e-01 9.885935431754739877e-01 9.499895475728061811e-01 9.989417527645613193e-01 1.002625106527266885e+00 1.076818759025694128e+00
9.568401509780867231e-01 9.991488427863313149e-01 1.097269030519827382e+00 9.953162082296543867e-01 9.854451866780651326e-01 1.017767545513897254e+00 9.854838051808108013e-01 1.004915212625565824e+00 1.042141819518136892e+00 9.920730302130197353e-01 9.778690854176507186e-01 9.736792802763961641e-01
1.056231674378912633e+00 9.358712197964388357e-01 1.018435989636373717e+00 1.010253106265976974e+00 1.113593288945733617e+00 1.013046936980980472e+00 1.032443674489295971e+00 9.078884845063015518e-01 9.544314752478073594e-01 9.794510819290757064e-01 1.058572051359611743e+00 9.913185010218322768e-01
9.776431683489144042e-01 9.835477552558469228e-01 1.034728422587656294e+00 1.049369607348189737e+00 9.839152817023144593e-01 9.862240270725554092e-01 1.011370144085308898e+00 9.825857553091714713e-01 9.690766362653659982e-01 1.002630389473468275e+00 9.937399100379278316e-01 1.040578005760611102e+00
9.621026854459674427e-01 9.451175925518876531e-01 1.000445012731635330e+00 1.060337323251752784e+00 9.937057525403417690e-01 1.060352672316288380e+00 1.072029700161004628e+00 1.038566034621753342e+00 9.280762927522727690e-01 9.509291907651454823e-01 1.055852098363939673e+00 9.440673850612836260e-01
1.046780566618281894e+00 8.714091656353994964e-01 9.794789055612646012e-01 1.156222305468943556e+00 1.100288404904141704e+00 1.068929583161717156e+00 1.073224312738070507e+00 9.792916008914021031e-01 9.324871968879338002e-01 9.883150291118883990e-01 9.927709313529325952e-01 9.486976385594481087e-01
1.077255870940696303e+00 9.445898030778944188e-01 9.084675973507487790e-01 1.149635542834751778e+00 1.069777393060054038e+00 9.734519112029809129e-01 1.025514909895179905e+00 9.102963966456503186e-01 1.060494526883672961e+00 1.010811717201248738e+00 1.017392825296598469e+00 9.655711021434891794e-01
1.688260761024927614e+00 9.478035179726111981e-01 1.010805815880028824e+00 9.758008021140773813e-01 1.025168843865057466e+00 9.959840573754887849e-01 1.030893457169143046e+00 9.735694413173013873e-01 9.792002715553317360e-01 9.981468601844984967e-01 1.001117286992465161e+00 1.030705636673363568e+00
9.670614078822893367e-01 9.466643491051907056e-01 1.052357132540826745e+00 1.162046839559802702e+00 1.020818959283088523e+00 9.868969023995823875e-01 9.509001905247692621e-01 9.667026106758949133e-01 9.941164996491259620e-01 1.030753253283827275e+00 9.994524566091617102e-01 9.886744433782100883e-01
6.594381172879936193e-01 9.933401234242209554e-01 1.011511787199088852e+00 1.052569467722033192e+00 9.783049333212257004e-01 9.862774302287907746e-01 9.820485749730953895e-01 9.913945784851602161e-01 1.011353617329436627e+00 1.018437749829043337e+00 1.000146869479524581e+00 9.923848315180523461e-01
9.373794729846266494e-01 1.000812685512457723e+00 1.088317389408292035e+00 1.042289870460267664e+00 9.668267417518647822e-01 9.695574287039777639e-01 9.655024932125682025e-01 9.918494397044682609e-01 1.136393767238143893e+00 9.629647923106332552e-01 1.015560302295559714e+00 9.895838021754533864e-01
9.014002447203884882e-01 1.143273476486149853e+00 1.038625877331044389e+00 1.132904737136840145e+00 9.743270577009900402e-01 9.308487950343393713e-01 9.359429593890061794e-01 8.993280947906305833e-01 9.582265952149017219e-01 9.819111092120423878e-01 1.063921034011208855e+00 1.156125475915189549e+00
9.111139511573241867e-01 9.820903205353019860e-01 1.013019299474801738e+00 1.144939528248252403e+00 9.868467522496953137e-01 1.010296507273231059e+00 1.014987310516675345e+00 9.318624811949612896e-01 9.370541039049866683e-01 1.004696766504889593e+00 1.001473132644078001e+00 1.033840551463701019e+00
9.714226519955672101e-01 1.035153908266154499e+00 1.001746074462959379e+00 1.055720392548346931e+00 9.539813626676896252e-01 1.101464883743970002e+00 1.090309254707071407e+00 9.994072755919524154e-01 9.387850806719758578e-01 1.021720512683969906e+00 9.434179053750376687e-01 9.540615657955063833e-01
9.472860563881682072e-01 9.729919514214339094e-01 1.073726960811305586e+00 1.137518986188472470e+00 9.767885463042788041e-01 1.023609426134528766e+00 1.043776045040804901e+00 9.571806851395375793e-01 9.463157597860799575e-01 1.007331568052050930e+00 1.007068923936583316e+00 9.727077956644772927e-01
9.913373216190581871e-01 9.883994598575006618e-01 1.031404904491328933e+00 9.950899491760484272e-01 9.600911286313086324e-01 9.909416000531798829e-01 1.023030824394526750e+00 1.017718069185592489e+00 9.668036283506565853e-01 1.033652345556332897e+00 9.745527824283853890e-01 1.034866577749636640e+00
1.041832799327893966e+00 9.205978679349517968e-01 1.059980577303631932e+00 1.072434085036468865e+00 1.014807025809787211e+00 9.672090476077597199e-01 9.880215840566255459e-01 9.270388280604562325e-01 9.996686324730771345e-01 1.118806968913489408e+00 9.882675179987630010e-01 9.753289517840206813e-01
9.969110241134112593e-01 9.616191734573416028e-01 1.031194833822127288e+00 1.024138160435150935e+00 9.977217861172736901e-01 9.751655627015162198e-01 1.047583944175222159e+00 9.373647672893348215e-01 1.002320421870757539e+00 1.007213990989996200e+00 1.008824499374700201e+00 1.032519042106897267e+00
9.841688298604415186e-01 1.025525481342710599e+00 9.692339653504800090e-01 9.935008118002468525e-01 9.999575617003879646e-01 1.012842112997161870e+00 9.945051295601773367e-01 9.929335966483203713e-01 1.014358301490006165e+00 1.013380431632745271e+00 1.030525295067312719e+00 9.770216138088281266e-01
9.625249475242031449e-01 9.814311892243937629e-01 1.143944501805695957e+00 9.417513352415570749e-01 9.904148179861189671e-01 9.919830328436481937e-01 9.896587442275195379e-01 9.490741732619536464e-01 1.185705424255293572e+00 9.818904567173204478e-01 9.795619279069373020e-01 1.008571253793562272e+00
1.007996759407742804e+00 9.213269899305258637e-01 1.076103503516557813e+00 1.059955392546320541e+00 1.042131759796362411e+00 1.014357071726674775e+00 1.093211349751574080e+00 9.495770032899836233e-01 9.442049835577628336e-01 1.026291904179963854e+00 9.303996747066719530e-01 1.009091452863424498e+00
1.428846287404566429e+00 8.321666244986432037e-01 1.038731101346657137e+00 1.041935070743014169e+00 1.120698466885948541e+00 1.018397192065011447e+00 1.007453249280568564e+00 9.904714831419211274e-01 9.813234242687949305e-01 9.683496514045099035e-01 9.427821571826010549e-01 1.061478300396527574e+00
8.247613501029312788e-01 8.906737456056721403e-01 1.137623455141321571e+00 1.262789128463344790e+00 1.147235350653249775e+00 9.568773131991508141e-01 9.368427722366383659e-01 9.473337697662678192e-01 9.377172194339246092e-01 1.013981742660817531e+00 9.519781947498866526e-01 1.083944240320953378e+00
9.466203694536434732e-01 1.047366230103230267e+00 1.022489828922002353e+00 9.790818900166911032e-01 9.908110342154874406e-01 1.008957685045139163e+00 1.027986360068781524e+00 1.008162548159252214e+00 9.619853519988864621e-01 9.805638637585631923e-01 9.667987397236758040e-01 1.040786187215132497e+00
1.187244587566127274e+00 1.038575692935108874e+00 9.366796204474390208e-01 8.605842237435177289e-01 9.202786136469170986e-01 9.840933752710389060e-01 1.006088253003890376e+00 1.042275950713797750e+00 1.184359907842446047e+00 1.038329874712928369e+00 1.051974391486621085e+00 9.490858817587147778e-01
1.000309824670149839e+00 9.217606368219551927e-01 1.065841907535651334e+00 1.105535712951545069e+00 1.005459773809063817e+00 9.759902868649861229e-01 1.055818969468729662e+00 1.018066617562631171e+00 9.467390289640625900e-01 1.117773794586754743e+00 9.414018955880179007e-01 9.391719512698298855e-01
4.821818566190449462e-01 9.012541008153099886e-01 1.024362270970482713e+00 1.043408084304798367e+00 9.988619166048655629e-01 1.013240972605513823e+00 1.013640835500422055e+00 9.838829657007878149e-01 9.479588224662802709e-01 9.967706938814463458e-01 9.983895221413576770e-01 1.035073389337448635e+00
1.117342648970001795e+00 8.949669771066849355e-01 9.793049748781236241e-01 1.004816092159216634e+00 1.040520691021593613e+00 1.001630546652081621e+00 1.055563184668905752e+00 9.452246428773891651e-01 9.658139453219284354e-01 1.025521740405674453e+00 1.011648879734300621e+00 1.028951824887711419e+00
1.077985677455060243e+00 9.528844063465092828e-01 8.937364843245111379e-01 1.104100006389787225e+00 1.039582278824223049e+00 1.072020937926878137e+00 1.015545345070362648e+00 1.083105086141688655e+00 9.077445327406487019e-01 9.173065394105491821e-01 1.060988301991040661e+00 1.003219174999480545e+00
1.019241933700936631e+00 9.652872137710941658e-01 1.020250793921346766e+00 9.943593270022088593e-01 9.578294490619129187e-01 1.049081158538201386e+00 1.035897761283246510e+00 9.886043400195178021e-01 9.910000553626564512e-01 1.008386894006558121e+00 1.015178441294876333e+00 9.723414216042265412e-01
9.708896877411817838e-01 1.052453180597721749e+00 1.014388440000052238e+00 9.853194061666324943e-01 9.725229817960961975e-01 1.000318987442364804e+00 9.996831345794442436e-01 9.861203819817887517e-01 9.810040750589988923e-01 1.019477165732351365e+00 1.028398637987109288e+00 1.002159193734817322e+00
1.042266694376087210e+00 9.246198447793899655e-01 1.009785565176344990e+00 1.042858713635460122e+00 1.036519081809098353e+00 9.873197389415592218e-01 9.542503936218184046e-01 1.011878164232977717e+00 9.877337970056890848e-01 1.027946819348457108e+00 1.000460329962078898e+00 9.962203075277543673e-01
9.145446397735172983e-01 9.769352620722746572e-01 9.967831503833205486e-01 1.066805572713688033e+00 9.784992588800354163e-01 1.023176332234607244e+00 1.008871978565049066e+00 9.345906166365857137e-01 9.619025530573497296e-01 1.023467546544617912e+00 1.025390336818631454e+00 1.015394331701380715e+00
9.670877801397985696e-01 9.629231819935483161e-01 1.056404932197152036e+00 1.062091699987813831e+00 1.056408476367895366e+00 9.870922635622522145e-01 9.772008529455745718e-01 9.077629407314694587e-01 1.221196442602898502e+00 9.117044237325603318e-01 9.893991243925268630e-01 1.017732382551147063e+00
7.500309575011241403e-01 9.561585207804949027e-01 1.155260464702137391e+00 1.170286258512569955e+00 1.006137951658499397e+00 9.713512522509563096e-01 9.539951847267291729e-01 9.682667726399813990e-01 9.408087765856535389e-01 9.591402592883031542e-01 1.014422125675220165e+00 1.079037095965022841e+00
1.000690887233910198e+00 9.679814633216099473e-01 1.113246402936357349e+00 9.492402964065891346e-01 9.787943765863377221e-01 9.756417174752121113e-01 9.772383301760552143e-01 9.587202969019978926e-01 1.163134940566583397e+00 1.028161988735572852e+00 1.000656394305005525e+00 9.690369184839214833e-01
1.372604253822095943e+00 8.227154996514999263e-01 1.024694024683811433e+00 1.100924573726884015e+00 9.637383958768195313e-01 1.023443271958268896e+00 1.037774275113128475e+00 9.335327778414908018e-01 1.008161144108038476e+00 1.021165095051322691e+00 9.971108965869561747e-01 9.883954902863072434e-01
9.714169961635522599e-01 9.607522825882049977e-01 1.168774205081752449e+00 1.005626921593175460e+00 1.015469187498388992e+00 9.580707041023069914e-01 9.940180694485384327e-01 9.277347247852351098e-01 1.216749413048632933e+00 9.901104325972202025e-01 9.667313741481232681e-01 9.660939470936681372e-01
1.031851808896313338e+00 8.831765502470685369e-01 1.113521138534454336e+00 9.821610787724978087e-01 9.942575363798136223e-01 9.982448290769760924e-01 9.886125785346410177e-01 9.622213357021494051e-01 1.018108414241954529e+00 1.002088373373831054e+00 1.012580649244773756e+00 1.012838421225348950e+00
9.724332824757974114e-01 9.438978468941457978e-01 1.107542216897714482e+00 1.038510782564121104e+00 9.541230936422477882e-01 9.984587069355259636e-01 1.030233051024590063e+00 9.875637124188126892e-01 9.793791483876532755e-01 1.008698608120367934e+00 9.957816203685641021e-01 1.023203245881537438e+00
9.675617830688106880e-01 9.182890564422836466e-01 1.044312166201389891e+00 1.053112188927983306e+00 1.123599895144081762e+00 9.657376357668824296e-01 9.647383025508189380e-01 9.411398073375132345e-01 1.216924018908968286e+00 1.071710005616594241e+00 9.516096233427381312e-01 9.389134160836458687e-01
1.005579297513305326e+00 9.712718090959111539e-01 1.045404678989771741e+00 9.993062624361105373e-01 1.006378487004591316e+00 9.701967097646693183e-01 1.037522497333002836e+00 9.386706617606493941e-01 9.820999516553978737e-01 1.014507935981670439e+00 1.029815746687875677e+00 1.021444495111487605e+00
9.289792939861657439e-01 9.837296987677786042e-01 1.064217163764875185e+00 1.010570229266565923e+00 1.003061265159107096e+00 9.917100898538415699e-01 9.328036627436790962e-01 9.934554399166509731e-01 1.002917662141170174e+00 1.002779071822696322e+00 1.006485271171054352e+00 1.025617629298748890e+00
1.181762493308139872e+00 8.784372291386801646e-01 9.188605862647934996e-01 1.047865468049896442e+00 1.074006699212407989e+00 1.075031674284082417e+00 1.025373065918047333e+00 9.938089072573451643e-01 9.743243483907505498e-01 9.271647798727697953e-01 1.002093239492525045e+00 1.170452529495636051e+00
9.694087019284173268e-01 1.001158213729539614e+00 1.084222814453623451e+00 1.058833663120224422e+00 9.770562109709650667e-01 9.656765181445058355e-01 1.037137981938702991e+00 9.390021624896991437e-01 1.007964157195923471e+00 1.013236363527108441e+00 9.885951441344955626e-01 9.937673374448081631e-01
9.921905835625544068e-01 9.381451160850358129e-01 9.992525479838095803e-01 1.039398895891606722e+00 1.051885641789079617e+00 1.107390674693717214e+00 1.073341795101861340e+00 9.253732956291473855e-01 9.794115489163232047e-01 9.567492230515927121e-01 1.098609524695664641e+00 9.295895518663254142e-01
1.303666297633303106e+00 9.381605220514307453e-01 9.717765454121497504e-01 1.065161721426710839e+00 9.702601273979911678e-01 1.106707419247870305e+00 1.026604202842375635e+00 9.583232786558163463e-01 9.476452854170023254e-01 8.745912373253157401e-01 1.050343852470941641e+00 1.052864735160395471e+00
1.031904120974623362e+00 9.318444019974501114e-01 9.505680629401296322e-01 1.030693226371350635e+00 1.069480416170115022e+00 1.087170561182895678e+00 1.068361228868415003e+00 9.586050906438229324e-01 1.035135218611405339e+00 9.763785777703708479e-01 1.022112262818762662e+00 9.195408592982889928e-01
9.945043151570504003e-01 9.499343595433149545e-01 1.072986264516265331e+00 1.042225926651126455e+00 9.679439060829697627e-01 1.002372373884031775e+00 9.553406822362621176e-01 9.919474937445790230e-01 9.652225161804842690e-01 1.019597197749779305e+00 1.055448869419936209e+00 1.015052043991113040e+00
1.543602118038169158e+00 8.954465316139149644e-01 1.091336303797783236e+00 1.007759259964649434e+00 1.005653388742981713e+00 9.652631769236232895e-01 1.021239456525634637e+00 9.901428944826000667e-01 9.833688098920861931e-01 1.025960055547366911e+00 9.733605743223636697e-01 1.019668363910792186e+00
9.955368833102203885e-01 9.603163465155635237e-01 1.118960037743141456e+00 9.617276550750170072e-01 9.738454168996806271e-01 9.985617609282968488e-01 1.082061648820072497e+00 9.166395724958781299e-01 1.109853908911165643e+00 9.926934848094508546e-01 9.648421229474545280e-01 1.008179338411134829e+00
9.138174539236648686e-01 1.000586599073304273e+00 1.048374397394693736e+00 9.646907713175012500e-01 1.027299458749782124e+00 1.071517452359934675e+00 1.092426346044731211e+00 1.101290131680052964e+00 1.177045869413500867e+00 1.003779990642910569e+00 9.685067501226887199e-01 8.518302131973533031e-01
9.744444646131469323e-01 9.891990267471443277e-01 1.110423098867338032e+00 9.850863452699496481e-01 9.543943883789096638e-01 9.990007133596426891e-01 1.021177636719622139e+00 9.516532168957125837e-01 1.091203784532742249e+00 9.922576312229347550e-01 1.020132949999729810e+00 9.627699501381439262e-01
9.825558034573894650e-01 9.509934642382362746e-01 1.017371954274795209e+00 1.111536439196743720e+00 1.011975454872238611e+00 1.033218670509099546e+00 1.004291199638495558e+00 9.600822815866696391e-01 9.670300951153946167e-01 1.082534551584697136e+00 9.567160808730391652e-01 9.748837283413694932e-01
9.769981304067817396e-01 9.365592458315026292e-01 1.060534150796078601e+00 1.089358405023787890e+00 9.707154436933475017e-01 9.975865322999013518e-01 1.073614775680016065e+00 9.440246193015281451e-01 1.013191739018485471e+00 1.054768174258506663e+00 9.600065761310520029e-01 9.817496439130591890e-01
6.961244589691378826e-01 1.068399008518113202e+00 1.035128041563976975e+00 1.042766261326581789e+00 1.003017908949243031e+00 9.786359184493186314e-01 1.010816752221859849e+00 9.431969701518688742e-01 9.588906228962824629e-01 1.015702438986003653e+00 1.025771942662520475e+00 1.018370033989814738e+00
9.327829963417052506e-01 1.018098586443144882e+00 1.084548970271539181e+00 1.162129174674270127e+00 9.871681528877958023e-01 1.016078343316621391e+00 1.013299542799993347e+00 9.342155543517116634e-01 9.483918060649302317e-01 1.003953160520695942e+00 1.019081975450895516e+00 9.654561713689123748e-01
1.032924934431609154e+00 9.829571644755961124e-01 1.006873416409548527e+00 1.012569505314562024e+00 1.001509143924085077e+00 1.013731613476215987e+00 1.030314096972129390e+00 9.929200037755492314e-01 9.625657327290352283e-01 9.872589668439955002e-01 1.002096939906023332e+00 1.007481680701991067e+00
9.419620502926606687e-01 9.124521703116389437e-01 1.090636894259485512e+00 1.113012719674415729e+00 1.035516817237372544e+00 9.705207001900427732e-01 1.063009075086370547e+00 9.421338941022527891e-01 9.774268923280347021e-01 1.098844067936801894e+00 9.446675850236210259e-01 1.014942330078822064e+00
1.038541610038085095e+00 9.471546535787497278e-01 9.925252782759972359e-01 1.050654171133020620e+00 9.826077727901203485e-01 1.014606973329321704e+00 1.034393558327055374e+00 9.926574815656554751e-01 9.754326117553848707e-01 9.909144168102880235e-01 9.926416566009813591e-01 1.006633655788182535e+00
1.021621729206310114e+00 9.998177507740243497e-01 1.035085514989626088e+00 9.950810719211060640e-01 9.331030861468404547e-01 1.068666237779695605e+00 1.080386320562595648e+00 9.398435187846879701e-01 9.477676048755030447e-01 1.018959873968274366e+00 1.015702074876092764e+00 9.924141593768605052e-01
8.069432476492821582e-01 1.100311500134098841e+00 1.394028069914984513e+00 1.168854419080000762e+00 9.520340718897718491e-01 1.031583132387651869e+00 1.119246559516529294e+00 9.513346547232590655e-01 1.014369804039763512e+00 1.016870895289622601e+00 9.389152438045901272e-01 9.218721185804817919e-01
9.903898151098242675e-01 1.002475356284406205e+00 1.096109283395086731e+00 9.884500529042856698e-01 9.670257844337796227e-01 9.986124692041233875e-01 1.047980210145898594e+00 9.301925180400500981e-01 1.004426758983270052e+00 1.017328537008247435e+00 1.001366509662297677e+00 9.904979955658692603e-01
9.774754727071556237e-01 9.617340694518315969e-01 1.061365397033091629e+00 1.054224022865786425e+00 1.010999859301851656e+00 9.909705601485900850e-01 1.005046903051417306e+00 9.833162430252836428e-01 1.156276669226210529e+00 9.933302537367521001e-01 9.570958761580760088e-01 9.225964259402728018e-01
9.934863269550814335e-01 9.940241476090627692e-01 1.027487917073172774e+00 1.084201540672861341e+00 9.890264042280534351e-01 9.877756508611476027e-01 9.620188433931807781e-01 9.787373136257656592e-01 9.814685522802606421e-01 9.621419977001822721e-01 1.003261925668547772e+00 1.067005407657943383e+00
1.063897745072721168e+00 7.962673293703529387e-01 1.056264627078006724e+00 1.002063918899367856e+00 1.014731775608023634e+00 1.001066995305521345e+00 1.059156923313083976e+00 9.174585754628732381e-01 1.016834684590177007e+00 1.009685039123839889e+00 9.892669373122946475e-01 9.986012383839136808e-01
8.812479962254535781e-01 9.859744468522542160e-01 1.145883456379556575e+00 9.980191356268234282e-01 9.777141383982237421e-01 1.092473265762188062e+00 1.105956312602890401e+00 9.944171419601461892e-01 1.117814348878344299e+00 1.088518882514178943e+00 9.784665522332027798e-01 8.417279036605984643e-01
9.668257599720487816e-01 9.658025627731381402e-01 1.056895022125598604e+00 1.039138655996312277e+00 1.060245419464696859e+00 9.239848133927313079e-01 9.275969794348011277e-01 9.450392217017644647e-01 1.249599445618892579e+00 9.818048193288779757e-01 9.976385463860645286e-01 1.029126738270786046e+00
1.177946234580514506e+00 8.819507847871091988e-01 1.013236611774221529e+00 1.106546028568243578e+00 9.829173103401174227e-01 1.038180465897101445e+00 1.055488824941519965e+00 9.595225535690837804e-01 9.491186117802737909e-01 9.806936215120005684e-01 1.010914353314180003e+00 1.004619851120393648e+00
1.145662637226243064e+00 8.718130067716015619e-01 1.021975274055805682e+00 1.049603993661783585e+00 1.115150357334629527e+00 9.691994713292956254e-01 9.654752038165556050e-01 9.537955729806996130e-01 1.037648915266206950e+00 9.821841979194758654e-01 1.006436521963427033e+00 9.967622345973182751e-01
9.638792662696530344e-01 8.811809922398046169e-01 9.916427058567525155e-01 1.018514249642625380e+00 1.141534850127352785e+00 1.099906981602441158e+00 1.185568128744214578e+00 1.021649845351194408e+00 1.108425183657659296e+00 1.034760182683607921e+00 9.136292091801573312e-01 8.660062692981855825e-01
1.037951622509213800e+00 9.341626860387077791e-01 1.109349825950905366e+00 1.060941499318170500e+00 9.914593220589577038e-01 9.597874793047007635e-01 9.603434419277304679e-01 9.692653825810373380e-01 1.026590936136152266e+00 9.967587952641637772e-01 9.971194029126826397e-01 1.035341276313771042e+00
9.584197644702551200e-01 9.608777037926249376e-01 1.054984481760859572e+00 1.088362082483841808e+00 1.001864520392507618e+00 9.990585303532483197e-01 1.004932790572839130e+00 9.603418676783258556e-01 9.719452047795853478e-01 1.054288358303707041e+00 9.868236617918999531e-01 9.952862191761725486e-01
1.066082101599995280e+00 9.158190875814035126e-01 1.025717818876300536e+00 1.013047004355777991e+00 1.001059252176911940e+00 9.949743540716884382e-01 1.052368064372567025e+00 9.571353606910606437e-01 9.892455121503317406e-01 1.100127822776331366e+00 9.513142652855116621e-01 9.908407524375965059e-01
9.926443537494176184e-01 1.034804300532993659e+00 9.495283341728651960e-01 9.803465511985859360e-01 9.635894041642956154e-01 1.040578725195457910e+00 1.089435715274192917e+00 9.588734531138028983e-01 1.173439169488748934e+00 1.095050428959882582e+00 1.057000418219051330e+00 8.364501415716603105e-01
9.908073593914785704e-01 9.624733876618962736e-01 1.036349050897567237e+00 1.081013934592492287e+00 9.474871909701094719e-01 1.039516372357650154e+00 1.038404380700199914e+00 7.648138304355548422e-01 8.681266760665722337e-01 1.089720139087418938e+00 9.722495680178030453e-01 1.012598157685838496e+00
9.234320009689931386e-01 9.605477687441762447e-01 1.050218999866263658e+00 1.034522891104009856e+00 1.017509514037060692e+00 1.051431964658509077e+00 1.047035699097636163e+00 1.053116567369302370e+00 1.035475090276550603e+00 1.001067141518755754e+00 9.778656234610372255e-01 9.087780277560281172e-01
9.730238976226127656e-01 9.901964755968567511e-01 1.098659015412808193e+00 1.023856158229570212e+00 9.659250958561620415e-01 9.919037506551759975e-01 1.045188830320667783e+00 9.406181155319214282e-01 1.028207101085569564e+00 9.978542755346044846e-01 9.977872793655393480e-01 9.828088406407028410e-01
9.558063882040596093e-01 9.891029105982143133e-01 9.864899098485393480e-01 9.596297440506322829e-01 9.985892913239200475e-01 1.084262902476070156e+00 1.058547321947617803e+00 9.882593552630091205e-01 1.287445981022662167e+00 1.010242385639098073e+00 9.383867309532900602e-01 9.113455004765186329e-01
1.074905448024531029e+00 9.022198135875032499e-01 9.167026914129058346e-01 1.136247091445437452e+00 1.072812441570576647e+00 1.087681404066315194e+00 1.079669912157195544e+00 9.522235641863139310e-01 9.604462207665132034e-01 9.353340367287118484e-01 1.034725127290697433e+00 9.811057554056222818e-01
1.016478107661461960e+00 8.848983263467564697e-01 9.834492410446595834e-01 1.094554637541819142e+00 1.122855588178881314e+00 1.037975189445852431e+00 1.027098206838214622e+00 9.499859167964458395e-01 1.065711770404814462e+00 9.923334562905939960e-01 9.830384139571103352e-01 9.412968354132831283e-01
9.667424982462476946e-01 1.040051124089449441e+00 1.017382810830262496e+00 9.962342743264420708e-01 9.821219505753170376e-01 9.670558680957201947e-01 9.898037712541705169e-01 9.599100862252654132e-01 1.003088567872132630e+00 1.028039945224728857e+00 1.067986120150611340e+00 1.004063369610804779e+00
1.164467926780720974e+00 9.477088067438356189e-01 8.649904353637194454e-01 1.046456883603936960e+00 9.576387105678179079e-01 1.092497300830381768e+00 1.065191644199601884e+00 1.066879927168432607e+00 9.153484705303414071e-01 9.428030452506632741e-01 1.029514249520066649e+00 1.028994178713006802e+00
1.035346924285921233e+00 9.680918162473386435e-01 1.059382054878167612e+00 9.840997947149484615e-01 9.253363915621455327e-01 1.062666950721710579e+00 1.081421542678366654e+00 9.700593967605509738e-01 9.663265050961841185e-01 1.024203951846810901e+00 9.959751955235000009e-01 9.766486459420556931e-01
9.818364183910128773e-01 9.687798648458231243e-01 1.124424398152359617e+00 1.025455243154012264e+00 1.005340473186459249e+00 9.841986044511404907e-01 9.567990506584964638e-01 9.473889890941487035e-01 1.000193525177254461e+00 9.906192407216012352e-01 1.011019826110483910e+00 1.032329816119895272e+00
1.198880522070680410e+00 9.723171228295420798e-01 8.706663049148806177e-01 1.012352256287023966e+00 1.059459824576438836e+00 1.051973928593995966e+00 1.097867672631390956e+00 9.840314281179366462e-01 9.487762844731496559e-01 9.271414593161898532e-01 1.073388007192603188e+00 1.020687787834190674e+00
1.420952028228234854e+00 8.018171265865164932e-01 9.349661490671812292e-01 1.086223432611100215e+00 1.155167000604414573e+00 9.664936439068447793e-01 1.036352557633182903e+00 9.538806892220991207e-01 9.954162499387992913e-01 9.637757189241163980e-01 9.528092053799573913e-01 1.049429429773150124e+00
1.015989603956278575e+00 9.405459446188518813e-01 9.526641855109763135e-01 9.419217584736351290e-01 1.088414108977667549e+00 1.076862245115669969e+00 9.812408048601697352e-01 1.210512228428745951e+00 9.942236977101526207e-01 9.875196196790172465e-01 9.594440526403755776e-01 9.689555277885909534e-01
9.629988384428027626e-01 9.731718908628228526e-01 1.077717158313803880e+00 1.171356325892138228e+00 9.571358991640659397e-01 1.135473105313678843e+00 1.097687983289335589e+00 8.968459071399623728e-01 9.899686623464275526e-01 1.072029355693421726e+00 8.956847638776568310e-01 9.485882206958149432e-01
-1.955150588249134347e-01 7.534536724502371996e-01 1.086582195434708797e+00 1.327581132611205694e+00 1.194460803565108531e+00 9.682827618182273666e-01 9.556818428004548727e-01 8.933287460148018333e-01 8.936439663678510392e-01 9.679698281915042335e-01 1.027421863977238115e+00 1.057510439677195269e+00
1.079847853169939143e+00 9.385892372323567656e-01 9.036873235923392755e-01 1.021724640389678029e+00 1.028174165544798235e+00 1.118104187849251474e+00 1.107192605730020762e+00 1.052226066710654440e+00 9.732099763250998681e-01 1.023676464410040676e+00 9.780042838433132824e-01 8.965696088682024723e-01
1.111330567986956508e+00 8.834248216602941239e-01 1.014778600565967137e+00 1.022404956787624553e+00 1.073813970976380761e+00 1.021774986563967369e+00 9.994705444514520032e-01 9.185646952666746134e-01 9.155016225286455311e-01 1.276922019042524115e+00 9.471491698864328290e-01 1.026912487979860567e+00
1.015233434688583625e+00 9.498874336141773789e-01 1.057445387355336441e+00 1.025945906081837666e+00 9.827456007753214706e-01 1.001249728352061164e+00 9.816176217685179672e-01 9.605833579642315545e-01 1.060663815378372510e+00 1.006192214242800365e+00 1.001940397281163797e+00 9.818299999603021799e-01
8.504307713269221303e-01 9.724328145063648732e-01 1.214692148688681916e+00 1.234713591757848228e+00 9.906436077990443678e-01 9.835902822176194604e-01 1.016406126550608358e+00 1.179956669751321741e+00 8.240387866358039881e-01 1.110991544428321598e+00 9.205933824596569393e-01 8.947435192008508231e-01
1.138448215806747488e+00 1.029250903104449666e+00 8.529361433322606434e-01 9.310127040763080952e-01 9.185465879220754415e-01 1.063972556193413244e+00 1.043334193971082069e+00 2.012535339272394808e+00 9.406844309615538524e-01 1.052323127240096357e+00 1.058421488061817239e+00 8.925740682556770889e-01
7.669401419758380134e-02 1.060456541609601011e+00 1.017913456182683252e+00 1.052416766219586464e+00 1.011843190795629122e+00 9.643226038203414063e-01 9.815726154619556221e-01 9.759847028485102438e-01 9.334208343759394788e-01 1.074847218029518103e+00 9.603498925678523035e-01 1.052235172708961608e+00
1.048192488150665680e+00 9.170330882190368404e-01 9.998115635467839102e-01 1.011615837129216544e+00 1.073143162629247804e+00 1.009799465316154832e+00 9.686709770004731102e-01 9.646106345371234791e-01 1.030246279534167142e+00 1.007129326665175073e+00 9.733771278196653443e-01 1.037088400659718523e+00
1.138036134669549782e+00 1.069959905814275691e+00 9.651493313428790577e-01 1.034943869836559394e+00 9.909848797708969981e-01 9.862415298310248657e-01 9.750503162827128811e-01 1.028001676315425605e+00 9.994976121403604807e-01 1.017545247461435487e+00 9.847661379045863361e-01 1.002750843204854192e+00
1.113578816152629658e+00 8.750314532090113229e-01 1.027600326468461889e+00 1.037906791304536780e+00 1.056741525405323179e+00 9.618557760458810169e-01 9.669324135815522414e-01 9.581168553213730288e-01 1.072967217494865455e+00 1.057695500002293176e+00 9.527374343190868622e-01 1.019559074063348225e+00
1.140473935432766650e+00 9.092212002656737679e-01 9.506935355522772024e-01 9.810869965937348836e-01 1.026410459107471640e+00 1.045330778330374244e+00 1.033443188187346262e+00 9.770577509400013572e-01 1.043108386934066045e+00 1.018278271820719949e+00 9.724262086226773683e-01 9.753451219188742360e-01
9.891726473157326227e-01 1.052424112717852411e+00 1.117867594684122334e+00 1.048062486088896961e+00 9.513366376928364954e-01 9.389605277647153914e-01 9.657104944311615258e-01 9.223763535272485603e-01 9.688360657536191356e-01 9.867916696051467484e-01 1.045672835171852944e+00 1.098561172772486216e+00
1.295339705609368064e+00 8.404814297614294771e-01 9.808494446105138209e-01 1.073870516327783964e+00 1.071393622514461130e+00 9.739709344966741567e-01 9.570319856585843832e-01 9.771296864661874748e-01 1.002224305217827016e+00 1.002845953853042094e+00 1.011241821533045204e+00 1.027098462830831949e+00
9.589402987941255674e-01 9.546562054927574259e-01 1.070654704491197373e+00 9.882061823310763771e-01 1.067495478483036164e+00 9.684652238614170905e-01 1.040199851295931399e+00 9.281101762071349848e-01 9.683289193810803441e-01 9.951063006791615040e-01 9.925695254995343664e-01 1.061889354033631605e+00
9.812880015638617559e-01 9.565263688998802971e-01 1.118545075254764987e+00 1.041892308062824402e+00 9.875541828858965809e-01 9.429429883992164196e-01 9.423761028040273935e-01 9.507173527293507620e-01 1.178704322420842665e+00 1.020160868176894109e+00 9.876717879855335669e-01 9.946638143436837831e-01
1.114245016097048513e+00 8.737596989708336093e-01 9.918324461841606654e-01 1.047278825785687317e+00 1.053512913324028410e+00 9.849711820456911182e-01 1.016190956985036475e+00 9.574108786174503338e-01 1.023270924703431062e+00 1.000494068567538974e+00 9.743037005014468788e-01 1.044665154132836671e+00
1.107335917301395689e+00 9.398342365291778577e-01 9.439396510958421027e-01 9.867877344667937978e-01 9.894426319048471585e-01 1.075303102224960172e+00 1.065181976334968583e+00 9.325462345687065557e-01 9.800202927812996512e-01 1.013998561116650432e+00 1.075842939664641840e+00 9.668010688174988321e-01
7.407329305670514730e-01 1.059600275464283259e+00 1.104562445502294210e+00 1.064131043981921376e+00 9.840647408177579658e-01 1.014611770597143803e+00 1.023367283380079318e+00 9.483600978802428916e-01 9.485194479981559068e-01 1.036144047720743755e+00 9.942218377284021136e-01 9.661056761917242719e-01
1.163707641553779704e+00 1.016273630813499196e+00 9.826254763749309173e-01 9.837007163881931193e-01 9.546498273977087612e-01 8.808381763890140714e-01 8.710430250356991921e-01 8.571727842876515346e-01 1.159707006288066111e+00 1.174551048679068899e+00 1.109858684402894813e+00 1.184599107941611607e+00
1.096005580698932613e+00 9.212899965060884488e-01 9.758087806357620408e-01 1.171421029903061184e+00 1.023885278440675783e+00 1.078975181887734003e+00 1.081170997292336455e+00 9.767935119062419735e-01 9.768486264057572033e-01 8.836289516013982048e-01 9.419530518760136362e-01 1.063740402945351660e+00
1.013739647426043389e+00 9.492594960232854095e-01 1.042362282940731966e+00 1.117540719956890971e+00 9.214874575062114159e-01 9.787028441152865188e-01 9.966266115902856493e-01 1.294858498073413910e+00 8.905183870656433465e-01 1.140748821905113175e+00 9.403875286725519311e-01 9.539380915231854274e-01
1.021172928661024937e+00 9.473742307047164912e-01 1.010406609590772886e+00 1.051408020210953920e+00 9.782173078615366002e-01 1.010649225470688028e+00 1.024815604564248028e+00 9.764893697863932243e-01 9.818095191101319230e-01 1.006302506922995388e+00 1.040011069829734236e+00 9.722584267615895781e-01
1.366343301522724873e+00 7.588244706845176379e-01 1.152355913156219769e+00 1.194374093603635334e+00 1.177592369114776938e+00 9.869456598633096212e-01 9.631713113457294195e-01 9.611990893663830970e-01 9.629267536957720752e-01 9.751413481154566076e-01 9.642322968400374172e-01 1.018717640075834208e+00
1.535477163552340762e+00 9.439503144594623141e-01 9.722446027818210101e-01 1.026220154555489428e+00 1.046674282672846790e+00 1.023875205378123932e+00 1.020411562210524981e+00 9.384328783876375590e-01 9.544518237075383382e-01 9.973693492606545696e-01 1.016533146269186672e+00 1.017939924040009769e+00
1.120593435372531310e+00 9.194788361856390813e-01 9.621038404788677667e-01 1.068721058839485982e+00 1.044295732299560742e+00 9.918822682772229227e-01 9.603435144325339623e-01 9.331961258695041783e-01 9.716025657016089667e-01 9.736961117893899731e-01 1.057653299099899913e+00 1.086711158547061906e+00
1.018536132692651863e+00 9.436790314429203130e-01 1.028705740663184987e+00 1.026158036500949278e+00 9.574398157103970464e-01 9.993199149992678665e-01 9.660502822088034014e-01 1.030685501426673811e+00 1.006037132998954586e+00 1.043527327957566087e+00 1.009236910372103280e+00 9.931068673454170881e-01
1.311678041391742600e+00 9.428267380103881878e-01 9.026537949620911938e-01 1.046582798778839862e+00 1.021529386741330647e+00 1.040958129312608227e+00 9.891572216287383146e-01 9.565150162136828449e-01 9.390635153563453574e-01 9.737608859697194363e-01 1.051059228608683727e+00 1.097068091300642978e+00
1.034940078107589034e+00 9.095070394176810735e-01 1.045527558391107448e+00 1.089036123996485639e+00 1.037830512547226691e+00 9.825037520551918035e-01 1.007189229657983187e+00 1.000924093984952412e+00 9.698430502388272201e-01 1.004709124423079691e+00 9.602183052267441177e-01 1.031874652737175158e+00
1.072837886011570596e+00 9.184437018750062354e-01 9.732095311469695087e-01 1.066663570720728371e+00 1.050080670312121045e+00 1.072280818382148393e+00 1.029013301251092027e+00 9.100654383598283381e-01 9.847489552396498924e-01 9.635303421066776508e-01 1.053379923634839566e+00 9.834986213409923073e-01
1.029107279211747938e+00 9.353827513045454012e-01 1.079514867982231285e+00 1.003563419789540223e+00 1.017068148146065720e+00 9.630816788362793757e-01 1.056394444004818967e+00 9.672763707675492428e-01 9.811529559073787210e-01 9.829732513304355601e-01 9.906006173637617040e-01 1.013086316066087456e+00
9.191596853886366825e-01 9.543659937109527647e-01 1.107449650772309280e+00 1.211892297412762387e+00 1.012641544288524598e+00 9.804044682189858584e-01 1.002362900818235758e+00 1.053261426372600118e+00 9.241992242682643965e-01 1.030837756695311080e+00 9.421565050875677638e-01 9.804521640355102763e-01
9.840357082589852311e-01 9.317152365116760926e-01 1.077006713373877655e+00 1.117599732843673754e+00 9.938979186587771908e-01 9.899706149170814928e-01 1.023641818641746415e+00 9.626951238004344269e-01 9.994523457442844316e-01 1.023950979742352718e+00 9.749805500680263082e-01 9.741132295433210242e-01
1.214455260447863783e+00 8.797068617020288306e-01 8.975589331221157652e-01 1.092001577208400631e+00 1.084237389665392959e+00 1.138179456093905806e+00 1.133494902943492866e+00 9.247311220176643864e-01 9.314254033638567076e-01 9.289349572717399139e-01 1.023932581857980750e+00 1.000654192981194290e+00
1.014414981656271530e+00 8.653381436039195851e-01 9.847875644406721696e-01 1.132743871510088374e+00 1.003117038387026927e+00 9.479219802585814314e-01 9.840048241071078783e-01 9.911978948405310019e-01 1.025685487650484840e+00 9.976807309141897395e-01 9.848351949884550649e-01 1.030222357023598878e+00
1.020825392074471871e+00 9.317535301477914977e-01 9.885003262164084870e-01 1.015894677320369199e+00 1.093787302635865766e+00 1.005075821556175475e+00 9.935390795948267906e-01 9.347867939408829319e-01 1.065949496425348419e+00 1.053111624076310759e+00 1.024443318764217237e+00 9.334035168747621958e-01
7.919681570204991639e-01 9.708356671155194961e-01 1.151924105969533096e+00 1.231340746015514132e+00 9.904267204705420324e-01 9.438963068862807893e-01 9.441800014023380427e-01 9.322659467449595505e-01 1.056255421299813424e+00 9.253380741365175854e-01 1.035561388319221399e+00 1.055364352111172854e+00
9.849966872537707641e-01 1.027759421967653575e+00 1.053716698780345240e+00 9.832380953254880041e-01 9.839375611350281714e-01 1.056101135325364204e+00 8.940258322010090630e-01 9.961452124524753371e-01 9.981567155529578184e-01 1.081876426157149185e+00 1.010325430947046632e+00 9.832628630515325430e-01
8.729961336529280524e-01 9.880236900887878759e-01 8.978604240250035451e-01 1.228224957189639754e+00 1.030670459222623236e+00 1.002130756923575117e+00 1.011047258824028239e+00 1.314803426389524743e+00 9.311902713997619596e-01 8.372039194365368253e-01 1.010367004746492992e+00 1.094157467400391548e+00
7.452035575177831106e-01 1.007002545635752089e+00 9.933462477494299225e-01 1.018651939514549243e+00 9.975585300902060082e-01 1.015056667406483593e+00 1.028478892533706279e+00 9.941954460718415154e-01 9.551124530992239903e-01 9.986147605236423974e-01 9.978058771934943394e-01 1.003466315971827116e+00
1.031907591905458998e+00 9.483294600369878147e-01 1.005634011066794953e+00 1.098805143604540513e+00 9.089874426947551767e-01 1.053970838795197151e+00 1.028223691008212981e+00 9.422574859392901514e-01 9.534545097187832052e-01 1.123157914221475151e+00 1.014671932802815091e+00 9.801329617917938775e-01
1.037821627419688086e+00 9.100662346739288866e-01 9.422132862116758822e-01 1.102957738471573190e+00 9.940351085167292711e-01 1.145112015539988093e+00 1.130141655857910710e+00 9.241724223953862172e-01 9.942962620119216721e-01 9.242011051487623030e-01 1.120328497151943381e+00 9.421411558289528587e-01
1.105400352692069488e+00 8.895890384806799389e-01 7.962365911475788316e-01 1.065568058235141669e+00 1.015685573629334870e+00 1.179811453972747559e+00 0.000000000000000000e+00 9.625599430125340028e-01 9.602879496977358986e-01 1.024456103538978757e+00 1.000095957696212734e+00 9.481656673149254644e-01
1.000116370506561880e+00 9.733217408442688123e-01 1.056456190211664925e+00 9.860882432633094608e-01 9.495211414515493109e-01 1.011946562479612899e+00 9.994251914359595368e-01 1.065262594639447169e+00 9.406781873759243462e-01 1.039234689688665947e+00 1.028775857438423591e+00 9.832379046796823063e-01
8.218091577176749318e-01 1.015252939130339760e+00 9.922377142664478011e-01 9.993907141552752504e-01 9.897070566266606972e-01 1.006730388097949236e+00 1.021983468839713582e+00 1.006633325285119174e+00 9.817666644833042966e-01 1.003893045580816601e+00 1.005108549884960123e+00 9.932845259089492229e-01
1.129287479168969988e+00 9.044461365537672659e-01 9.711011034062067004e-01 1.044334208932533148e+00 1.085893300470330392e+00 9.828281857623903939e-01 9.948135401254494248e-01 0.000000000000000000e+00 9.351602694098151147e-01 9.893633983261940212e-01 1.025455886441992037e+00 1.016955021772613765e+00
9.670776757383747757e-01 9.866188731975683579e-01 1.048942778057847303e+00 1.079865777385924375e+00 1.025224591464882984e+00 9.646495118366871235e-01 9.330803492485026940e-01 9.490114360148144135e-01 1.187523224492226470e+00 9.720300603258051897e-01 9.754602572279732486e-01 1.005934744542870574e+00
9.949646707043605653e-01 9.572328897400920189e-01 1.050409439499464082e+00 1.093469862125617142e+00 9.793461928927627014e-01 9.754105530244790989e-01 9.813266609392825579e-01 9.460881956596935982e-01 9.987376403302267169e-01 1.059073025411711777e+00 1.006896047007940220e+00 9.967184803347904909e-01
1.080179402574686920e+00 8.800288840187515671e-01 1.047288134871801502e+00 1.058244785635179319e+00 1.064657777013639617e+00 9.880896098669349481e-01 1.065411098815466140e+00 9.319787612175188807e-01 9.744417310197247550e-01 1.059947521810631343e+00 9.543080735124810365e-01 9.907905127943323897e-01
1.002827583254064292e+00 9.712896710418067459e-01 1.030096403326638432e+00 1.115462160586362161e+00 9.848116926875273291e-01 9.699835152648822456e-01 9.810024666707519714e-01 9.830901876253600458e-01 9.913769995056919138e-01 1.009451750647798463e+00 1.005659480885364276e+00 9.855907485442162441e-01
1.051761808032631640e+00 8.959931861766129435e-01 1.033403375787110390e+00 1.024183947412904860e+00 1.085071210791483498e+00 9.613181573867350949e-01 1.006945300360780671e+00 8.766486781917243176e-01 1.125861034955593309e+00 1.211204668146297569e+00 9.528828957960507884e-01 9.631371187271579037e-01
1.221775357808818407e+00 8.489482506582457511e-01 1.003306426011095098e+00 1.017629062339175938e+00 1.050148754209559998e+00 9.755344280177359328e-01 1.022247690489422878e+00 9.661578198442276610e-01 1.010843318444825778e+00 9.972980017315763446e-01 1.021549384708498209e+00 1.010839385265452472e+00
7.633439698871317125e-01 1.019741143308134035e+00 1.026516446438908492e+00 9.839494219113762430e-01 9.879403067617326117e-01 9.980242332353518320e-01 1.045722187261992620e+00 9.743737509242460515e-01 9.878016802619673520e-01 9.987885032132859386e-01 9.914263263258221714e-01 1.015875710443863156e+00
1.146537980643380639e+00 8.401225553736300089e-01 1.065066407537615722e+00 1.130581054888701420e+00 1.115106306792772672e+00 9.743215571317931367e-01 9.753105984062180323e-01 9.388934152968332336e-01 9.914195813782369360e-01 1.110367238710769922e+00 9.435927181038197276e-01 9.697221782615125241e-01
9.145362306623975313e-01 1.016801004598242963e+00 1.108439810798481862e+00 1.167053030005369640e+00 9.593636091787337561e-01 1.079137965723317327e+00 1.007083173018684441e+00 9.344204930998454284e-01 9.481234446923164638e-01 1.005115457132026435e+00 1.016296242455747789e+00 9.596790436758743104e-01
1.006509393822963450e+00 9.708583553797515142e-01 1.100734520181079867e+00 9.554319279160246037e-01 9.958185402086118243e-01 1.053652168142358514e+00 1.166422065316613299e+00 9.016554265859932915e-01 9.597750111266912798e-01 9.872356877439442124e-01 1.000649204875727172e+00 1.000828196957316729e+00
9.846997742712201296e-01 9.739963685179179320e-01 1.130855512254387740e+00 9.809816321549380547e-01 9.670033016852077612e-01 9.769356724287983074e-01 1.019767955780598312e+00 9.203978063330409132e-01 1.089828420699173517e+00 1.029473448978138972e+00 1.010117892062686540e+00 9.823239349523765762e-01
9.539996763634349675e-01 1.052853604565917145e+00 9.816975560847434057e-01 1.012831164541522888e+00 1.008107225065735024e+00 1.010992506172516459e+00 9.639753949060005933e-01 1.001498782996608439e+00 9.772545023684184873e-01 9.945421107950086492e-01 1.000489716177288546e+00 1.037425185135110395e+00
1.229045414750070231e+00 8.498952420930550034e-01 1.006423285919611832e+00 1.073617466759042127e+00 1.088143965341703101e+00 9.888530983730903223e-01 1.043716505597352295e+00 9.957383942539096422e-01 1.009477373591378013e+00 9.452516424831541864e-01 9.786434184804267966e-01 1.015134917190935848e+00
1.001012518223368897e+00 9.906451585869218146e-01 1.052368777595936944e+00 1.005360525785450321e+00 9.364790247254772826e-01 9.916995876888063943e-01 1.017920645202056606e+00 9.847104908944018797e-01 9.707903837950890846e-01 1.025165607488068398e+00 9.968496599591696317e-01 1.050176671156908270e+00
1.060187017895682482e+00 9.353699050761876688e-01 9.974227223563220113e-01 1.139336233519966823e+00 9.835918624644225394e-01 1.026315876643671299e+00 1.031309544588375093e+00 9.035498500479686168e-01 9.528896771133342769e-01 1.153424408572343740e+00 9.641074510014404630e-01 9.729441841907965349e-01
9.831900008969745031e-01 9.455750747554028113e-01 1.010697730117211979e+00 1.033728787647220759e+00 1.047608223770512437e+00 1.021365064387407706e+00 1.015458649290707172e+00 9.723010285810443909e-01 9.798220039905976009e-01 9.796266201158840836e-01 9.913476762348063520e-01 1.025462486813855989e+00
1.176403751426779554e+00 8.660989834559963407e-01 1.030894154026291476e+00 1.049366546507178199e+00 1.115560219531181785e+00 1.021564320860519626e+00 9.906216273662783456e-01 9.513743930112114056e-01 1.023664871240246965e+00 9.735325021981005023e-01 9.461261020632937280e-01 1.031657545386816421e+00
1.099689815121455139e+00 9.029582388144925531e-01 1.040045558815701376e+00 1.023910433907790685e+00 1.043461604830469902e+00 9.772526172710382930e-01 1.036873297987796150e+00 9.239400975479473699e-01 9.898784375046084660e-01 1.015703433208241746e+00 9.881641556343128130e-01 1.023825043689646996e+00
9.964127089568063367e-01 1.011202755481923177e+00 1.014799308115791998e+00 1.070230757069855709e+00 1.020854276204018696e+00 9.777334700203802464e-01 9.641304900362491770e-01 9.347419558567117148e-01 9.985211079911777698e-01 1.009242787107905048e+00 1.008407740569944089e+00 1.015465936405071545e+00
9.679508382913825093e-01 1.036698160379812217e+00 1.092507257464853554e+00 1.072115772315041626e+00 9.656765184227973364e-01 9.592663652778028460e-01 9.314352930853714296e-01 9.443714910677768470e-01 9.589385541269741520e-01 9.883558684166369179e-01 1.044926943607558112e+00 1.123281805765651065e+00
9.559038606976385521e-01 9.471242627668944314e-01 1.040696590424247114e+00 1.113646918828288035e+00 9.588167746707301209e-01 1.060547384766274304e+00 1.083768535669253463e+00 9.330294676124156750e-01 1.011560723635308801e+00 1.043059955612882783e+00 9.405689157013402690e-01 9.910315298500078640e-01
8.876166620408195707e-01 9.772898418969836465e-01 1.199046256504024965e+00 1.139846355587619708e+00 9.886969111330474735e-01 1.035303211186304084e+00 1.041217807322800670e+00 9.301907740162584926e-01 9.812685250911211687e-01 1.046904375054837910e+00 9.820930071541422723e-01 9.437411230643651949e-01
1.019774179928780056e+00 9.011821235361524574e-01 9.703728126180009017e-01 1.032478339758670982e+00 1.053448373517629211e+00 1.123008076550075396e+00 1.119886185375446930e+00 9.892068636287125738e-01 9.726216740342694678e-01 1.007493398951118113e+00 1.025670277257516583e+00 8.960739524565558556e-01
1.329437633480980541e+00 9.890740707409667598e-01 9.918312485014727509e-01 1.060202551954274819e+00 9.405039359987584779e-01 9.740055124195092784e-01 9.844481153590899369e-01 9.329700114137169376e-01 1.187154931408749281e+00 9.794021202727787312e-01 1.024277670218810776e+00 1.006885004530163830e+00
4.954223184392696905e-02 8.527591942593233387e-01 1.039800356595971031e+00 1.350072110865100150e+00 1.019438722305222589e+00 1.057829036284750446e+00 1.024621118573872725e+00 9.606615941296553496e-01 8.631090336834127408e-01 8.614892036595441782e-01 1.045402695013666561e+00 1.171974088267349723e+00
9.909117071348080286e-01 1.020669683988867815e+00 1.018697692629899176e+00 1.050224962051280686e+00 9.764293192443896929e-01 9.914285985991805328e-01 9.429307611962617353e-01 9.819483186278303855e-01 9.965334036878282786e-01 1.021915020201674462e+00 9.930762096395713279e-01 1.026507064925651358e+00
7.824476150752524006e-01 9.443381071926817416e-01 1.124929131296550366e+00 1.094075027800906375e+00 9.708416720110005782e-01 9.797635854173646353e-01 9.945160918889973667e-01 9.677326566243116268e-01 9.432209493237723175e-01 1.058023375459200999e+00 1.012904726866916905e+00 9.657538013205564376e-01
1.003901873316449311e+00 1.023812282743366220e+00 1.007137310183809031e+00 1.044061111846086520e+00 9.832063928070575720e-01 1.000637795044177603e+00 9.485985826443851243e-01 9.958069033696105299e-01 9.598627615630551668e-01 9.982452610301094653e-01 1.009394858130665318e+00 1.043731039711383923e+00
9.213382974895505395e-01 1.000817024949967493e+00 1.093910873749246448e+00 1.027833199815251231e+00 9.080438051347635708e-01 1.078826955233274765e+00 1.048586427602530069e+00 9.503768322738342933e-01 1.004939128865468323e+00 1.002749923766730333e+00 1.008822822725942370e+00 9.715535729207005478e-01
9.803561327136175452e-01 9.419314641675101685e-01 9.082276720777447965e-01 1.039767845639286703e+00 1.044132098308864220e+00 1.168611514832359921e+00 1.190314209718896565e+00 9.694069593778770200e-01 9.944639225540153893e-01 1.074184833653093474e+00 1.061046166336374608e+00 8.443725830670355537e-01
7.722201822292262818e-01 1.016336951154933832e+00 1.004090074085842943e+00 1.028058397865380780e+00 1.017270834675723323e+00 9.932903299404308717e-01 9.815567667712911115e-01 9.803240416487633002e-01 1.002928524437074920e+00 9.902190088177318383e-01 9.905641151823944002e-01 1.007253705666266042e+00
1.019151811126686180e+00 9.624506311406865189e-01 1.042353151821490798e+00 1.072612539028981349e+00 1.001602805142408625e+00 9.776702384653012112e-01 9.751423876273945801e-01 9.763988313508182859e-01 9.630806236631586081e-01 9.915165965876538978e-01 1.035292536884545367e+00 1.008297921833404498e+00
9.032580525138732552e-01 9.273199309804579515e-01 1.163310661884906505e+00 1.251789097642038051e+00 1.049479984787437870e+00 9.925894922929618946e-01 1.065691446749933657e+00 9.767324018615585191e-01 9.108450783236982096e-01 1.135901862237472582e+00 9.524021310766656034e-01 9.200094375170675409e-01
1.001353362768211408e+00 9.286398695606300491e-01 1.119310152744914966e+00 1.098275284052624201e+00 9.692121832068630871e-01 9.720844905682739512e-01 1.023287965250242459e+00 9.301890971319570767e-01 9.896238726501572769e-01 1.002319419119024113e+00 9.911333168798620585e-01 1.046854660878051790e+00
1.011960438243343363e+00 9.375787194209870279e-01 1.043011916003069972e+00 1.114275601955017292e+00 9.910920585818245865e-01 1.033432090658448210e+00 9.990436117424593698e-01 9.758051669415950258e-01 9.923137206322948378e-01 1.031603019668666299e+00 9.641430693785216777e-01 9.532669354375818971e-01
1.028766560404582808e+00 9.708592966426847770e-01 1.089713706273352400e+00 9.635007880734031138e-01 9.777470568376704918e-01 1.052207108660153878e+00 1.040482525792727042e+00 9.371765603991056848e-01 9.880557343367689649e-01 9.875154331382912654e-01 1.024950098371613549e+00 9.798809863584115876e-01
9.539000938183475053e-01 9.858731878995667941e-01 1.110323811530714799e+00 9.843738886880317729e-01 9.776607048900216590e-01 9.700748738821766137e-01 1.046983218368322088e+00 9.351497982952746701e-01 1.141124419774778298e+00 9.576980245885673426e-01 1.004780349265621320e+00 1.011573782250810849e+00
1.028869571704655428e+00 9.641410969683861243e-01 1.025121010887470208e+00 1.002340398295904711e+00 1.047221928872265950e+00 9.890164066039036639e-01 9.754992974723354360e-01 9.643805639808950003e-01 1.008926299794570047e+00 9.912115542868378260e-01 1.013532064070087113e+00 1.004340471943673485e+00
9.972627003437393167e-01 9.843760812309948482e-01 1.096362389406396742e+00 9.867779674029921733e-01 9.824941817874839334e-01 9.891667962227350674e-01 9.774130730743614270e-01 9.433674916178869108e-01 1.128553097184810117e+00 9.814895724111950548e-01 9.942895889847852553e-01 9.929310585347895790e-01
8.975669781485121623e-01 9.898597881064216120e-01 1.148488568042039359e+00 9.554673054484045247e-01 9.720826216648232876e-01 9.963856890484229512e-01 1.023781320458058808e+00 9.960203370027862491e-01 9.687480144106288549e-01 9.918212449486265569e-01 9.951972496337428975e-01 1.026754689869938675e+00
9.337760512494283072e-01 1.078362618224377067e+00 1.004892298277483498e+00 1.125955816477226090e+00 9.672047307813567141e-01 9.457229798025575951e-01 0.000000000000000000e+00 9.420854432216729801e-01 9.743163929137681478e-01 9.870930983016042992e-01 1.030947240140217325e+00 1.074566144325067141e+00
1.007764416074352187e+00 9.988102794175256482e-01 9.852477602222509123e-01 1.016677835920605677e+00 1.020798479245680346e+00 9.908990828866698353e-01 1.046260295329796364e+00 9.926444953665306548e-01 9.742806950139603073e-01 9.864698946465878526e-01 9.769447588301477525e-01 1.012587507236310858e+00
9.895164153786314420e-01 9.676732841849052802e-01 1.034704763064455690e+00 9.903137530032100067e-01 9.852381393936118226e-01 1.018498889255318618e+00 1.000455544547330655e+00 1.010698817990640430e+00 1.045970170194800097e+00 9.901758087331776759e-01 9.988217330679750594e-01 9.792095339452501213e-01
1.016926833475594094e+00 9.443145036288990157e-01 1.054117170408616078e+00 1.010256168292250623e+00 9.837586703285763345e-01 9.643184332827459126e-01 9.525684302862671426e-01 9.660467343353289493e-01 1.136420994672621143e+00 1.006060347000975685e+00 1.008501790966003009e+00 1.011390950626904317e+00
1.001560255773927599e+00 9.588859749252656162e-01 1.017244460733935263e+00 1.076572114984364781e+00 1.000005321467216657e+00 9.953855332491499119e-01 9.794268502754530648e-01 9.813214171639259575e-01 9.820538717386708694e-01 9.995380604808490332e-01 1.001743113577403532e+00 1.025352605623877755e+00
9.781489384951987942e-01 9.859540004409946823e-01 1.053069732585901974e+00 1.059773824679816512e+00 1.020042334345860224e+00 9.728531213639494135e-01 1.031106762189239134e+00 9.452705542846426834e-01 1.004165910060751177e+00 1.013519247349451868e+00 9.817684352971141060e-01 9.800613271674210036e-01
7.565419390062178007e-01 1.039587237565478439e+00 1.002634245172279392e+00 9.887012200735276757e-01 9.735055630971873875e-01 1.002902487691964550e+00 1.045935735805359590e+00 9.942557702379517526e-01 1.000893298692472122e+00 9.616628679955729897e-01 9.911169669445132335e-01 1.038647997608686424e+00
1.093282578255720727e+00 9.876115199503852082e-01 9.158502509395635149e-01 1.035335384452453766e+00 9.760252923084059562e-01 1.017869298155160918e+00 1.010472756379731107e+00 1.015869846496099349e+00 9.805004182958689807e-01 1.001040123300614093e+00 9.802095821393277397e-01 1.025340951132278855e+00
1.000983174574234580e+00 1.043901195136697435e+00 1.007511314208691999e+00 1.067183315887525019e+00 9.775754675320589282e-01 9.922507661699041526e-01 9.461662350887032336e-01 9.851373860426415607e-01 9.690318129100308209e-01 9.900757131730600902e-01 9.933507295291590378e-01 1.054455355862451427e+00
9.984381816840133261e-01 1.006190811649119832e+00 1.071632856175869453e+00 1.056473055865606803e+00 9.749389035535828141e-01 9.615883571988186329e-01 9.297188969957351778e-01 9.630917461876580266e-01 1.008346162901069709e+00 9.766987167331241393e-01 1.029726107475162911e+00 1.068067473124064692e+00
9.996979403564911770e-01 9.649650682605585006e-01 1.028636637328644854e+00 9.821844649317219567e-01 9.642536940688678504e-01 1.045836585048658618e+00 1.058698971607590966e+00 9.537848392505930972e-01 1.051504300260590608e+00 9.980281085095650262e-01 1.008772381694346132e+00 9.726381108277444287e-01
9.985540991012320511e-01 9.622596478486682425e-01 1.115960954534989780e+00 9.792698035137022972e-01 9.727486889011126570e-01 1.017813022904335396e+00 1.033217824851714317e+00 8.855727815222081967e-01 1.247998448072195954e+00 9.669466789844544108e-01 9.942834154911778244e-01 9.798461687951259824e-01
1.423630680809366611e+00 9.376897236546307690e-01 9.702385733243336086e-01 1.028130683527400446e+00 1.112993649405142893e+00 9.190084473666711995e-01 9.959741758995174221e-01 1.015222370727132617e+00 1.023958134779027196e+00 9.807724479371252579e-01 1.006664155640192071e+00 1.033079402992962414e+00
