8.330211247672394403e-01 1.051076663077104012e+00 1.176196630469307003e+00 1.041593528179701078e+00 1.076341455127537650e+00 1.050498968559120616e+00 1.051714885987282466e+00 1.097597207494165561e+00 1.019017342175577490e+00 1.052385736993130649e+00 8.927807293443705827e-01 8.881118172137626443e-01
1.000230991958575677e+00 9.547600586756835872e-01 1.083462319815736263e+00 1.097283921845266130e+00 1.012639417121327101e+00 9.746565433572617065e-01 9.634063283219650442e-01 1.017682281357871865e+00 9.522803702593553021e-01 1.045296345811019378e+00 9.375778394090634738e-01 1.016934881917002098e+00
1.111473350566407170e+00 9.901977958439687200e-01 8.069419710036204174e-01 9.614668689594023654e-01 1.111135142808592269e+00 1.105535068123417286e+00 1.111406746513577071e+00 1.128334403385180096e+00 1.084275567987730282e+00 9.185894917714597652e-01 9.853560416879829642e-01 9.387056687851486059e-01
1.278445905548934558e+00 9.874340414589271031e-01 8.205867383000118309e-01 1.042602905948809333e+00 1.122212951943271975e+00 1.111388536550652173e+00 1.105681197969196061e+00 1.034660302438311641e+00 8.687450836364005724e-01 8.801493097386592357e-01 1.102994801149079329e+00 1.031741546727974024e+00
1.072514499823610690e+00 9.106957118718258526e-01 1.099909593610983505e+00 1.102110469601440990e+00 9.960994379713186131e-01 8.874493390734368159e-01 9.883253075136647636e-01 9.831522581150829998e-01 9.754406522645312494e-01 1.028211277295643544e+00 9.803650954138897200e-01 1.087168692919779911e+00
8.003846127438122293e-01 9.085295019271774075e-01 1.214838074519712707e+00 1.254708981288848557e+00 1.169302500189826732e+00 9.425084807964254630e-01 9.607323276807477885e-01 9.838308977777511233e-01 9.419433239742008857e-01 9.840807704289091795e-01 9.706217120823653621e-01 1.018946470592313025e+00
1.076072634910140158e+00 8.731049837918060108e-01 1.002578176679664201e+00 1.023282510030336212e+00 1.136379312894273852e+00 9.683052985639554189e-01 1.052890269653238287e+00 1.008619531604190600e+00 1.044478765084696503e+00 9.834855764158384472e-01 9.684785839697342968e-01 9.610906991866196014e-01
1.045485771118393359e+00 9.208231555270802726e-01 9.097369740764705837e-01 9.907705891062338344e-01 1.081972431446471372e+00 1.108630953253399554e+00 1.141361628534780737e+00 1.090153107364243645e+00 9.332150024822992718e-01 9.932126057528720686e-01 1.033936836678047033e+00 9.018319241597192448e-01
9.852984725994891058e-01 1.031160845014710947e+00 9.919919457052298606e-01 9.650542827346686447e-01 1.013442742621933679e+00 9.689636605029053884e-01 1.046009532023200572e+00 1.020173530699542530e+00 9.853698342042020997e-01 9.843290130427893025e-01 1.048350527368387297e+00 9.782594134013090637e-01
1.042068032695501856e+00 9.363025448622088742e-01 1.004718626322800290e+00 9.480730196103959173e-01 1.002193634038191838e+00 1.005991929853517153e+00 9.801261346250114137e-01 1.160422440735987548e+00 1.030218673386367634e+00 1.000578617823968397e+00 9.609993389156035182e-01 9.937368188423340021e-01
1.135093616540543637e+00 9.476246818428102348e-01 1.048591440301007705e+00 9.536385225579402380e-01 1.070896494676794264e+00 9.744507903153242223e-01 1.003972523210832968e+00 1.042318882364391630e+00 9.948407376358154863e-01 9.501950790633394428e-01 9.914436708502787354e-01 1.049940948112629613e+00
1.057234212907281590e+00 8.968524048381304459e-01 9.527976345227006094e-01 9.864271473398721346e-01 1.177169100904653432e+00 1.061253555451351582e+00 1.051470145628347952e+00 1.114094152183625841e+00 1.082083913329902947e+00 9.606669957471075660e-01 9.179472809321491678e-01 9.137016572770517708e-01
1.009065325795270640e+00 1.019687140760824562e+00 9.928241195256264362e-01 9.594823999822645888e-01 9.660500219320328208e-01 9.510672246906692884e-01 1.041594305475700422e+00 1.032593011643538450e+00 1.138933121278068450e+00 9.736545656562597406e-01 1.035291361209534911e+00 9.405382963057346002e-01
9.891164720522787057e-01 9.797066297994233564e-01 1.113505336077061925e+00 9.431790654779335092e-01 1.039367532285727647e+00 9.385099035600176220e-01 1.007322556633721611e+00 9.956711282369132832e-01 1.145239381610602125e+00 9.432127384937299963e-01 9.812937875409556421e-01 1.007754271456456685e+00
1.016751316632482638e+00 9.479304358061095837e-01 1.066417704281072520e+00 9.572304903679335064e-01 1.020173566709429158e+00 1.015596853846330694e+00 1.015581878309649966e+00 1.025562816287898027e+00 1.000907216169329317e+00 9.785932084532983355e-01 9.660578608709369242e-01 1.014315972343277972e+00
9.582906268822585227e-01 9.445048551962764716e-01 9.779571957341108845e-01 9.432248125617953560e-01 1.034150286926940554e+00 1.010252169930428767e+00 1.141263800467105849e+00 1.016725789463386542e+00 1.333564007281462738e+00 1.091161864771367673e+00 1.050229052181491651e+00 8.135238465148560971e-01
-3.026958702315230010e-01 8.782809573746946930e-01 1.071430366709448245e+00 1.302716470586685382e+00 1.224310816716047023e+00 9.683693722613516686e-01 9.514077002103712433e-01 1.023696571934478383e+00 8.911978519630410212e-01 9.173637635546988411e-01 9.477837951986349818e-01 1.083763030562566732e+00
9.401829395419242230e-01 9.664812458356922820e-01 1.105087707848367851e+00 1.115368659638226401e+00 9.960804230336990361e-01 9.888918307558265397e-01 1.069319117914861339e+00 9.722611836571307675e-01 9.675890217108916724e-01 1.068951361286557322e+00 9.330363376044448209e-01 9.628755872341628885e-01
1.026418840102098828e+00 8.840564708795013438e-01 9.809022127521310752e-01 1.030054761610493363e+00 1.241396135753852326e+00 1.051322268645254354e+00 1.082122537251161143e+00 1.101599085008191814e+00 9.984996879053331664e-01 9.309798892422379568e-01 9.361430392616932883e-01 9.246363415124826401e-01
1.068378459966006000e+00 1.023566796110871646e+00 1.161178411611181849e+00 1.000601578653803836e+00 9.391749152536892353e-01 9.032132955721056122e-01 9.097526291510366070e-01 9.297470138571318765e-01 9.588917454436797216e-01 9.328730326505101367e-01 1.139074106563133348e+00 1.268006930439334656e+00
1.111995043246114756e+00 9.242169465186432786e-01 1.012197486950295433e+00 1.014632780700241765e+00 1.017340465062494870e+00 9.716417204730188883e-01 9.211551464199074779e-01 1.062882552428023875e+00 9.845295464098591243e-01 1.022224755941306684e+00 9.517495213239438590e-01 1.082647421782249486e+00
1.081339049661609319e+00 1.031415035899363009e+00 8.875326661327049838e-01 9.014655285643720095e-01 1.029622450782839094e+00 9.953100483863153158e-01 1.100996033409970876e+00 1.046800934799047900e+00 1.092973645857483023e+00 9.832939445026855907e-01 1.080059967752675432e+00 9.066810011306377648e-01
1.184213693317055949e+00 8.625605749402541766e-01 9.867527626691953158e-01 1.011268206588757934e+00 1.108918219684818851e+00 9.696972923106934594e-01 1.023928516464646332e+00 1.011832253179119068e+00 9.950253020791889336e-01 9.737696097301167253e-01 9.742463025812456712e-01 1.026350854682891889e+00
9.912493634982950663e-01 9.730380085660190748e-01 1.070335268648919813e+00 9.429565504384760377e-01 9.979248648218717044e-01 9.984594557412108662e-01 1.032432696988127674e+00 1.025050125213092800e+00 1.007318785592411059e+00 9.646743557470869312e-01 1.007275125361653423e+00 1.013435973079708230e+00
8.858414664984387565e-01 9.884368190335919291e-01 1.068983924782971107e+00 1.093707684372267286e+00 1.037473473476097308e+00 9.453726940905448073e-01 9.900873872117420538e-01 9.675315029589391935e-01 9.098639569282941375e-01 9.497927472635746549e-01 1.031161612926778437e+00 1.113570642415537604e+00
1.070830182531996799e+00 8.695828382299135573e-01 1.053909519870538380e+00 1.051718080278820189e+00 1.190229515820874662e+00 9.765879094563428842e-01 9.526211143307140583e-01 1.023978102092315545e+00 1.056078234212420197e+00 9.868186669714604786e-01 9.408444251924041879e-01 9.673729923899314631e-01
1.102939139542350233e+00 9.119605497627091273e-01 9.960281173447455005e-01 1.028303575275234083e+00 1.170351151962543579e+00 9.383332931428888246e-01 9.819659141977600258e-01 9.883817867665146695e-01 9.765408946453847383e-01 9.966210068078626971e-01 1.016235222667247529e+00 9.769661364427045802e-01
1.017787886145402165e+00 9.759450570044970741e-01 1.080531486144196140e+00 9.617665147414892202e-01 1.014132028447483069e+00 9.686346197414965609e-01 1.031024595940354338e+00 1.033499586178499907e+00 1.017556957767370207e+00 9.479921227708456577e-01 9.780160303823656198e-01 1.003493932187330406e+00
9.682485228000896615e-01 1.011840298749705269e+00 1.059180134525631978e+00 9.380798706599230430e-01 1.022159118006870315e+00 9.780400886751107192e-01 9.632526929996210185e-01 1.054130831524824563e+00 1.055100899326916419e+00 1.020539057470616573e+00 9.910333200611557425e-01 9.657673586215144157e-01
1.111733105614863826e+00 8.845022995119378173e-01 9.285372702516971888e-01 1.036064489459077365e+00 1.153810129004610552e+00 1.062342084907425432e+00 1.052585788035738101e+00 1.080537887711066292e+00 9.321568932959622966e-01 9.566631024782641379e-01 9.730691347827747917e-01 9.745372544987012109e-01
9.989091747688245704e-01 9.164607674561888739e-01 9.855036965555737938e-01 1.016598712980250063e+00 1.096265625592982795e+00 1.052240312652433119e+00 1.047767026206729790e+00 1.130901663174776806e+00 1.007250635657819027e+00 9.344159969012724165e-01 9.360188535543614297e-01 9.692414160949082147e-01
9.806016675330980759e-01 9.424367377233673349e-01 1.276006531964561486e+00 1.136920189799342173e+00 1.009636168109803167e+00 9.048668652510548638e-01 9.055413092407728071e-01 1.031717589044270689e+00 9.232513308190307688e-01 9.525739625650806452e-01 1.078414003889254680e+00 1.091121458452124937e+00
9.764789530967363795e-01 9.871189590765926392e-01 1.066855371188262014e+00 1.027151134831269186e+00 1.013710302891247306e+00 9.671215619734518931e-01 9.310168206206543839e-01 1.103219670579841605e+00 9.842742096909019578e-01 9.585838933689621033e-01 1.005314263590142421e+00 1.027506767932288012e+00
1.002821592076147628e+00 8.736053795543160527e-01 1.011848796943696893e+00 1.051649330593062759e+00 1.208578112741201638e+00 1.020741445489988797e+00 1.012016058506621574e+00 1.038327032488123969e+00 1.109726108503365394e+00 9.422620705918248740e-01 9.338605360097863572e-01 9.513802620917952702e-01
1.017517244501700446e+00 8.727143968955890507e-01 1.081788134586328942e+00 1.089107204987612487e+00 1.147441516592642818e+00 9.605196303048855189e-01 1.023753746462511716e+00 9.476934256730902284e-01 9.742311980242516212e-01 1.049391844268591223e+00 9.714812260796429344e-01 9.846561266834902293e-01
9.955072116017461559e-01 9.380782600603934096e-01 1.090224037276037006e+00 9.052688108922962718e-01 1.085833806689120662e+00 9.872113623064792121e-01 9.620554197050317224e-01 1.030270686341150599e+00 1.183721560908959081e+00 9.557395137168392951e-01 9.846736312863332286e-01 1.000540416336909377e+00
9.535273419311882659e-01 9.808078405730245031e-01 1.199213108649151760e+00 1.081200660100728017e+00 1.038474266452121153e+00 9.195346980155132410e-01 9.755707192785271209e-01 1.017593823438444067e+00 9.285105221319269742e-01 9.158958331044114720e-01 1.045187486143122957e+00 1.074149763261643908e+00
9.060231755029971579e-01 9.968844977832960197e-01 1.080953161529929485e+00 1.040641899630658784e+00 9.619533031824679670e-01 1.058492741844931473e+00 9.780164133266024962e-01 1.031333584068225617e+00 9.726259784240852690e-01 9.651973577397472415e-01 9.676614428186175454e-01 1.047325134946520686e+00
1.086448933991393861e+00 8.687685431085857557e-01 1.012417749488238261e+00 1.032899576237843231e+00 1.112794401410921230e+00 9.797617258304843757e-01 1.052286981339310312e+00 1.027098145827693321e+00 9.965401793238189976e-01 9.370942813419196327e-01 9.907337171573487034e-01 9.993585434432974424e-01
8.727282274701569920e-01 1.049590438097748546e+00 9.835200157591099668e-01 1.031848528432243395e+00 9.881226305001382659e-01 9.596055303030053274e-01 1.021361164445377723e+00 1.037078778499870735e+00 9.861823535973922583e-01 9.681986993855764556e-01 1.014029562850814914e+00 9.986028443202926708e-01
9.515241519736266085e-01 8.982063964912517795e-01 1.053742883223359517e+00 1.055311919621693795e+00 1.252703036261792802e+00 9.920294796251213354e-01 9.968230240266237052e-01 1.006431974276134955e+00 1.313649198835996845e+00 9.134704799864376001e-01 9.738206104008443331e-01 8.990368343994317168e-01
1.001586171109507095e+00 1.028182693708032946e+00 9.936514565834910773e-01 8.834759546921998608e-01 1.037977428697869797e+00 1.058474986916992266e+00 1.075597970279777327e+00 1.131339847627601758e+00 1.170996434629882899e+00 9.733308699063967229e-01 9.222455147851170709e-01 9.443730175395769200e-01
8.668955702191916135e-01 9.423894510306559669e-01 1.233353014627484034e+00 1.154254334005791804e+00 1.083108837851116446e+00 1.068758025166154590e+00 1.155205180196542170e+00 9.691522682248319143e-01 1.049398772066513663e+00 1.104188758589067731e+00 8.389126254582615072e-01 8.872664186025603916e-01
1.052030886636482032e+00 9.448629502882018860e-01 8.721643758750257103e-01 9.161461518636703216e-01 1.020256417964165330e+00 1.107428438047497687e+00 1.175739854738773849e+00 1.179962067037618301e+00 1.104491471076566311e+00 1.072418979343240597e+00 1.008954429497918692e+00 8.342435495840153648e-01
1.176999249449652618e+00 8.845084403606769952e-01 9.703272597447007985e-01 9.960507519254977460e-01 1.091368946699360576e+00 9.520416677739427236e-01 1.027524254146340743e+00 1.009656315489520617e+00 9.857285600748864063e-01 9.730497047173861658e-01 1.004586614812705836e+00 1.037276196594658861e+00
1.149822727311131221e+00 9.271876143847227469e-01 9.241761297127926156e-01 1.026987796409149833e+00 1.108164265466900833e+00 9.968066076521111540e-01 1.027997718395250004e+00 9.905632187123100119e-01 9.366656266554579391e-01 9.451059752884085619e-01 1.051447287771152039e+00 1.020773012720542328e+00
1.038781850298364118e+00 8.835823555747922553e-01 9.957043208007004820e-01 1.000319439325912052e+00 1.025611955496714689e+00 9.630919740872181389e-01 9.945981511557483445e-01 1.055583176654092181e+00 9.726251050445307023e-01 1.059672392207313463e+00 9.847318856642957030e-01 1.095782985126603215e+00
1.084180403128231385e+00 9.262313098356197427e-01 9.144783425052114278e-01 9.522906040021011931e-01 1.044084840502822242e+00 1.141074831661593736e+00 1.202182338735878764e+00 1.017452327925818079e+00 9.478198390335189627e-01 9.762600658036653112e-01 1.090755842128809272e+00 8.959612480844144633e-01
1.095248110449313472e+00 8.691708333419346788e-01 1.005242640135370236e+00 1.054004466196149847e+00 1.110829360133681609e+00 9.606694144483626241e-01 9.869975216078780145e-01 1.002449104035148864e+00 9.754461026510402588e-01 1.035984197999749279e+00 9.869250133979902140e-01 1.009466974836494613e+00
1.043096148952682434e+00 1.007429750584182937e+00 8.451656752601133249e-01 9.297649981902385008e-01 1.095947810799645872e+00 1.062050483469435536e+00 1.169205031507780879e+00 1.092159230828161354e+00 1.020445604622959523e+00 1.013543779538325307e+00 1.072819668544615634e+00 8.646878990185143943e-01
1.457941707497142581e+00 1.145612265005518271e+00 9.961646748618240288e-01 8.616086979252435274e-01 8.853095370133133857e-01 8.534733162155606623e-01 8.378689377558641294e-01 9.759703257336201920e-01 1.111436809657156077e+00 1.217256577662207517e+00 1.220516329410100909e+00 1.303351380985608765e+00
1.072935791628255364e+00 9.232091790250808172e-01 8.734705656135420826e-01 9.689526287603832388e-01 1.044607114055795538e+00 1.129039719226512251e+00 1.183533866523220901e+00 1.141212375579790717e+00 9.873191799155648374e-01 9.966529790161005042e-01 1.028594034707131399e+00 8.730454551491581006e-01
9.809213597444649269e-01 1.004726052586444096e+00 1.016800289695359183e+00 9.676666943477975069e-01 1.050160786702122317e+00 9.741979708452442877e-01 1.025821204363474681e+00 1.015086986187931029e+00 9.574519533499264989e-01 9.615035205634541171e-01 1.030793937364979040e+00 1.023422300467916601e+00
9.768821899492984295e-01 1.108781755358472454e+00 1.175797112683595103e+00 1.035934551010665006e+00 9.798247291629632594e-01 8.809326938973706111e-01 9.438172460641996997e-01 8.887635221006563446e-01 8.467910024667349989e-01 1.095614999446317572e+00 1.285287417054351788e+00 1.152371864754768271e+00
1.007387486200749471e+00 9.681811482885348541e-01 9.591359731948226885e-01 9.385251528671618715e-01 1.054966417487420260e+00 1.038037704476818535e+00 9.991828037823341502e-01 1.150756753378286534e+00 1.278153552946383442e+00 9.988623515879263559e-01 9.020529908754969517e-01 9.121691010460203364e-01
1.033546083985013464e+00 9.963563266068721225e-01 1.212425132230284142e+00 1.069400862639948713e+00 9.381044971470835492e-01 8.861792581239620326e-01 8.779784703041313421e-01 1.023570571009467134e+00 8.834454952201009625e-01 9.963191921644855009e-01 1.054419759933213907e+00 1.193593753035972371e+00
9.517908268221481061e-01 9.770657844881650567e-01 1.175078560830610463e+00 1.014468276654450607e+00 1.003831793588684240e+00 9.785827137846618839e-01 9.478535466268326326e-01 9.769001233490949287e-01 1.004104990817687781e+00 9.227462790141682802e-01 1.025348913219682245e+00 1.112327301922186207e+00
1.004110421728119817e+00 9.155394418574358539e-01 1.058284290365475222e+00 9.749568236663606058e-01 1.040724573232098660e+00 1.044854301630518512e+00 1.030647445156521291e+00 1.045848779781544335e+00 9.579292675212651709e-01 9.823198796755118201e-01 1.025054399692014728e+00 9.645364160424453326e-01
9.769157256682990953e-01 1.002847991785352555e+00 9.465595713537802158e-01 1.115294365304289048e+00 1.095512562030009240e+00 1.112261010731937727e+00 1.074473073661860623e+00 1.103603383954669059e+00 1.015883256312996918e+00 9.207112845367020348e-01 9.414628517089728144e-01 8.610631462031066441e-01
1.005211806774594319e+00 9.446714010057122302e-01 1.046681807037919132e+00 9.446948726061602519e-01 1.055351465737309313e+00 9.971999076554749486e-01 9.500689830286650484e-01 1.116235269350281056e+00 9.549804395162133641e-01 1.034521629349939076e+00 1.027806498025075843e+00 9.827408962861609032e-01
9.460825334400243536e-01 9.812312748996403489e-01 1.059603362532043791e+00 1.054462215865311192e+00 1.022781430397299962e+00 9.699120406234011948e-01 9.611708004115182558e-01 1.070020770201860927e+00 9.803188770944437636e-01 9.753640335842420628e-01 9.767889758571536296e-01 1.042919170445606891e+00
1.053611772165660154e+00 9.200766570671813360e-01 9.377409162650270913e-01 9.895040729073258934e-01 1.083029963943897611e+00 1.134757288816396814e+00 1.057437009039123410e+00 1.208301237419702856e+00 8.656982869981924011e-01 9.382112457003315420e-01 1.085327874211550192e+00 9.423794782360741529e-01
1.024250766688739045e+00 9.668288349356899403e-01 9.399905321947614745e-01 9.481131804370200866e-01 1.040647663964071379e+00 1.003617295179981328e+00 1.071509363660184899e+00 1.014873233247327589e+00 1.143209473091154837e+00 1.099165801947160848e+00 1.026366881561834532e+00 8.560052193722099689e-01
1.114409509316065749e+00 9.842948635332826601e-01 1.064384473952691756e+00 9.596628821324566516e-01 1.058483294534081853e+00 9.751414536155994517e-01 9.910516129222477488e-01 1.058764745131715923e+00 9.779915214435124238e-01 9.606716760166665869e-01 9.637304308481483561e-01 1.036112418314075967e+00
1.014144062342803521e+00 9.549841164641319491e-01 1.033050396459617826e+00 9.934218621262247417e-01 9.974555461342730078e-01 9.915022430935616082e-01 9.605343870947214979e-01 1.054087208338017945e+00 9.590856295874564674e-01 1.101030963121023332e+00 9.759887535995376284e-01 1.002961434285964293e+00
1.076627665252531507e+00 9.221359308982993719e-01 9.136007891013716575e-01 1.099175653740970260e+00 1.127843630677504594e+00 1.095090788724884634e+00 1.129579688896152900e+00 9.841302041562637326e-01 9.194634019679754910e-01 9.422938845323870494e-01 1.073471486438998701e+00 9.011978590964329072e-01
1.211045207629086962e+00 8.504540241634490627e-01 9.945742105608328387e-01 1.136166238267588113e+00 1.229515013319379513e+00 1.022395340831333099e+00 1.040740654329245896e+00 1.011894511426256971e+00 9.971883437412072393e-01 9.308012847702527015e-01 9.650387568358256285e-01 9.676668137674941939e-01
9.934991725521049588e-01 1.022475627218226935e+00 1.018361426834987205e+00 9.854985951165550206e-01 1.053036026882581133e+00 9.817883249991999906e-01 1.040570540574004221e+00 1.019401388849044743e+00 1.000632551899445000e+00 9.621677441673244235e-01 1.012061033399606069e+00 9.350366593117569458e-01
1.016095991396146703e+00 9.681260096560887485e-01 1.040738800980435252e+00 1.023291223489551482e+00 1.020527678853259568e+00 9.781098577588352994e-01 9.447440639040696198e-01 1.060934883608970258e+00 9.911466585987559474e-01 9.952125033528472775e-01 9.675693462642848131e-01 1.018660351795344310e+00
1.066400350837294786e+00 9.259079327200077092e-01 9.216882822192535851e-01 9.396590655476467768e-01 1.045871728604142126e+00 1.166724147780446197e+00 1.154767062950074585e+00 1.101520076663414338e+00 9.306039851625406145e-01 1.093073443892325303e+00 1.007897912438724175e+00 8.645868441299029428e-01
8.159083417304755503e-01 1.018817962387964515e+00 1.057351080231774709e+00 1.057488719469646288e+00 9.950612875757497422e-01 9.420990581432894251e-01 9.851715497803917865e-01 9.887870108700327343e-01 9.342383730047759682e-01 9.961142029886640437e-01 1.041209952017912777e+00 1.035286201012004526e+00
1.253993963974703973e+00 8.562370357568669377e-01 9.565191214188760727e-01 1.063911793787366999e+00 1.106008862296282924e+00 1.038144165803918106e+00 1.068808445416167707e+00 1.032821294279226976e+00 8.941035526291243318e-01 9.027543370552423285e-01 9.538592532762150134e-01 1.153002177809269391e+00
1.042729075194231081e+00 9.627235971511952650e-01 9.845380046903909887e-01 9.123349630244821373e-01 1.004306198754994606e+00 1.003703495141881286e+00 1.006330759126087271e+00 1.151850235219941565e+00 1.024364724881397182e+00 1.026041639635820069e+00 1.000249772280830785e+00 9.505911056145760485e-01
1.049839135985749294e+00 9.710664178072513364e-01 9.341268781518382580e-01 1.010511150552556581e+00 1.070673141783957005e+00 9.976071559154097157e-01 9.358258461838877551e-01 1.068282158998218101e+00 9.543223048357057925e-01 9.997095362715194833e-01 1.080489874963806107e+00 9.867287960200037400e-01
8.943435396339791676e-01 9.973084854903754293e-01 1.029320407151499417e+00 9.716316683270238563e-01 1.060288373106701654e+00 9.642507221187592847e-01 9.861251231190385491e-01 1.013236818735933742e+00 9.653113951525128522e-01 9.627398877932135113e-01 1.027059490409326648e+00 1.050051876943814966e+00
1.008111533134906201e+00 9.127538190455556366e-01 1.076413604397811641e+00 1.066170683201338232e+00 1.103899979769495943e+00 1.007056206470084092e+00 9.567964560018484832e-01 9.626845218047591635e-01 9.485677656622863996e-01 1.014060677376765307e+00 1.025650904436883115e+00 9.872657145278562751e-01
1.004191387189448337e+00 9.663538966188683910e-01 1.053748609146497150e+00 1.140370068127268377e+00 9.486622559849845482e-01 1.248525500806509259e+00 1.178362371995095526e+00 9.424596700708428587e-01 8.774375850376099351e-01 1.065000008343016447e+00 9.308003657855545843e-01 9.099472432589134074e-01
1.039448106555847628e+00 9.450975556802907462e-01 9.795422363753847339e-01 9.828266906250611168e-01 1.081664032824790844e+00 1.029925812410848351e+00 9.972197745052264750e-01 1.000605232578372528e+00 9.706649695071002393e-01 9.864074161362472726e-01 9.534352936351982999e-01 1.074531091259269155e+00
9.751681808293378717e-01 8.979649380108479795e-01 1.049582127331773362e+00 1.147366777956589923e+00 1.156066471651829852e+00 1.088156243480483010e+00 1.088820386244823579e+00 1.003320938349968605e+00 9.523249545405573224e-01 9.075805501265540309e-01 1.015192447617395910e+00 8.998247147065782103e-01
1.099244574510676253e+00 8.586257927923629518e-01 1.001784842805231612e+00 1.039252979246118258e+00 1.208769208133144257e+00 9.179883431758441015e-01 9.689680487749496862e-01 1.081896924413073169e+00 1.055488585967290893e+00 9.476234218377188601e-01 1.002742129277290895e+00 9.947927269472757184e-01
9.407440011275280956e-01 9.341191314794365930e-01 1.092742476484932057e+00 1.137130654023811971e+00 1.118729597384294783e+00 9.854564535197718467e-01 1.020741156502736890e+00 9.786396862006653263e-01 9.097017400614320071e-01 1.108404410581268262e+00 9.700278220183410349e-01 9.414781613280606143e-01
1.003644723525852545e+00 1.103087669267839299e+00 1.226397582595020852e+00 1.034652321329465385e+00 8.812950205889406030e-01 8.938019635389056194e-01 8.756704947987935528e-01 8.828186503382360328e-01 7.928710999537884607e-01 1.016122048835566671e+00 1.221445770943874631e+00 1.229980569424087289e+00
9.479123663617703421e-01 9.259782668421762120e-01 1.098094162795579143e+00 1.124695756073594399e+00 1.019557613875904156e+00 9.636162313727916207e-01 9.584250643329269570e-01 1.191040783277698578e+00 9.157247037775378962e-01 1.058977298255016075e+00 9.483633063936733887e-01 1.000632843817292672e+00
9.734708548296041597e-01 1.124202590341453201e+00 1.183477367301738470e+00 1.008601503725549575e+00 9.085017512582662658e-01 9.026929917537692694e-01 8.877074013492706195e-01 9.589553355987249228e-01 8.340660481060536702e-01 1.088115784768181937e+00 1.250752294155903721e+00 1.233499714454517671e+00
9.985673475725723724e-01 9.758759391759296298e-01 9.484526494408662689e-01 8.941561134408249067e-01 1.042797270324662184e+00 1.051037446703968037e+00 1.007137621185582477e+00 1.136620941651571126e+00 1.358154438512497508e+00 9.554106408228622005e-01 9.355160660583324850e-01 9.515236598345099273e-01
9.762318123841798867e-01 9.830475296363262450e-01 1.093510381265494713e+00 9.827054326327114842e-01 1.014936954489984666e+00 9.405813256299161429e-01 9.590767113753293494e-01 9.906078876993789084e-01 1.077315663578799043e+00 9.892404927730740205e-01 1.015800408149133860e+00 1.018639694248529182e+00
9.643721367957048818e-01 1.054343220180381291e+00 1.032107869563689606e+00 1.040622447718763777e+00 1.042796461008888453e+00 9.539039111732742215e-01 9.233521105278889030e-01 1.022232251340080778e+00 9.421840782581447638e-01 9.608741310669040026e-01 1.008049358948564178e+00 1.112265850714061699e+00
9.848313343511494455e-01 9.486129545358376047e-01 1.092147037348112804e+00 9.740839400116066971e-01 1.023587180918863249e+00 9.730587307658965512e-01 9.737396586113835628e-01 1.029144139478263442e+00 1.088658610806360505e+00 9.530460877957098731e-01 9.833217221048546897e-01 1.024186959375366301e+00
9.853823212146370913e-01 8.932497829985281967e-01 1.049865486957349603e+00 1.055666884563876584e+00 1.224730804874564871e+00 9.653104860338977966e-01 9.820236255819725368e-01 1.105649670202784707e+00 1.055650950508224772e+00 9.620726379795966343e-01 9.579918379963558994e-01 9.233525442724800358e-01
9.579118313177990007e-01 9.395894023087185687e-01 1.070450106219037245e+00 1.024705825997130892e+00 1.118442980481647142e+00 9.917303539688012703e-01 9.594068170610425828e-01 1.020870598481551816e+00 9.935698338976189925e-01 1.040280916405743827e+00 9.942749779458824877e-01 9.480226010880780096e-01
1.219084741311551312e+00 8.991773032642624841e-01 9.538845565882865252e-01 8.968708759831850452e-01 9.694220423803376896e-01 1.092025483799900165e+00 9.770157106610454223e-01 1.511511906374123804e+00 1.111446837869763060e+00 1.037380954064272665e+00 8.445745083695205269e-01 1.060494667420555315e+00
1.050902559926184532e+00 9.364265135549744157e-01 9.295864982349537620e-01 1.067426750169568228e+00 1.072654149368714505e+00 1.088590249460562598e+00 1.035979593244573671e+00 1.024497362737532891e+00 9.193835309138186362e-01 9.482131186416783430e-01 9.782167638453844738e-01 1.045210568347142210e+00
1.093280353207509492e+00 8.470249396479403448e-01 1.045454121673230485e+00 1.083991909711894852e+00 1.170544905611754505e+00 9.450803291683324003e-01 9.672975927899378767e-01 9.890528887027761895e-01 9.774519158099249649e-01 1.103471891132940863e+00 9.479760607105951475e-01 1.001761670828700046e+00
1.061200081366013848e+00 8.907070464030267809e-01 9.893123821883160751e-01 1.010541166390454881e+00 1.156008047375837178e+00 9.866600453153652195e-01 1.000583979055276407e+00 1.131783989307012961e+00 1.104395360747797206e+00 9.589329564988519072e-01 9.394927717265199041e-01 9.197458664982082199e-01
1.095589476651916749e+00 9.925923657780187925e-01 9.317813354257673542e-01 9.206642828974989090e-01 9.971900173557736169e-01 9.719562603341309615e-01 1.021756607322525934e+00 1.020114823952412042e+00 1.093201172386409903e+00 1.060025568245257510e+00 1.089687840092529836e+00 9.059689342626772168e-01
9.399462171533247146e-01 9.048141351449094927e-01 1.160245480769574122e+00 1.179073454711476066e+00 1.190947733237964767e+00 9.587798645949550114e-01 9.350117975924369107e-01 1.037535976158214579e+00 1.113191072356250144e+00 9.715154035994179038e-01 9.261082500269994799e-01 9.240804727553755260e-01
1.005569585521440601e+00 9.089220265290204326e-01 1.053210643384921985e+00 1.045457655284013798e+00 1.086202965630675754e+00 9.879858595349368944e-01 9.794864658133847213e-01 9.818892570068940007e-01 9.987509516200965276e-01 1.109506489503007121e+00 9.558027197135084974e-01 9.588684615944119694e-01
1.069816523748617465e+00 9.961256375487604897e-01 1.000442864692861589e+00 1.023655832907335084e+00 1.050197912802671718e+00 9.875720518216607458e-01 9.840043101919822011e-01 1.010228332315182165e+00 9.624201500591620384e-01 9.541482566647251362e-01 9.983161945573737484e-01 1.042666595930704210e+00
9.918072343485881959e-01 1.000156342633296003e+00 9.976938853136793073e-01 9.968914965360672342e-01 1.063400613127921446e+00 9.667523850374755146e-01 9.927716561008709251e-01 1.005605267776106038e+00 9.866477129554556136e-01 9.651063647137207990e-01 1.036939711740867631e+00 1.010735306851723303e+00
1.389889408245876146e+00 7.977660985672173632e-01 1.087336711771256237e+00 1.005049580613881721e+00 1.065064466678192989e+00 9.751394789807037444e-01 9.937361804660492792e-01 1.019375252557267686e+00 1.008615395529116388e+00 9.554247956626887861e-01 9.850330295701409389e-01 1.054921656802038310e+00
9.891521597065179305e-01 9.641002795244623114e-01 1.048598897858902923e+00 9.901409012365933737e-01 1.009092130716265023e+00 9.895107815720539657e-01 9.553182472358540123e-01 1.070912751618809722e+00 1.029061474092303419e+00 9.935621573002791918e-01 9.708662608967154606e-01 1.014873935101700431e+00
1.007820991092240881e+00 9.814479410634557865e-01 1.038722375055152192e+00 9.639302602541985898e-01 1.025630557845314872e+00 1.025282309046329665e+00 1.036471744176687748e+00 9.767063858702843548e-01 1.010786781880170349e+00 9.473698449762466556e-01 1.009791792957697165e+00 9.950711497061700550e-01
1.120815081948271175e+00 8.994895563742654199e-01 9.559992201570495229e-01 1.002511007393097398e+00 1.141277005073824791e+00 9.659863121067792102e-01 9.979205132608000017e-01 1.091632439946899513e+00 1.035560291216230722e+00 9.294334564384558739e-01 1.015696839846642163e+00 9.630986916287717081e-01
1.038926754476664049e+00 9.062940906605345681e-01 9.251589417717740460e-01 1.031194304349498436e+00 1.139113140623366771e+00 1.115944316283596027e+00 1.065363800073467537e+00 1.077479513826214985e+00 9.755909793354373694e-01 9.327063182001358310e-01 1.021312653808825743e+00 9.119038279810374181e-01
1.056440839358668171e+00 9.851181265873933945e-01 8.869440082295777517e-01 9.928389753487150138e-01 1.101021667083392552e+00 1.136122816516525358e+00 1.102623280437464048e+00 1.061292290914117364e+00 9.009310382327060385e-01 9.705651080875797865e-01 1.051277549288506918e+00 9.125798727294215373e-01
1.024025277777599774e+00 9.255019270192212932e-01 1.072771382454822175e+00 1.069824391057693669e+00 1.090282547652704936e+00 9.471652472788439914e-01 9.603788783372572135e-01 1.004725115848336570e+00 9.700048505851107672e-01 1.006972758044989424e+00 9.605776032122024244e-01 1.008634278826086250e+00
1.033588055238718439e+00 9.625608926208710781e-01 9.261815621904311291e-01 9.724703283953615163e-01 1.082398974581268769e+00 1.006668785040986558e+00 1.044524979220028182e+00 1.107901620413461741e+00 1.029465264037192185e+00 1.009484877586851903e+00 1.011317958065556688e+00 8.959226898978767117e-01
1.109717336478390548e+00 9.885123177368400071e-01 8.365762486228525141e-01 1.013819147513596697e+00 1.087040619052430435e+00 1.118370806124450390e+00 1.094721653716573595e+00 1.093076302209760930e+00 9.690169613389616465e-01 8.392805332625804526e-01 1.039320766872566582e+00 9.865659763169687402e-01
1.077082048478376297e+00 9.359601844718047348e-01 1.047813652278282603e+00 9.784969864991693855e-01 9.885508892440948436e-01 1.021790293287022866e+00 1.040227514194392189e+00 1.017251114137250445e+00 1.021087017134848951e+00 8.904851159557473084e-01 9.654918501062543790e-01 1.092411509026348870e+00
1.020648250899145459e+00 9.432814608135967616e-01 1.187867080739613002e+00 1.202244324244137630e+00 1.086567498197506421e+00 9.042670493964193312e-01 8.839638592890223245e-01 9.208407565023927210e-01 9.563393317385456838e-01 9.419364862304797636e-01 1.054458720288889317e+00 1.150422257219573474e+00
1.013512839380632524e+00 9.659856667037275413e-01 1.073214479869015303e+00 9.971245649115841880e-01 1.035761377338130895e+00 9.572356589471723298e-01 9.806868043799537027e-01 9.527920140201171506e-01 1.062318499905766211e+00 9.671420861149119252e-01 9.822997422562921299e-01 1.057903706833612567e+00
9.313789289772909097e-01 9.423513378021572962e-01 1.074479857179162945e+00 1.090013523633430736e+00 1.131325105835232936e+00 1.001387303400395057e+00 9.940904655298152814e-01 9.708231155568347592e-01 9.496575737508856641e-01 1.080520089145603047e+00 9.583060688490206980e-01 9.707514373286282305e-01
9.989417898770950321e-01 9.625244312739132946e-01 9.333248531847337937e-01 9.669048686122693193e-01 1.082143245939888088e+00 1.066636630896129256e+00 1.088846798789993908e+00 1.062611333423792770e+00 1.194737623361091794e+00 9.612869308475837649e-01 1.027093401642147796e+00 8.404648516436774575e-01
1.010123631210031458e+00 1.000925993767479261e+00 9.341244617453138277e-01 9.669532560952346367e-01 1.088435236607681711e+00 1.021245036490179725e+00 1.047686239592352964e+00 1.056561632956326768e+00 1.038070271810081380e+00 9.357796513719319753e-01 1.037440770527576106e+00 9.262830342792344185e-01
1.072521138837740695e+00 9.429118328518185654e-01 1.017387154397831894e+00 1.045332831839682397e+00 1.035304793530213985e+00 9.780875046489641012e-01 9.751413538699311712e-01 1.021668098800861291e+00 9.351752388309514386e-01 1.015827584535216044e+00 9.367167044958121247e-01 1.080770795059198486e+00
8.916942768916941153e-01 1.022911862457491106e+00 1.121842768321526851e+00 1.236275211440960531e+00 1.072572298147143499e+00 9.444698513426547093e-01 9.165522994275054902e-01 1.025477921821016825e+00 9.153173830468216421e-01 8.853568957145712126e-01 9.997912753987374668e-01 1.180173973367706575e+00
9.181756365030231404e-01 1.000341905654995145e+00 1.107717392481450291e+00 1.091411448612368051e+00 1.022665553647983394e+00 9.973920051092626249e-01 1.021944849662857813e+00 9.821403979799344652e-01 1.013217244039890108e+00 9.355976582826197596e-01 9.781265735161120967e-01 9.942582027152609969e-01
1.012283337639610314e+00 8.972045395470938933e-01 1.049433279870523039e+00 1.048678818208110597e+00 1.153087114293449122e+00 9.760531446101138320e-01 1.030239512310826555e+00 9.728404104833899835e-01 9.665391141085876159e-01 1.100375578139720867e+00 9.218524630414397514e-01 9.822742864972741073e-01
1.030574294998035878e+00 9.629986626931388294e-01 1.061848363988972421e+00 1.001574522110740384e+00 9.493326860090988140e-01 1.070706033958831460e+00 1.037640472786494517e+00 9.850639185034144596e-01 9.817777235213317466e-01 9.872545359718362112e-01 9.849037713322613685e-01 9.781985673554968175e-01
1.020479013404546276e+00 9.780447902382912728e-01 1.030745684840813192e+00 9.818282157744078198e-01 1.011356279625343024e+00 1.042133616508191585e+00 1.032190842292274757e+00 9.885446298384228392e-01 9.611773416451147023e-01 9.490129599194618848e-01 1.023276568691284139e+00 1.001222149297239516e+00
1.072731967937401221e+00 9.250882426589817076e-01 9.274022372087514787e-01 1.030964374176184695e+00 1.063027775964900723e+00 1.135759922095247232e+00 1.090521123448657814e+00 1.033631727691990188e+00 9.225208231587441743e-01 9.443163594447467890e-01 1.032464566882167478e+00 9.415203527845408260e-01
7.803271067963732932e-01 9.517147184451550945e-01 1.264151893085183165e+00 1.199680953337010303e+00 1.135955900173017064e+00 9.293993456121096841e-01 9.006829902219291029e-01 9.091910936453869718e-01 9.277649617409662319e-01 8.723798630471480964e-01 1.037005899528411490e+00 1.264420981075814687e+00
1.115824410698269764e+00 9.293531972626215554e-01 9.268418594296183866e-01 1.039964525678571006e+00 1.145350921995659021e+00 9.807335316671814684e-01 9.816002101179566175e-01 1.009787422306785087e+00 9.760409257180541198e-01 9.212613884027935907e-01 1.066668407262888696e+00 1.015482186298732881e+00
1.040713634951413447e+00 8.820231019591738830e-01 9.436517705706275461e-01 9.611098642282018822e-01 1.203968832533087063e+00 1.138856388574045253e+00 1.086406396650924311e+00 1.091245075250953489e+00 1.016569817669646270e+00 9.721483395134323802e-01 9.385925846900694536e-01 9.214462843949887683e-01
1.145002700576198906e+00 1.078398510019723089e+00 9.661635711226577161e-01 9.379613623710173487e-01 1.004611894761937130e+00 1.032496400010010751e+00 1.004201419564509923e+00 1.093158739524035417e+00 1.005233512737764512e+00 9.478247190072158768e-01 9.703023645381892992e-01 1.025462448791972792e+00
1.007304690668968217e+00 9.603479008242192805e-01 1.067592221858714385e+00 9.855581468193818084e-01 9.580940029280740067e-01 1.056351646820123280e+00 1.062955099535338732e+00 1.011301036909472151e+00 9.604415147761281579e-01 9.500114749206549636e-01 1.022480333430470401e+00 9.965335238208249402e-01
1.017102033769396563e+00 9.550189035928010606e-01 9.919185193266668588e-01 9.760801317517159292e-01 1.082365286575403651e+00 1.040461478174107945e+00 1.042948725156820577e+00 1.051684438827754642e+00 1.027790597238770420e+00 1.010836110651003539e+00 9.725622841121159823e-01 8.920236633409361904e-01
9.526997147714290071e-01 9.775095944752074661e-01 1.053082563056599419e+00 1.064300355982717550e+00 1.050105751954451216e+00 9.821342606920143714e-01 9.462667465735110639e-01 1.065494207536796578e+00 9.543005484323945353e-01 9.955486419453595248e-01 9.694801791264079371e-01 1.036032100599507455e+00
1.037822260117481354e+00 9.310958233468388245e-01 8.758345506416670423e-01 9.311551731633508355e-01 9.455856024737893106e-01 1.138807897780908185e+00 1.176677228547077236e+00 2.925918079324149712e+00 8.905871912725837891e-01 1.412073634922321741e+00 1.235072378295777762e+00 7.605776843637307438e-01
1.046649697725221317e+00 9.284519094855226973e-01 8.945393082163927145e-01 9.826393489290722316e-01 9.769604203290461752e-01 1.089775806096641597e+00 1.060998751831327969e+00 2.745194435440927005e+00 9.149202227051176362e-01 1.084264520982041846e+00 1.028512409265229133e+00 8.327833464869608404e-01
1.157201462270607273e+00 8.931356912749234267e-01 9.497508533067283709e-01 1.011459746693834649e+00 1.161738170441152240e+00 1.058351590488759042e+00 1.004856502235950577e+00 1.058496283038509400e+00 6.685017985300205634e-01 9.448425752153093438e-01 1.039923127152732940e+00 1.007711053417860825e+00
1.023423512527514401e+00 9.651761787731688580e-01 1.022263088809432841e+00 1.050546613599744772e+00 1.048231370349154812e+00 1.010673127913939151e+00 9.661931703079802425e-01 1.012672514404933111e+00 9.665812084535528870e-01 9.603160578236251688e-01 9.913271076905079138e-01 1.005111507614493416e+00
9.805268943087462885e-01 9.508693689761316126e-01 1.021873336765263707e+00 1.091797675212909269e+00 1.011331925650033270e+00 9.950538089728037106e-01 9.998082678616937446e-01 1.037457103472130493e+00 9.026303309453124202e-01 1.047528708132908548e+00 9.772125642392658351e-01 1.038853849268551954e+00
1.064664854346979439e+00 9.122447587033919447e-01 1.069593466027666695e+00 1.052091115291192924e+00 1.088751002863493467e+00 9.188397297931033547e-01 1.074718584031562507e+00 9.591293540023990705e-01 9.044272301879128229e-01 1.146121483889503967e+00 9.645772778596556352e-01 9.855909069339677808e-01
1.192039838641853144e+00 1.010307995833687356e+00 8.582379543514372378e-01 1.022812538488303558e+00 1.083463419626268021e+00 1.074592179705075257e+00 1.069028946231342259e+00 1.077692805689140831e+00 1.110388174868607969e+00 8.673301121985151907e-01 9.813060750874920135e-01 1.007239981629782566e+00
1.067018811108374710e+00 1.036541604381460369e+00 1.005929396145306187e+00 9.255084981331471727e-01 9.771817683422815426e-01 8.775647246314755012e-01 9.150562226994259918e-01 1.074245821676181434e+00 8.286673429362229060e-01 1.152408237224426646e+00 1.556205705938197958e+00 9.215471886435631088e-01
9.983633575196485532e-01 9.586297582735707756e-01 1.026876984821326610e+00 9.841938203299350763e-01 9.788761901217761796e-01 1.018758624530027967e+00 1.007864866434207585e+00 1.019811313115354112e+00 9.961217432461997312e-01 1.012377227036183269e+00 9.899212478140979599e-01 1.017364873834197603e+00
8.879920676557567782e-01 9.648641035785029407e-01 1.054672135275491529e+00 9.744080673931900805e-01 1.035608823349242646e+00 9.810642780398084462e-01 9.947420078342797956e-01 1.064378568416788795e+00 9.688998242520115989e-01 9.343973236824989481e-01 9.924979619488027982e-01 1.059957465676451660e+00
8.846253066707533419e-01 9.216653266697922842e-01 1.037762978099955102e+00 1.155064285442396699e+00 9.949082930202645114e-01 1.125358409066656629e+00 1.184929558240096936e+00 1.522029249217653035e+00 8.980472979148821366e-01 1.057775452932669502e+00 9.040451973631018490e-01 8.708006289038117131e-01
1.020865206577635798e+00 1.009504555480430277e+00 1.057437945118307354e+00 9.567889298725466007e-01 9.661003908196785783e-01 9.622504178285621323e-01 9.242873756533200869e-01 1.011278741166385498e+00 9.647077599619784394e-01 1.022568622484409051e+00 1.249253042361801791e+00 9.689243537758818192e-01
1.344556605292398288e+00 1.388788405505823276e+00 9.984637923144549232e-01 9.053746590417400819e-01 9.163046037689835943e-01 8.413598592399897935e-01 9.227866915019855565e-01 8.241518373894636262e-01 1.049478710565613371e+00 1.138519127150526611e+00 1.288371307530314924e+00 1.338093906656228738e+00
9.229102192894077517e-01 9.577610896050712253e-01 1.007445926451029816e+00 1.039264114211218448e+00 1.006180422094356874e+00 1.072457720141405613e+00 1.060147474519078648e+00 1.027689651559540618e+00 1.334743826901291897e+00 1.112655554945499281e+00 1.006131643832990585e+00 7.881891100067895950e-01
1.038898204335825248e+00 1.058586309708425155e+00 9.233540539070448361e-01 9.634486550079404132e-01 9.526756065774517612e-01 1.022223525138236333e+00 9.984344385585272041e-01 9.960855625492114340e-01 1.224293748909098145e+00 9.631258796187573967e-01 1.052409033280334194e+00 9.307969080377441751e-01
9.891332594141164503e-01 9.802827781673388863e-01 1.002882363604849614e+00 1.002454262587242573e+00 1.073013538263539512e+00 9.701266930469106820e-01 9.528675132712525198e-01 1.013235991253227830e+00 1.019542429271414363e+00 1.009950668876206770e+00 9.765339623439117656e-01 1.031615838853675138e+00
1.014129662429791523e+00 1.006979384981333991e+00 9.767469576459738567e-01 9.621249743714759273e-01 9.817101101677371267e-01 1.059911881701533609e+00 1.023588958393603532e+00 1.086372327947333627e+00 1.070465660942989228e+00 9.563925163182187550e-01 9.375460840312495048e-01 9.733378684037212736e-01
7.629555556071531131e-01 9.913277671177134209e-01 1.056647353070480522e+00 9.621328316024739813e-01 1.057449713838005012e+00 1.005302352645514263e+00 1.003109130613627276e+00 1.018265627492380254e+00 1.008864111380119333e+00 9.389963062403365868e-01 9.960204988929465264e-01 1.022116616403904388e+00
1.126143238557107962e+00 9.243650253191415533e-01 9.524975418249422843e-01 1.049611828762598176e+00 1.054500645053324304e+00 1.001805572141497347e+00 9.680231769956448851e-01 9.355361334214603586e-01 9.736806442014329654e-01 9.617345260910896698e-01 1.092052298339766692e+00 1.049900108420989575e+00
1.095443731849363944e+00 1.048764635811306301e+00 9.036454317255767643e-01 8.596260387977617823e-01 1.045511040577155715e+00 1.024223987634955702e+00 1.055146726464340601e+00 1.088565197586447653e+00 1.203655315711276375e+00 9.578181673070339519e-01 1.029843437243114890e+00 9.542625534273538879e-01
1.088995094987305956e+00 8.835615587820707661e-01 1.020823736537460169e+00 1.042247004270601352e+00 1.102164573457257601e+00 9.661970028469401006e-01 9.633117425423818325e-01 1.015323697233115663e+00 1.034309887183950005e+00 1.005175124728851621e+00 9.678289725677210464e-01 9.893420970875286269e-01
9.904797679303445346e-01 9.295069890400847745e-01 1.077578462150476257e+00 1.085071349978048660e+00 1.047097867078712774e+00 1.030162782843100144e+00 9.945762214487169350e-01 9.094902771665255292e-01 1.045471164406951425e+00 1.067768820708246302e+00 9.376571632257388877e-01 9.156482986840817073e-01
1.094505027263398711e+00 9.072627495937769515e-01 9.645772177561647842e-01 1.038341889949275343e+00 1.096109444869735050e+00 1.035929448752464843e+00 1.009912976797943562e+00 1.042715418893471080e+00 9.463414688142945952e-01 9.241198515989564877e-01 9.816505707920464285e-01 1.045395008173224394e+00
9.039432071771681398e-01 9.694018937322238516e-01 1.138302664747574910e+00 1.178266794332876177e+00 9.998040540312365110e-01 1.002678076559059273e+00 9.639157269327720545e-01 9.992270429899186013e-01 1.009316891948881745e+00 9.654578224589368540e-01 9.541926272816220189e-01 1.032339781014937952e+00
1.091541937253068140e+00 9.297368850679833541e-01 9.486117805425869909e-01 9.667471594306501492e-01 9.325355999451754307e-01 1.138040679349173523e+00 1.165103902915167966e+00 1.063120925913852322e+00 1.015030260881873092e+00 9.786063047783440938e-01 1.025756183562923862e+00 8.982613357549686928e-01
1.112302835865346839e+00 8.985323974096498523e-01 9.825360103032326764e-01 1.002595401851151147e+00 1.065459541884600014e+00 9.913554935364504717e-01 9.541987127893611920e-01 9.401913963060584134e-01 1.165869487667900550e+00 9.564305066972823566e-01 1.006289938131103900e+00 1.042240415113304008e+00
1.263947529320899932e+00 1.046576181337979250e+00 9.594274552798570666e-01 9.723502825946985784e-01 9.819646302721614095e-01 1.049089425209784432e+00 1.006559231865766124e+00 1.056361061645866961e+00 1.006791263741378062e+00 9.681083498358195039e-01 9.581535817171467073e-01 1.015139549687455123e+00
1.113091115628556116e+00 8.491376207356373662e-01 1.027608725404746126e+00 1.063820148623252804e+00 1.190176766197778901e+00 9.934905552222936809e-01 9.753191387262112322e-01 1.083091779011153610e+00 1.009730446754963262e+00 9.371475246523287561e-01 9.702999969301832062e-01 9.598534358134566125e-01
9.839042175738094143e-01 9.290749663728975483e-01 1.049763540171556597e+00 1.139441153591452371e+00 1.067277299046236250e+00 9.460684930989907704e-01 9.773120812146276482e-01 1.097958626775452196e+00 9.136525711390530713e-01 1.059025953609330495e+00 1.011475570538922453e+00 9.379841009422901221e-01
-1.203134721276349489e-01 7.912331830170710179e-01 1.215538641185089697e+00 1.552122281490190936e+00 1.202336493982426369e+00 1.065386552846791846e+00 9.973669497478129253e-01 1.022293092816768612e+00 1.157591169736259973e+00 1.059551401208268739e+00 7.879715942116753968e-01 9.470337367411002516e-01
1.030786261340854049e+00 8.962471764651918082e-01 1.012468994219164919e+00 1.043162810254840700e+00 1.186844125447275689e+00 1.006511361853495545e+00 9.890686912144120990e-01 1.096001984631978399e+00 1.090669058104622779e+00 9.155307043701740310e-01 9.277979766213401147e-01 9.535987953291632513e-01
1.146950984233810589e+00 8.491928480870617468e-01 9.992954728448848467e-01 1.042604711296402753e+00 1.154577339642128386e+00 9.658084471463520559e-01 1.003927008745967964e+00 1.012665921133034219e+00 9.956949442318463461e-01 9.536652959265722318e-01 9.837988626188725050e-01 1.038225959040941282e+00
8.655759783893132164e-01 9.875469307908054661e-01 1.140417917909058332e+00 1.011270043993890200e+00 1.006340500662520343e+00 1.005293237635385806e+00 1.049102244018910390e+00 1.130665332420179636e+00 8.994486691786074406e-01 1.075451110333407900e+00 8.821013943718339911e-01 9.990355499862587640e-01
1.317988525233422692e+00 8.666761265242202139e-01 1.018554926200974320e+00 1.080894627234264327e+00 1.195083479875112209e+00 9.447346909722655894e-01 9.231366869113404316e-01 1.047992047259782122e+00 9.220193221563484087e-01 9.304334118975040591e-01 1.002244318540420620e+00 1.158190688402906954e+00
9.552369705041389158e-01 9.793131101398484528e-01 1.035442305986372435e+00 9.336557736022169651e-01 1.065773981627385014e+00 1.060563700421945921e+00 1.084996241496115177e+00 1.112000407330031804e+00 1.067126961637561156e+00 9.710311989305264735e-01 9.628763164692604182e-01 8.960442078799415455e-01
9.564388906055338868e-01 7.973153717043468536e-01 1.024352850769102208e+00 1.293339113146341202e+00 1.389601072433554130e+00 1.202368492925790067e+00 1.149898930719686740e+00 1.206719806303036879e+00 1.013028059600890929e+00 9.976403451094660868e-01 9.341182033502394289e-01 7.790822557557731676e-01
1.007842945063355922e+00 9.745719381967196115e-01 1.021688154115773406e+00 9.540329325563760010e-01 1.015354998251372542e+00 1.011441980157097076e+00 1.037950869873587312e+00 9.799745674414376273e-01 1.037861969086681491e+00 9.667874446664838084e-01 1.012555221642748471e+00 9.964851958510251295e-01
1.034678896828658878e+00 9.018903384623147002e-01 1.003107972768294776e+00 9.653530664888929635e-01 1.053477593842951920e+00 1.124287208057398457e+00 1.061862451803368135e+00 1.073653422130085744e+00 1.252817187925630016e+00 9.414853824609569211e-01 9.168016545494890313e-01 9.206578776391962649e-01
1.066640813363705309e+00 1.011290471461930629e+00 9.780328052673696870e-01 9.377658570788578452e-01 9.539103885392808957e-01 9.634198239220042037e-01 9.651466811312788829e-01 9.822971224433841853e-01 9.314823241522643960e-01 1.192107229393295276e+00 1.609068837298671895e+00 9.806878317061836769e-01
9.624345346892746456e-01 1.023917493414536306e+00 1.008531038258678514e+00 9.767542758219592836e-01 1.031686258748101048e+00 9.885073834445234908e-01 9.745614989487179081e-01 1.059292614098567453e+00 9.361818061736869589e-01 9.630614001435685578e-01 1.017405494641985264e+00 1.060805515765879781e+00
9.855790046275085814e-01 9.683596512406180690e-01 1.110293783657783973e+00 1.000607298941504464e+00 1.049944907705369079e+00 9.738764403126424218e-01 9.455971285623359091e-01 1.040235702734410461e+00 1.098975903215678285e+00 9.156845194046994152e-01 9.639602538765293938e-01 1.022789787180337751e+00
9.637769552839423604e-01 9.316438025269659917e-01 1.033740958388273734e+00 1.115436471798866291e+00 1.057178482719915324e+00 9.759378432202607812e-01 9.770227511569573586e-01 1.121315889852470438e+00 8.871123263253720692e-01 1.102955891368322838e+00 1.014051900003283491e+00 9.464486088339849612e-01
7.338229754737772836e-01 9.606335309946949508e-01 9.434504997191429654e-01 1.127922049527645854e+00 1.002534790003118070e+00 9.941287950676764851e-01 9.830263397335039510e-01 1.109423623571998752e+00 9.254301684122008265e-01 9.202565649710174878e-01 9.744952413154767124e-01 1.116143270010768740e+00
1.007956721642436992e+00 9.109139405470685347e-01 9.810529937496427211e-01 1.038231270489791358e+00 1.081036800454377556e+00 1.099313056556533219e+00 1.062298817459385702e+00 1.026495955506920410e+00 9.764324041650068731e-01 9.362896539482599145e-01 9.915901247238374516e-01 9.610595988686522206e-01
1.004694135679790490e+00 8.790509600767993925e-01 1.012602496251133521e+00 1.049944986844497441e+00 1.111205348437462659e+00 9.854906408371801874e-01 9.640455407455197356e-01 1.135182756328243281e+00 1.134068534852049837e+00 9.631981896676360400e-01 9.948512902057339291e-01 9.115505566480622823e-01
1.007262797292160839e+00 9.706507672492632466e-01 1.021424857298562694e+00 9.781119684563197580e-01 1.013806565399692161e+00 1.017597334684697374e+00 1.019673528941512419e+00 1.012963656396177248e+00 9.405541596032326312e-01 9.616643874875968612e-01 1.055703633313573420e+00 1.024148028611890027e+00
1.139502290279865493e+00 1.090802786757563592e+00 1.000559836578853057e+00 8.749592118547800945e-01 8.793957266516927440e-01 9.515724271736003548e-01 9.148442965299746765e-01 9.901567724253187430e-01 1.241644131762739800e+00 1.057755686401470552e+00 1.038849147890365865e+00 1.063256256439680358e+00
1.169217343859868086e+00 1.054102397411132541e+00 8.073356280028383125e-01 9.534362762765964394e-01 1.047889984975892030e+00 1.092774318976864389e+00 1.093700092489604092e+00 1.794071520445752244e+00 8.600415691173510790e-01 9.176481376251418576e-01 1.092691842769865973e+00 9.440611177264544018e-01
7.693590629101005884e-01 1.356865681919364297e+00 1.451242656545396192e+00 1.165866134405209031e+00 9.566165356652422957e-01 1.126279991973400563e+00 1.018659283275513472e+00 8.641315794524223604e-01 1.156140313669256958e+00 1.018769875868615005e+00 9.413397735549350331e-01 9.364076557454279470e-01
1.139532706421919173e+00 1.054419139292439578e+00 7.213044777104551386e-01 1.030754771085260479e+00 1.098216567991671111e+00 1.053482317735157769e+00 1.098246013115838915e+00 9.881099289303514333e-01 1.017287880241103393e+00 9.834642026484285982e-01 1.012086903239763025e+00 9.515921617879681271e-01
1.124065231118907437e+00 8.915307892591889383e-01 9.879443923448966158e-01 1.034776729219512248e+00 1.139627478078226508e+00 9.799693264351940769e-01 9.722158381419991890e-01 1.048834722162589106e+00 9.220733317461150547e-01 1.036265118741679814e+00 9.696505837764088920e-01 1.006783344770607380e+00
1.019497281812725697e+00 9.495416099828318801e-01 1.040057041927227699e+00 9.938060844331789712e-01 9.818560699289263782e-01 1.078211836995938810e+00 1.046264500220050353e+00 1.002913013439623580e+00 9.254442054146183594e-01 9.706793486135077975e-01 1.016365035542608597e+00 1.015627271040806523e+00
1.128750580109504797e+00 1.061934017250738771e+00 7.833756034610074304e-01 9.734666956958525352e-01 1.070452569266694409e+00 1.103832971398155616e+00 1.090814715704860216e+00 2.259032355673364467e+00 8.697343266905079862e-01 9.365132039230248395e-01 1.082538496025172936e+00 9.492669394706378938e-01
1.008346247625824921e+00 9.642365592649820849e-01 1.061244913559999281e+00 9.532202194404963969e-01 1.014951156685234945e+00 1.029239642389851550e+00 1.023661731705448164e+00 1.004620645063043938e+00 1.000380862225702217e+00 9.650854439708379529e-01 9.962806355186062390e-01 9.989409881068553876e-01
1.028396778020338909e+00 8.597126200987266209e-01 9.466166783633405135e-01 1.231323201865087702e+00 9.623346952776085095e-01 9.470762068294440450e-01 9.810870968402812808e-01 1.368171544492371439e+00 1.072835820121798900e+00 8.147011348136425912e-01 1.031934688451923821e+00 1.063302059675792499e+00
1.021943082370222022e+00 9.080614328077658559e-01 1.020863707747101889e+00 1.032680626155816350e+00 1.190643701087516826e+00 9.856535781656723394e-01 9.304925041083476067e-01 1.154943480445688397e+00 1.096014771171787361e+00 9.210821805900715198e-01 9.827661520763995018e-01 9.270745998447297298e-01
8.880921800085095352e-01 1.000339651596767077e+00 1.085243272869310438e+00 1.019234633530379464e+00 1.065844923544077005e+00 1.157319744409346374e+00 1.061158161531839283e+00 9.694007569561128301e-01 1.200327581042887060e+00 9.277490055347625830e-01 9.076896369342579707e-01 9.298325804108641401e-01
9.963034773707265535e-01 9.549779176939606762e-01 9.117697139742066970e-01 9.587041693620687033e-01 1.051862633599745633e+00 1.107564491380747196e+00 1.237631250979692288e+00 9.976676045416261740e-01 1.271400298559677289e+00 1.897704534153484612e+00 1.101568861127527166e+00 6.242506505065831268e-01
9.842740253304320674e-01 9.812879005216135209e-01 9.605110162642513938e-01 1.014146960097207284e+00 1.010858646961387164e+00 1.020960832678115882e+00 9.869790641185597346e-01 1.001439022636029241e+00 1.081662494061442770e+00 9.916761002975517103e-01 1.020636126228511298e+00 9.670472148501363385e-01
8.718198723677835771e-01 1.110952792880927964e+00 1.208970909868818167e+00 9.984875375363252425e-01 9.350435385801106891e-01 1.013641064307541972e+00 9.774180098041659326e-01 1.002871085790143280e+00 1.048655797985293736e+00 1.059383307652132622e+00 9.583912357650363756e-01 9.806452935938531068e-01
1.087796943351375889e+00 8.682329281729140869e-01 1.044204810072505651e+00 1.052884994675701735e+00 1.123951731211497496e+00 1.008296937425471107e+00 1.003361455594036444e+00 1.002994691012036643e+00 1.042430817034067037e+00 9.558904860292128935e-01 9.548145463343158390e-01 9.616668512382685607e-01
9.414359454074893163e-01 1.027719578331096395e+00 1.000307549762741388e+00 9.793673385622972960e-01 9.707262793811356483e-01 1.019220157272329175e+00 1.006200508219816214e+00 1.034511526752043942e+00 1.015667828951793528e+00 9.921694545606173365e-01 1.011646446987212844e+00 9.807413176579818925e-01
9.756087603400654951e-01 9.838740983756819602e-01 1.067080561644257353e+00 9.870202716428935208e-01 9.910037475080055724e-01 9.893389441298175990e-01 9.734197534172602806e-01 1.052346129950228582e+00 9.045176975129526342e-01 1.109701427939892016e+00 1.100436659237663317e+00 8.853026362691597262e-01
1.020402026050260647e+00 9.488980058693639030e-01 1.030090857758468204e+00 9.920748200836713160e-01 9.904805271628140950e-01 9.782696048512760090e-01 9.820454239179285949e-01 1.034550194605677209e+00 1.048141089941705850e+00 1.005715973926909257e+00 9.877898194918774966e-01 9.984676806666897830e-01
9.772412979309584857e-01 9.903459509807092109e-01 1.084802817545340359e+00 9.664038310601432702e-01 9.874190825392470394e-01 1.017040194361820804e+00 9.614167465714726912e-01 1.078402315360853514e+00 9.944417793271272954e-01 9.819362999801924952e-01 9.788517652875500241e-01 1.015218102443238068e+00
1.039359405636786082e+00 9.719449693875585883e-01 8.767237139289241199e-01 1.022174804813339888e+00 1.018739479653801849e+00 1.106862856503946890e+00 1.045271073108133830e+00 1.179169240407518249e+00 8.606089181741135574e-01 1.011718782316418430e+00 9.894293827822553400e-01 9.422063383179466456e-01
1.094856861957762550e+00 9.760607622845277609e-01 8.264100315095390670e-01 1.039932904165362437e+00 1.089822186191810038e+00 1.138100221898113329e+00 1.115692993580905013e+00 1.160351884449744242e+00 9.045925905076891427e-01 9.199966150981450097e-01 9.777661604298770737e-01 1.003265117147276619e+00
1.019479700324030791e+00 9.263961104721253337e-01 9.253415849031388918e-01 9.669585378424592204e-01 1.052886155260818413e+00 1.139498572520698971e+00 1.137871618299193921e+00 1.104268631948637447e+00 1.028344639500113900e+00 9.639206132782891512e-01 1.055161972418940497e+00 8.567861691014913017e-01
9.602647990046662141e-01 9.749911055005417992e-01 1.086205958320377141e+00 1.117658509708589154e+00 9.789660804586192144e-01 9.979657663178367333e-01 9.728221382888432300e-01 1.001243720452187569e+00 9.701932490732846359e-01 1.056659914657152921e+00 9.461479943099554424e-01 9.947905065510740386e-01
1.099753332718480303e+00 8.751468518761883475e-01 1.041176510935001076e+00 1.049145971994492665e+00 1.134125742783689494e+00 9.936019785072794930e-01 9.646223649320092575e-01 9.975352813391137330e-01 1.044888791344100287e+00 9.503235159845767610e-01 9.294064267975593596e-01 1.039075033115623103e+00
3.332425184726008349e-01 1.040703548567503800e+00 1.055171876062672265e+00 1.021752179341752109e+00 9.968837652867932331e-01 1.000185739683777664e+00 9.623773234715322644e-01 1.033636596204356106e+00 9.719635167926667929e-01 9.677186856003050508e-01 9.836659273255980995e-01 1.070539959834587052e+00
9.313182989013673030e-01 9.857821005911925338e-01 1.155603273255937147e+00 1.115772804710253974e+00 1.013644110014817912e+00 9.533615948855544975e-01 9.303907886975752994e-01 1.028290769912725722e+00 9.368856017990321305e-01 9.698492438639240154e-01 1.019420644957879318e+00 1.070161044399460692e+00
9.800692822074021926e-01 9.804412468070671238e-01 1.050371311950474507e+00 1.035299922610859236e+00 9.754167951961508765e-01 9.952113144031250469e-01 9.738985509389112005e-01 1.030549761721093693e+00 9.707924936851078934e-01 9.972531200897921666e-01 9.892757697494598546e-01 1.039621639903991923e+00
1.096201605916336863e+00 9.645296168788219937e-01 1.061079018710687549e+00 9.802083575622844158e-01 9.773879877957216689e-01 1.041110196378746799e+00 1.022077382307023496e+00 1.033626993335428068e+00 1.000926020501863745e+00 9.668419522063818050e-01 9.709484480293890662e-01 9.917109115028508448e-01
8.978989164811588264e-01 1.122783385964150948e+00 9.933122494924643275e-01 1.074668491554502392e+00 9.873055095040874640e-01 9.787260302341603824e-01 9.622218487418122690e-01 1.011697326749207315e+00 9.221258169487611678e-01 9.450756276107461495e-01 1.019063643192615887e+00 1.117451503997211715e+00
9.884982770802678287e-01 9.572783157359444628e-01 9.966677150138155694e-01 9.989131079925556156e-01 1.017541020262651807e+00 1.060401051556296936e+00 9.884040565228532360e-01 1.021836921298836298e+00 1.195846268510689647e+00 9.173180224703918473e-01 1.057720551863669867e+00 9.110554307823842679e-01
9.851784936148506588e-01 9.920714476457570541e-01 1.106264193746964164e+00 9.517805574816753378e-01 9.774548906602710252e-01 9.827676726876082292e-01 9.526869001963008676e-01 1.020570516035030018e+00 1.131593683337453582e+00 9.652878983946681091e-01 1.011737007298233681e+00 9.869119720627885783e-01
9.201184342842367858e-01 9.697780767343835429e-01 1.113267103580874551e+00 1.155695717663410171e+00 1.017342427910861158e+00 9.871653421251578298e-01 9.886790111171842588e-01 1.039829776630521341e+00 9.206914101976020337e-01 1.075896951279852631e+00 9.479436823145218627e-01 9.767107239183225875e-01
9.345616675947621133e-01 9.449657309440173680e-01 1.079490252123803007e+00 1.143591048141906930e+00 1.035976747190550551e+00 1.002477389714780731e+00 9.925947090949632790e-01 1.065128779929016778e+00 9.085980807995759356e-01 1.083460118887421775e+00 9.667869728012297159e-01 9.526096355574339425e-01
9.937509913117008598e-01 9.196846844636059615e-01 1.050296333543746297e+00 1.113098978277531792e+00 9.629563913475351900e-01 1.058844478041639725e+00 1.012864439281832007e+00 1.065649672250606583e+00 8.998935300588495334e-01 1.088168788621988181e+00 9.902879435849865075e-01 9.467692891626056095e-01
8.164966532120127019e-01 1.150456641536441449e+00 1.248785684024383835e+00 1.016506479755341585e+00 8.962025167459445329e-01 8.842781997811813843e-01 8.432374298164326820e-01 1.051361786454870106e+00 8.234666163597867961e-01 1.076118864086640592e+00 1.284613781688668910e+00 1.056535193884155177e+00
1.112451456293499286e+00 8.708337920268003352e-01 1.103885440460502299e+00 9.710445297507243057e-01 1.196977168661240931e+00 1.042706463815283646e+00 1.028547203883311667e+00 1.039064303893185048e+00 9.171167023172801525e-01 8.655135286210762224e-01 9.571788444096227533e-01 1.217069202611462231e+00
1.038656612122718537e+00 9.482028315018298237e-01 8.996295060591725790e-01 1.035240023043550117e+00 1.006855558518794824e+00 1.105749331052740425e+00 1.054456299290166932e+00 1.181797729078331027e+00 9.390225769711957327e-01 9.908251877525695583e-01 1.027696145618385737e+00 9.110297280492466454e-01
5.027827303922351998e-01 8.178729809769413883e-01 1.102261053054075290e+00 1.073342543435030105e+00 1.020173858392750876e+00 9.322379494480502737e-01 0.000000000000000000e+00 9.548966507527614223e-01 8.139905712261353843e-01 1.660533928334730458e+00 1.113063752259005001e+00 9.567508898942240769e-01
9.787835823471789931e-01 1.041498337751914027e+00 1.052171415047918224e+00 9.694266053690299145e-01 9.621796333274721391e-01 9.570153105270686744e-01 9.013495147117848161e-01 9.863989536528947610e-01 8.454058383792799614e-01 1.144618409831428485e+00 1.827425186494471276e+00 9.528892134780287959e-01
4.261774456472232631e-01 5.397096312756149983e-01 1.011645184850005208e+00 2.167358391926506478e+00 2.245926632469878559e+00 1.740148333813746007e+00 1.673757064736735245e+00 1.919315910729340269e+00 8.110326819280579969e-01 7.738823668705551162e-01 8.762426618215899410e-01 9.576350727700307930e-01
8.844864381617453253e-01 9.850856113222047350e-01 1.116685332559151922e+00 1.051932629111490769e+00 1.042229786285083559e+00 1.040937772600480038e+00 1.054019787065147762e+00 1.257684918448698008e+00 9.687176989547727768e-01 1.044629312161268642e+00 9.487318169648323307e-01 8.402518516091351808e-01
1.059703343139270615e+00 8.934543972850153004e-01 1.018979179454470696e+00 1.076319644152456512e+00 9.664331734986770783e-01 1.001828331910407544e+00 1.003267761319716067e+00 1.669214630471969274e+00 8.838685766558361800e-01 9.402698840281408232e-01 9.981185851800551401e-01 1.006465773821542120e+00
1.356872281014426918e+00 9.111918429328997870e-01 9.314287908750989997e-01 9.117804776093556551e-01 9.722011150583846906e-01 9.926318826617640534e-01 1.050770516029873702e+00 1.012969171548454561e+00 1.140651135564584306e+00 9.055895528223919522e-01 1.747077494583732626e+00 9.119481367341986111e-01
9.365501004765027782e-01 9.496364285041776210e-01 1.124731344541439304e+00 1.166960573769919352e+00 1.038639680792594389e+00 9.694064951505454442e-01 9.515892138822799051e-01 1.173951141015264321e+00 9.135788805651888778e-01 1.090312753755843023e+00 9.221422886343150216e-01 9.545802136473382493e-01
1.096709028753850568e+00 9.706505855418466888e-01 9.329466889487834091e-01 9.303761815938403901e-01 9.519281558837506818e-01 1.208008647833498594e+00 1.124558946380136204e+00 1.160269231655903788e+00 7.668576963370177246e-01 1.145354983051707576e+00 1.002004321790201935e+00 9.064968652947028582e-01
1.009004811646663669e+00 9.802022886655323841e-01 1.043818506170793192e+00 1.008894190426324222e+00 9.584601409945064932e-01 9.878213257907390021e-01 1.022350063251072916e+00 9.724059583466593271e-01 1.010011865701776701e+00 9.694302795526064109e-01 1.052869071330747142e+00 1.003346846178432727e+00
9.909107169218824840e-01 9.731808441520187758e-01 1.167220736422521776e+00 8.967501367719550309e-01 1.037516299996343205e+00 1.044511401916465854e+00 1.068377856148721161e+00 9.633117859308416575e-01 1.009882611555690923e+00 9.236962202353321549e-01 9.817595332980417755e-01 1.050630818023964741e+00
1.308812066227267090e+00 9.517642462580038210e-01 8.799145519483950739e-01 1.093088177121366078e+00 1.200777696384284887e+00 1.087661491933557656e+00 1.085710813059541202e+00 1.006216456978518803e+00 8.976303941493972705e-01 8.929313656247924724e-01 9.940877742658781324e-01 1.055449509114637197e+00
6.215871227749979466e-01 1.002465630629459037e+00 9.588104994270617576e-01 1.025550458315184432e+00 1.118309748874941167e+00 1.191674209523105876e+00 1.170051595380344533e+00 1.245478047936120491e+00 1.139397540456709157e+00 1.116479120369910261e+00 1.078610862941566051e+00 7.001002461776626440e-01
9.953985646041250135e-01 9.289736533245891437e-01 1.072035419338169149e+00 1.051753874741187866e+00 1.094539774587485859e+00 9.667184899545835375e-01 9.668752599490700872e-01 1.009700344848306841e+00 9.747243104307021788e-01 1.041458747777549876e+00 9.624748212635122480e-01 9.892390752176578594e-01
1.259983555954863332e+00 9.366623333643896432e-01 1.069182595216022325e+00 9.851042179817627309e-01 1.079018955904920585e+00 9.987471360826951639e-01 1.000266273132518258e+00 9.815667264509687628e-01 9.753816254326503898e-01 9.653208729094785445e-01 9.797631415263667876e-01 1.036164455136254103e+00
1.001883808037740797e+00 1.022866828659335647e+00 9.832969923851974103e-01 9.895309255931088455e-01 9.530238006317702792e-01 1.085240319588905988e+00 1.027208556765091485e+00 1.034529688092811872e+00 1.005425953568605868e+00 9.801372168710694721e-01 9.500840712266626076e-01 9.961583522187962281e-01
1.109898260652094182e+00 9.194747494057339265e-01 8.950586688361010790e-01 9.553174425905526235e-01 1.038133901658492286e+00 1.251698974243256712e+00 1.143948779260678617e+00 1.135790343732023366e+00 9.376470551459553660e-01 1.044545316160260917e+00 9.855274972206609085e-01 8.534152254931373083e-01
1.003696891665100566e+00 9.937546853496392885e-01 9.793375795223041580e-01 1.020101617760237112e+00 1.014905719953473673e+00 1.020927371154423335e+00 1.002506408458989862e+00 1.036743542051334455e+00 9.703525741225739187e-01 9.845898987609390529e-01 1.017859731707435822e+00 9.662022515468764450e-01
7.342985996462293441e-01 9.402899342568483698e-01 1.241008953604038734e+00 1.131378740527903437e+00 9.656235800001616854e-01 1.034781574799678694e+00 1.067006759374075742e+00 8.716799186453313419e-01 9.370061119613376510e-01 1.069919234716354861e+00 9.176100413022043600e-01 1.013019566762539680e+00
9.944442492397669309e-01 9.591162968920310394e-01 9.233445836634953663e-01 1.036919806640979935e+00 1.055050329377779761e+00 1.109191461043091076e+00 1.139428288021308022e+00 9.642173339084736394e-01 9.777687237976055989e-01 9.418628492395529905e-01 1.073162999097260428e+00 9.335727358239157558e-01
1.037474779458390506e+00 9.307614797500340931e-01 9.333085799270184335e-01 1.044394020554560099e+00 1.064382252398246465e+00 1.222864368932513823e+00 1.130936257072300721e+00 9.339016884631069493e-01 7.438069192569549681e-01 1.273146799301687171e+00 1.066743591215491449e+00 9.092096455863742932e-01
1.426680620965190327e+00 9.801234945531047682e-01 9.789005752021543438e-01 9.991759408279559107e-01 1.069947662668384591e+00 9.622859309371643022e-01 9.892637304452388536e-01 1.067451502452219758e+00 9.535543719990439149e-01 9.613716931100257934e-01 9.470163440474501648e-01 1.064690534195195104e+00
1.095805184303307867e+00 9.265529321851598832e-01 9.329230522406597448e-01 9.416134389439383412e-01 1.048793719314277340e+00 1.081058641578554580e+00 1.051947591890119993e+00 1.010796906322361854e+00 1.015116543930368653e+00 9.651006549797152001e-01 1.098085269366332772e+00 9.298717629173144372e-01
9.719133081262358864e-01 9.784533496525733565e-01 1.056706143353830063e+00 1.072535095265141791e+00 9.887673526213073272e-01 9.855783017971696536e-01 9.510969492011281945e-01 1.008067483354115002e+00 1.011965410748922212e+00 1.011731869608205381e+00 9.761260228723412924e-01 1.013101495500531746e+00
1.120409437141734132e+00 9.479656137945262628e-01 8.783577607048799196e-01 9.115164456121607195e-01 9.272377323020298823e-01 1.126406168479137992e+00 1.085378622552726435e+00 2.376493469880464726e+00 9.445926796470563991e-01 1.226892262128661759e+00 1.023831672377922830e+00 8.453055218323336506e-01
1.390422049314273600e+00 9.455807877765716185e-01 8.206652799633189499e-01 1.025804024551707050e+00 1.124735477725054666e+00 1.026832570854026239e+00 1.029287061616462662e+00 9.932811959330209994e-01 9.570439336941163333e-01 9.155723021189037247e-01 1.024118449898841599e+00 1.001367056892421559e+00
5.145094358122306172e-02 9.136037295820720328e-01 1.211072571281023302e+00 9.835037550743488399e-01 1.019392523619178315e+00 9.832325041827837397e-01 9.521800125712069907e-01 1.001961745189939634e+00 9.696205140631154462e-01 9.616660170679196540e-01 1.013461216737424619e+00 1.058931962954890338e+00
1.164400089060202648e+00 9.101510162811823346e-01 9.153979860248668832e-01 1.010254445954629876e+00 1.031334711634544821e+00 1.080606769104814013e+00 1.048737853063997028e+00 9.828890096947344723e-01 9.675616806445969109e-01 9.703718341691336402e-01 1.050088265564583345e+00 9.750762623103009785e-01
9.668750893006694547e-01 9.930349858896794224e-01 1.079754718048041795e+00 1.076798835675356614e+00 9.896110434734080030e-01 9.845661827074363437e-01 9.930653308565944304e-01 1.024401504135064700e+00 9.554654159999488305e-01 9.647102229786265193e-01 1.002265248681032839e+00 1.002626641187908119e+00
9.783232336655285355e-01 1.003825388224707016e+00 1.080285304217332376e+00 1.058699086307076431e+00 1.010110297149018344e+00 9.932500829730960268e-01 9.425344977624425802e-01 1.029060232084027859e+00 9.588581451329541983e-01 9.567124260612456244e-01 9.932427875711348220e-01 1.032783826955904871e+00
1.025047379412173720e+00 1.007535313423610690e+00 9.352970971325007543e-01 1.008871579505461247e+00 1.004831327716134703e+00 1.046439002987007427e+00 1.030824483883733045e+00 9.765115057427963263e-01 1.083222933594873760e+00 9.760170394135770922e-01 1.018131495543346254e+00 9.300880002440590211e-01
9.712556342541107668e-01 9.017817593465116133e-01 1.032537976793100221e+00 1.031333953333135600e+00 1.165060391567360520e+00 9.946867401602327297e-01 9.847461426730503842e-01 1.076680429743044343e+00 1.191671820227139023e+00 9.329842328760683534e-01 9.719954757673607837e-01 9.134661576767044711e-01
1.138382521971012862e+00 8.461158720861206017e-01 9.865522537260053015e-01 1.043953811341751026e+00 1.162547290236398689e+00 1.016097516876561802e+00 9.825084428648687140e-01 1.134029422316035651e+00 1.077015593961541562e+00 9.410220152593880005e-01 9.267919134066245901e-01 9.503626467353705198e-01
8.988532994233733309e-01 1.115150002615181490e+00 1.217283032171414980e+00 1.039112220639108131e+00 9.374270455700973725e-01 8.967901902061353736e-01 9.029809391500355220e-01 9.879189259652937372e-01 8.134577193812898566e-01 1.071220567040237936e+00 1.297077698151662073e+00 1.021143708726681476e+00
8.814073421197056168e-01 9.739342747207371254e-01 1.128160322985838571e+00 1.014744010650871830e+00 1.002255397234299794e+00 1.033990467343006481e+00 1.086375148462643603e+00 1.160297983287378099e+00 7.240787394620622486e-01 8.625921708469197480e-01 9.818675393916752592e-01 8.687902656010230151e-01
1.256728136894172509e+00 9.172793454224222875e-01 1.097639075355055560e+00 1.010609478290150687e+00 1.000553473188432019e+00 9.776646545369949148e-01 9.441211697800325764e-01 1.024156018822702130e+00 1.007915021137446576e+00 9.633937019178840933e-01 9.887748199578687558e-01 1.064827002254149946e+00
9.747119990477866036e-01 9.210963550990630688e-01 1.093280966609790905e+00 1.110943947501277451e+00 1.020845994599014039e+00 9.984196013760829880e-01 9.565431924671224939e-01 1.050595504769117339e+00 9.623966732581618055e-01 1.028618315858883081e+00 9.475477146168396203e-01 9.980613570060252737e-01
9.875482420479785306e-01 9.530545541581455504e-01 1.126875425097424444e+00 9.503487960764983589e-01 1.019481635294393618e+00 9.826378024623932950e-01 9.769684388654809037e-01 1.016238434716331795e+00 1.166946577632743898e+00 1.003540944433188198e+00 9.649211391014580474e-01 9.821600447299431158e-01
1.020696678437777782e+00 9.517416852946011252e-01 9.346217589340295451e-01 9.958030616405526558e-01 1.006354874447421777e+00 1.175971643461298122e+00 1.117074993174054454e+00 1.129381187577157997e+00 9.652706609170808028e-01 9.954640580784952508e-01 9.947611514529220988e-01 8.715372179055219659e-01
1.022902703188266260e+00 9.612270586698380415e-01 1.065710592022652170e+00 1.015483169858077739e+00 9.626395220137667907e-01 9.759762065605415149e-01 9.720750572684555557e-01 1.018297098310835258e+00 1.058134355596746179e+00 9.492799911012091973e-01 1.013894898752414786e+00 1.015996310279608794e+00
1.038991458519645583e+00 9.693303042296542715e-01 9.422781147422372161e-01 9.838174028817494587e-01 9.668166663279402773e-01 1.118793692258969408e+00 1.119740597126842818e+00 1.154454172154786740e+00 8.990054098827062745e-01 1.063248789349259704e+00 9.410405514324594600e-01 9.487104959311022379e-01
9.002106376536016530e-01 1.022635249058936990e+00 1.080967300513740570e+00 9.284398345017518261e-01 1.009221812516809758e+00 1.105191858335406341e+00 1.083549712043676116e+00 1.176021980821871260e+00 1.135621197274672589e+00 9.610332734133538723e-01 9.164888783777634940e-01 8.880648504396758680e-01
1.144967014807992456e+00 9.795971189595453765e-01 8.649711086299732843e-01 1.061661682070498047e+00 1.006204126960399181e+00 1.113834677416888796e+00 1.028593556641659745e+00 1.022498326009954717e+00 8.506418006401724741e-01 9.434708570270332606e-01 1.077189174102789915e+00 1.116346534692052250e+00
9.920154185984331185e-01 1.014947962487620980e+00 9.685419105226154013e-01 1.022036427195000208e+00 1.019547171293271548e+00 1.002295224410080454e+00 9.756772773892553596e-01 1.009608038978713207e+00 1.039162300939405759e+00 9.824431622769020933e-01 1.010176921574061915e+00 9.743900155756053394e-01
9.359311639289533691e-01 9.571245091751391376e-01 9.431563166771139706e-01 1.172235049735929291e+00 1.103315134692535615e+00 1.074978739039897269e+00 9.884814780886895802e-01 1.012911513429828103e+00 1.032800296086289427e+00 1.041709405181755033e+00 9.302861626870940759e-01 9.301889311769623303e-01
8.338821906317416266e-01 1.019622292182231327e+00 1.197628723313260313e+00 1.103047114071904700e+00 1.043872978841005272e+00 1.063679888682375285e+00 1.023280481067327496e+00 1.180240639124572333e+00 9.253836936715164052e-01 9.885297682795860519e-01 1.089658218877627593e+00 7.906967926198528174e-01
