8.695917092520859537e-01 1.105145594687871213e+00 1.080104929812740533e+00 1.049859276553537946e+00 9.852117779126888797e-01 9.899366987967471720e-01 9.964897250942525986e-01 9.740235898534125303e-01 9.842620227633526175e-01 1.010715439302131813e+00 9.751493397229735738e-01 9.961066494420359740e-01
8.380584696798507593e-01 1.197113297957426603e+00 1.299596960672487977e+00 1.215752687963701950e+00 9.707808501445285287e-01 9.345943990249517830e-01 9.862564802312243639e-01 8.987501148915603144e-01 9.583684203897245846e-01 1.004179848666180597e+00 9.978558821303273874e-01 1.066359188936258695e+00
9.871068606501754994e-01 9.880632320238239563e-01 1.009485326098431335e+00 9.874521012350890858e-01 9.637411311328114571e-01 1.019649343244697581e+00 1.017156667328468878e+00 9.695287158406706851e-01 1.123033889856954071e+00 9.867560005388003042e-01 9.991835368484985880e-01 9.824920625052708800e-01
1.014931247876902809e+00 9.947502540595920539e-01 9.112024566424318239e-01 1.063630772224345655e+00 1.033973778721783088e+00 1.123034020205448291e+00 1.162725480410847556e+00 1.042040871740598895e+00 8.976921897023465435e-01 9.786809507536061714e-01 1.003474619293356129e+00 9.152521805955236012e-01
1.144840174919755649e+00 9.094820009976928299e-01 1.043930576933287391e+00 1.031833835672281152e+00 1.150121356324131039e+00 1.017177107162387406e+00 9.891262336698528612e-01 9.780084939338682393e-01 9.335842459932358617e-01 9.279327917692355987e-01 9.652001519216066860e-01 1.128342576383202234e+00
9.716795948261550686e-01 9.973201824640622881e-01 1.010768417960378418e+00 1.084683155227189832e+00 9.858391507336448090e-01 1.035176245130220885e+00 1.038221690725204205e+00 9.543527129592068725e-01 9.803775219387855788e-01 1.040534551790099460e+00 9.797965861995071579e-01 9.549560553457799861e-01
9.192839070592363493e-01 1.142782783211202302e+00 1.109635503793154454e+00 9.511401859687403926e-01 9.212246037456448544e-01 1.008102452534817672e+00 1.030045677184644681e+00 9.024266335867848765e-01 1.006008063272197051e+00 9.784237102226989169e-01 1.060728388158578062e+00 1.076679872518955694e+00
9.649607280249391517e-01 9.441218005994352902e-01 9.613625462621990803e-01 9.930389130994746738e-01 1.105195629521823486e+00 9.755381467924877370e-01 9.769564149290398403e-01 1.091377679101198428e+00 1.625911326846445126e+00 9.755499667617160142e-01 9.453021666953917990e-01 9.065615746582382783e-01
1.991374026676430431e-01 9.170975806813620457e-01 9.949270822074361975e-01 1.115725136073977719e+00 9.999542454923944224e-01 1.003172804978902599e+00 9.378066048888210604e-01 9.044668558049522300e-01 1.461577949578239277e+00 1.003859571460018030e+00 9.395386031978821828e-01 1.009037201339886947e+00
8.850113749452782619e-01 1.103614652141970520e+00 1.149093719249889345e+00 1.065801032547666116e+00 9.520535094684352551e-01 9.982428989144487286e-01 9.977033993551037705e-01 9.202892918905942743e-01 1.023856527392359217e+00 9.613513730545241165e-01 1.033286824827506667e+00 1.031844622373844222e+00
9.176705755891175764e-01 1.024384591159188007e+00 1.032123144792648217e+00 1.027540205031458376e+00 9.662353931748266511e-01 9.826881111276802860e-01 9.708315423313561565e-01 9.709323557187526932e-01 9.757585438250598875e-01 1.023367360920744318e+00 1.023375466849208104e+00 1.027056777853158520e+00
9.662346654895742626e-01 9.559593911327802784e-01 1.042627286420616084e+00 1.124966640006751728e+00 9.527650030305480078e-01 9.997032683100774975e-01 9.891993421510291151e-01 1.021652327589930520e+00 9.902536525172935811e-01 1.107202254756362469e+00 9.712504574313690631e-01 9.412698468351582415e-01
9.698105634359291960e-01 1.035782327774659839e+00 1.031115634777731049e+00 1.010316989049727665e+00 9.236674168129227480e-01 1.034500590914015250e+00 1.014826043991676974e+00 9.605256387836532683e-01 9.611473579321050398e-01 1.184512860933303324e+00 1.030269514406419562e+00 9.360589242667427534e-01
1.039669792152076777e+00 9.904202149375187503e-01 9.560469062523566652e-01 9.691024999380025706e-01 9.945866602744789509e-01 1.155634323560568832e+00 1.123416112131675249e+00 8.806926057875144043e-01 9.775034880491172418e-01 9.790893229668636843e-01 1.211283704625842006e+00 9.163471494171882004e-01
9.611596990851556388e-01 9.896540623968466122e-01 1.064872298391537964e+00 1.000505757509134730e+00 9.794267220713888111e-01 9.632988505511508315e-01 9.715718154569449316e-01 9.566605286030233080e-01 1.088610732989655050e+00 9.975365970499754376e-01 1.014214815607836107e+00 1.001159657844380435e+00
9.726493908058483351e-01 1.044936309794373130e+00 1.048758519419750623e+00 1.048642953602498817e+00 9.662980477480405117e-01 9.657335122322540100e-01 9.586584137514261306e-01 9.563588887487762813e-01 9.710676837768770220e-01 1.015737706882082536e+00 1.029297552343746647e+00 1.058840558699809975e+00
1.060291175199340685e+00 1.033989224283325292e+00 8.411143405332196510e-01 1.030075911584349857e+00 1.031450548095418585e+00 1.061151851410872649e+00 1.035951168613194140e+00 1.197411909954676945e+00 9.259301446525106671e-01 9.243039362772800249e-01 1.024047416405164945e+00 1.015562344114542936e+00
9.186330870592329667e-01 9.476654141572525836e-01 1.141800813150594562e+00 9.692420960495027327e-01 9.706761021623854235e-01 1.020922289504760494e+00 1.023896234515137671e+00 8.164817162734142597e-01 1.072099240936523756e+00 1.030831887350476483e+00 1.009931598576429446e+00 9.658602052055347276e-01
1.397682905039657086e+00 7.901789474711888861e-01 1.068997218955581863e+00 1.025076501592471434e+00 9.894999170848413073e-01 1.027646030565887436e+00 1.029727132006224455e+00 1.020278775199838339e+00 9.219826934928454509e-01 1.000028142406416354e+00 9.924515382467249403e-01 1.018413905361364558e+00
9.431926064851494651e-01 9.853175835596796883e-01 1.078689170370393802e+00 1.001788510211234495e+00 9.733297663771237618e-01 1.028501427734822338e+00 1.030563578338184794e+00 9.542342096018877617e-01 1.110182829271027849e+00 9.592112736714988319e-01 9.932681955761120118e-01 9.940767347299058754e-01
9.499538092424285596e-01 9.260389257958310250e-01 1.068857305600474872e+00 9.874042258413761042e-01 1.017337793737736806e+00 1.009143645003037992e+00 9.738663634016940795e-01 1.005281964449540766e+00 1.031978217314580171e+00 9.825703233719892404e-01 9.829005625473778984e-01 9.982238250889002851e-01
9.462668959277131808e-01 1.165896396276647540e+00 1.022302606237663225e+00 9.905140077521028541e-01 9.408031830066484469e-01 9.719358950599839009e-01 9.299342623682790299e-01 9.637633199853972155e-01 9.827818498596836427e-01 1.006353387847305214e+00 1.039485180405502529e+00 1.103463116705222458e+00
9.452001702348852286e-01 1.030667970039114811e+00 1.068794516704744568e+00 9.790959150262210642e-01 9.880652746151283861e-01 1.012492044579481387e+00 1.011874972777067061e+00 9.752449413633725861e-01 1.071341235907929734e+00 1.008417331136060913e+00 9.521851321282472913e-01 9.909809834177437660e-01
9.510420777270393033e-01 1.108615209121867284e+00 9.669086709344912878e-01 1.022962146324270405e+00 9.630570427500313446e-01 9.985979157042467191e-01 1.017473740066230592e+00 9.436348091767871038e-01 1.041926669730457888e+00 9.977033302348298216e-01 1.018324046432076413e+00 1.013206247070718824e+00
1.333256305565003963e+00 9.073383205284738517e-01 9.798775849086671652e-01 1.051054371330841564e+00 1.076936786920326794e+00 1.040735388333465794e+00 1.005717218741871255e+00 9.749763558343245151e-01 9.885852278379606561e-01 9.881622841752475406e-01 9.897556723089409036e-01 9.654539559770293211e-01
9.792032480280659090e-01 1.061952950963921172e+00 1.011089675235962604e+00 1.012880902441567921e+00 9.356985444349095182e-01 1.004339660218424024e+00 1.015621108865505828e+00 9.147560477571688997e-01 1.003467005367359333e+00 1.035751785340557340e+00 1.001465323957694054e+00 1.052447951269875448e+00
9.667410511103611270e-01 1.030933033306689506e+00 1.030461055462801534e+00 9.998039819595997413e-01 9.947209575003570503e-01 1.034170481809776554e+00 9.921208045359418692e-01 9.535613535580752531e-01 1.025526949335629601e+00 9.976780444000689085e-01 1.001435949621495292e+00 9.874085064045450277e-01
1.079941081430002336e+00 9.516325798643366918e-01 9.837340302878321285e-01 1.030175841378054180e+00 1.020595382211940683e+00 9.843377131852080186e-01 9.829888470854298843e-01 9.340913964909486333e-01 9.970008884278376282e-01 1.138073724840579226e+00 9.611212801029552777e-01 1.001281144942974821e+00
1.194231439821410445e+00 8.794691778333888488e-01 9.838652856559695348e-01 1.039211521533845994e+00 1.083704322081517013e+00 9.961200332732778051e-01 9.940764764792662245e-01 9.295095614624370173e-01 9.801185838928728744e-01 9.811684420423421038e-01 9.812465665633831602e-01 1.096026048400082775e+00
1.060945474684493961e+00 9.695377650966690020e-01 9.573689465013660582e-01 1.000025583265885532e+00 1.019825061213750050e+00 9.784896629143210456e-01 9.515944664088124005e-01 9.637663851345962263e-01 1.071219332588922990e+00 9.957530467609552183e-01 9.985395441780260395e-01 1.076931511325298851e+00
1.093862234475381001e+00 9.677485506565095541e-01 9.500043543633368559e-01 1.003925770446425725e+00 1.096603034591179249e+00 1.005040817412028220e+00 1.030003172874891293e+00 9.502964951284931239e-01 1.009706540474775149e+00 9.959085891313410599e-01 9.739276337160904795e-01 1.010712012859757980e+00
9.486944615787041846e-01 1.092427107806999809e+00 9.863482289747182996e-01 1.016380641097703208e+00 9.382659599621069324e-01 1.007816727762780307e+00 1.002277797350317634e+00 9.575843325368676995e-01 9.729732917775676393e-01 9.889929391118239543e-01 1.046637714330823421e+00 1.067581375200433724e+00
9.247532519557850605e-01 1.033753409732711459e+00 1.026253434514144081e+00 1.121081672358362757e+00 9.851700998276612387e-01 1.052748148386388749e+00 1.055835027701827578e+00 9.564820524533678148e-01 1.006562947145539733e+00 9.377695698730325047e-01 9.747682178388944463e-01 9.912855376393098217e-01
8.070696985043455118e-01 1.084719116654874860e+00 1.023724435943150546e+00 1.066452126172785508e+00 9.515397691771776412e-01 9.520853082403532008e-01 9.403243895704217481e-01 9.552641653996941651e-01 9.851626208764434622e-01 9.888815693502236437e-01 1.032382529146546490e+00 1.126725291840019016e+00
1.160285795917287199e+00 1.351538584171977586e+00 8.682912850599459054e-01 9.592780298205036971e-01 9.022263267449647239e-01 1.054576312781670078e+00 1.006963655084802900e+00 1.309699677754664782e+00 9.873574113085308301e-01 8.752124539518332247e-01 9.863208749577602186e-01 1.107909858796641611e+00
1.021153620191462164e+00 9.610571780920416085e-01 1.011849425057411267e+00 9.962565679810650998e-01 1.097035017974734128e+00 9.656415124849567766e-01 9.781516690747276144e-01 9.771065123613416059e-01 1.091995578153239999e+00 9.660966821133012417e-01 1.098874504927405127e+00 9.347541211488640256e-01
8.941589601768549223e-01 1.091066165238720131e+00 1.115046723062218081e+00 1.151154585247376572e+00 9.820955080789504077e-01 9.733571215340210969e-01 9.621759128884057599e-01 9.581612091463622694e-01 9.677069677271610271e-01 9.850443606941486907e-01 9.923499139935534341e-01 1.043742570607964826e+00
1.617676546124892312e+00 9.301353802505891721e-01 9.623279436499455608e-01 1.005618288294514384e+00 1.069838429223296972e+00 9.863680814593872581e-01 1.019247410423684608e+00 9.289289725341810522e-01 9.722852862871376178e-01 1.044528721937211246e+00 9.538630995240500177e-01 1.063011223784063430e+00
9.656838488452847979e-01 9.880980423103550292e-01 1.061049175770010011e+00 1.113091104307186052e+00 9.523880038723210317e-01 9.834146902927400902e-01 1.006659483153839352e+00 1.053770172137975303e+00 9.530379099410206667e-01 1.076165480457420331e+00 9.751242532624597725e-01 9.385478343922243338e-01
9.667140737553481245e-01 9.568880051032688794e-01 1.049771795241993599e+00 1.098687074065552327e+00 1.093457851869595210e+00 1.038897465077655458e+00 1.020913247883888042e+00 9.260369970918216342e-01 9.712929229616904525e-01 1.085855972888239984e+00 9.503448942004814048e-01 9.309297307245321118e-01
9.701387513376288352e-01 1.070353884512301956e+00 1.108040902120009052e+00 9.737456539809737910e-01 8.937922477847731750e-01 1.024025194363308744e+00 1.073527891062907136e+00 9.667160597361905694e-01 9.245475617623254427e-01 1.202345538765680955e+00 9.238244943188222980e-01 1.003043779073883313e+00
1.034588161603697820e+00 9.077774567127739891e-01 9.747805186845065473e-01 1.032958920009074300e+00 1.069480424426362264e+00 9.877769714895048292e-01 1.029056627861204998e+00 1.045900645381565575e+00 1.028087296348627167e+00 9.890455933694375368e-01 9.600072381311531844e-01 9.860438288936335116e-01
1.014724990446475683e+00 9.268304668701948801e-01 1.028399309474584022e+00 1.049582872523361798e+00 1.044017234169455133e+00 9.630284904562590453e-01 1.017090121770514832e+00 1.020724040118221820e+00 9.558754113898561000e-01 1.082827578328249718e+00 9.357954137880527545e-01 1.013403136759895684e+00
9.599908771220097004e-01 1.066002685719293241e+00 9.745777388388240370e-01 9.676627798525619939e-01 1.014346651445380054e+00 9.965709578930482815e-01 1.087845778303166755e+00 9.539329836352022918e-01 1.027480209271875555e+00 1.001316447582545788e+00 1.022307644916505831e+00 9.662448684238703622e-01
9.958582140465599419e-01 1.033896956703138637e+00 1.008450080072480048e+00 1.060426995947497231e+00 9.685542805157720814e-01 9.572711702993276228e-01 9.533917305973856893e-01 9.542013953959997963e-01 9.998845680889584253e-01 1.012853053988098884e+00 1.015518482331186911e+00 1.072367796876629642e+00
9.851253529312267165e-01 9.928476740767168129e-01 1.004680590612593738e+00 1.041343883243185608e+00 9.698827119212739545e-01 1.001751511124855165e+00 1.007025146332096499e+00 9.747509208093853017e-01 9.994255647382606078e-01 1.010625497693080854e+00 9.933298566435873056e-01 1.023829615028154949e+00
1.008703313717505656e+00 1.004959384811299872e+00 1.013308352268686985e+00 1.078883348042972923e+00 9.895656056450746751e-01 9.635244353440277632e-01 9.628925489145961913e-01 9.489518600560056250e-01 1.006916361436826834e+00 9.957442488466250463e-01 1.009034023034322214e+00 1.044870509101883504e+00
9.099156299603904374e-01 1.099172505275907819e+00 9.013578539585489491e-01 1.114788801555238074e+00 1.002610658865930926e+00 9.781449830786341781e-01 1.013575285902927225e+00 1.183705364351333111e+00 9.958167720213589869e-01 9.030202035140919570e-01 9.754322255392471330e-01 1.008719446481337378e+00
1.040405780520192724e+00 1.098996286403481903e+00 8.497265108898615082e-01 1.000015479586767952e+00 1.051505501512410401e+00 1.052891995495057520e+00 1.064827194647129938e+00 9.827035687044035628e-01 1.035918071018185893e+00 9.282614352106326461e-01 1.016897084270097951e+00 9.889184857434378806e-01
1.032015266159215461e+00 9.941426105546987690e-01 9.233697266237046453e-01 9.782451334797688247e-01 1.010087033406117385e+00 1.099853144789408432e+00 1.167590102851657541e+00 1.051376188868052841e+00 9.079474696301547132e-01 9.708852388811355372e-01 1.059284480647979310e+00 9.279889797124715178e-01
1.002367815045174249e+00 9.717821049631885089e-01 9.573926289152278057e-01 9.863303144141982726e-01 1.091314331527097226e+00 1.084804760056949258e+00 1.109127984601392614e+00 9.632983265008621121e-01 1.084799054292228782e+00 9.702363880006186214e-01 9.849270514769564722e-01 8.926357701622492646e-01
9.493736414378555200e-01 1.045739661914200092e+00 1.066542337662756079e+00 1.016067911508097277e+00 9.817525089589710374e-01 9.594528891018769823e-01 9.835081561528097316e-01 9.662161166334464202e-01 1.180745684847207544e+00 9.951430051662056853e-01 1.005709281554557410e+00 9.353541895690031804e-01
1.044255009722030225e+00 1.008748574199428649e+00 8.879706455794299513e-01 9.779150638771482162e-01 9.816652332907314094e-01 1.058191618076389728e+00 1.159732598896448863e+00 1.377601934343544166e+00 9.233449353072589183e-01 9.867523452205017032e-01 1.007105714054590928e+00 8.904133498360036203e-01
9.836045505126358446e-01 9.897912719261393599e-01 1.093584485547625551e+00 9.072232697994904171e-01 1.046807527286467421e+00 1.061340406864812014e+00 1.070064002402258518e+00 9.157861146955478260e-01 9.366746493664629414e-01 9.235188528062182600e-01 1.078474504995691863e+00 8.784416396291722107e-01
2.577844065063079060e-01 7.784522851641073604e-01 1.141377809518951514e+00 9.659353349719672632e-01 1.024182956563387314e+00 9.963744544329783404e-01 9.613409770811076616e-01 9.660526734317806952e-01 1.002329704279259603e+00 9.729725561871122030e-01 1.008698521649059154e+00 1.049323995741642479e+00
1.115933272904239271e+00 1.272703523181518692e+00 7.004735115033781101e-01 1.122591228311457412e+00 9.671194083744771852e-01 1.079066322034743397e+00 1.068324742329965105e+00 1.050174139716535615e+00 9.583440737610831039e-01 9.697360104550329929e-01 9.501296901429580055e-01 1.051139008230317140e+00
9.762346259643613910e-01 1.018648883287242013e+00 1.018525952474923724e+00 9.745887883176727051e-01 9.721358719840564877e-01 1.029279077315405688e+00 1.018431329980731936e+00 9.714441080416087448e-01 1.067863986207912008e+00 9.815307833339081967e-01 9.980532197189007082e-01 9.919407203033839826e-01
9.528715690654966375e-01 1.051134836040915399e+00 1.113467102462925906e+00 9.858078350410419688e-01 8.869247360723151452e-01 9.598122073233137375e-01 1.023739697390297465e+00 1.012094741953674326e+00 9.923335496511308529e-01 1.122238567434437728e+00 9.771703418355037751e-01 1.016837751280409652e+00
9.529699419240810210e-01 1.034080214671243558e+00 1.024457725677161202e+00 1.024917754460356489e+00 9.771661595451685001e-01 1.013897161999565588e+00 9.957188157105146820e-01 9.558326210431244974e-01 1.022834007281677282e+00 9.920618677866859247e-01 1.013691751455646273e+00 1.009045472495064377e+00
9.987926173786452200e-01 9.224525762126877249e-01 9.821706131376475302e-01 1.002593613174783460e+00 1.081632347144730666e+00 1.060693208236919372e+00 1.050280961205427799e+00 1.030739294362682745e+00 1.026132309348841032e+00 9.726134296628701215e-01 9.697692635570905884e-01 9.513934837533319921e-01
9.290633664779814893e-01 1.024102602213099011e+00 9.419394032508495718e-01 1.152712315163434864e+00 9.565455314899884431e-01 1.058838037752065198e+00 1.055688521798346269e+00 1.120812100240331732e+00 9.429265397287875938e-01 8.757778683495163197e-01 9.722125560282103285e-01 1.071065935469512009e+00
9.519827396758482330e-01 1.035337095200409285e+00 1.008995159097969996e+00 1.016024983050835218e+00 9.687927167189560596e-01 1.025050843805546119e+00 9.829764279218087264e-01 1.005816284637006008e+00 1.033574130360349841e+00 1.002980031396818905e+00 9.955435060192869834e-01 9.873819074961065478e-01
9.291452257222371225e-01 1.030183279924645756e+00 1.101890829608598743e+00 9.532365038991088557e-01 9.465509620051202333e-01 1.077703772784066372e+00 1.071353985840489020e+00 9.143260233138714721e-01 1.228242974669873089e+00 9.441540916728508037e-01 9.842143393300337717e-01 9.824985833224566534e-01
9.871400551473762386e-01 1.035909842054382413e+00 9.507318690469175326e-01 1.000829128116274003e+00 9.924719767132570425e-01 1.018238933961117754e+00 1.016749581432826677e+00 9.684595770881000432e-01 1.004635049301582317e+00 9.959384373170445670e-01 1.004259747886507403e+00 1.039036710505872430e+00
9.491439909785699403e-01 1.017940557364632292e+00 1.035356463176655195e+00 1.068430361732474854e+00 9.547650733987419480e-01 1.003233788211903343e+00 9.970677705352020137e-01 9.947017042069959958e-01 9.891352278040578261e-01 1.040345126152309785e+00 9.888471728633811964e-01 9.865266531020190355e-01
1.055795039493428344e+00 9.500003740323050838e-01 9.836814614806655976e-01 1.041220422063743989e+00 1.066732525054031600e+00 9.530288929647944274e-01 9.420878867494142384e-01 9.185510482808315613e-01 1.187718366763852895e+00 1.081696405256779903e+00 9.585535078473588211e-01 9.819147239779616454e-01
9.811075563752470474e-01 1.104960521342394308e+00 9.153872915222683870e-01 8.756828707187404026e-01 1.000107409955168114e+00 1.044188222165269853e+00 1.092364567803902675e+00 1.014389031173714484e+00 1.243538876378526004e+00 1.049154335790406067e+00 9.965582146547823372e-01 8.931458954769647685e-01
9.538232870129051966e-01 9.593012638070327336e-01 1.132223957794591396e+00 1.148120538263565749e+00 9.881249938847564973e-01 9.819012005706826418e-01 9.847591662343863073e-01 9.138843725233519732e-01 1.004834560525253551e+00 9.889797659667164398e-01 9.854079632234906683e-01 1.045277511914350699e+00
9.675506687918791204e-01 1.019393043239884111e+00 1.082528010319826484e+00 9.938694957549666364e-01 9.677634385010046580e-01 9.936504448483673979e-01 9.952009007805322494e-01 9.706436058809562173e-01 1.026316958423940440e+00 9.981698750951065735e-01 1.006420931721043077e+00 9.991443441615129872e-01
9.794347837856592909e-01 9.465587974023503826e-01 1.054976784490023967e+00 1.065208725204219276e+00 9.982110716597966116e-01 9.828630267129068177e-01 1.059694330739592738e+00 9.330592209506721746e-01 1.005935815576430858e+00 1.049135831405408226e+00 9.742947708785730798e-01 9.941322961863089391e-01
8.664190947675756149e-01 1.040112824059764129e+00 1.093301273598667134e+00 1.174255066929070113e+00 1.018420931410018548e+00 1.003573128627308853e+00 1.007144582983857672e+00 9.768785085422885262e-01 9.581722217142824016e-01 9.625392626762059312e-01 9.869621449450317607e-01 1.034006031126589953e+00
1.088949214725918546e+00 9.055548951050285122e-01 1.010025179572010323e+00 9.789702260001025280e-01 1.054272116112629831e+00 1.000578586224021960e+00 1.007242655839377887e+00 9.297217103074529865e-01 1.048352514833262195e+00 1.044479638984078251e+00 9.352681715433885934e-01 1.076877435052019161e+00
9.660887949513854434e-01 1.003485252297384056e+00 1.102539369785592527e+00 9.850575943320458716e-01 9.650594955957434440e-01 1.010615961258544804e+00 9.997970008117149643e-01 9.529234195734549440e-01 1.087008805633899788e+00 9.909036429867270623e-01 9.936129403218337819e-01 9.856075058231813513e-01
9.212017054515643233e-01 9.988012233687638686e-01 1.029001332356191734e+00 1.129369276900689778e+00 9.770446081531216631e-01 1.164476314445933802e+00 1.086156159476470151e+00 9.647659403738942929e-01 9.799623013273679462e-01 9.559936170328144911e-01 9.561140451859874156e-01 9.543060267577668787e-01
9.167488205849757543e-01 1.023081844034824828e+00 1.092722572713719087e+00 1.041578161160879201e+00 9.712035579057264334e-01 1.006446845456063555e+00 1.015492807845008727e+00 1.002226555040821143e+00 9.846307728560574901e-01 9.766155089023423885e-01 9.912067327687567042e-01 1.017893330048752043e+00
1.178232109943846417e+00 1.036078084946336464e+00 9.279804776481767048e-01 1.062923820786830564e+00 1.045163379748463184e+00 1.017967727402194322e+00 1.015013651908886150e+00 9.328393711546856260e-01 9.336912686794677230e-01 9.826742934312464595e-01 9.965865712922662434e-01 1.079536693919318502e+00
1.010573136212518541e+00 1.038807809544512795e+00 8.745097193896795851e-01 9.783965408998470670e-01 9.448606422934904270e-01 1.058266045771139030e+00 1.098046245680350808e+00 1.548064402363863667e+00 1.029584211984056141e+00 8.943334820970777477e-01 9.425276366273472872e-01 1.009193092049041063e+00
8.455359203288892456e-01 1.106471136062131988e+00 1.165650626773786502e+00 1.156876951334929515e+00 1.035247764024088024e+00 1.064379278459868017e+00 9.894222893134595465e-01 9.404126158657736267e-01 9.732127269784017765e-01 9.693846062295113919e-01 9.820387082582516802e-01 9.610901466890907630e-01
9.496442697309053216e-01 1.040744627952076007e+00 1.115708869608997622e+00 1.002787066514131631e+00 9.788463859726032057e-01 9.822874799577950844e-01 9.882654773292501860e-01 9.444530370345141090e-01 1.127352333476596691e+00 9.835641879860199666e-01 9.615265534254417990e-01 9.956508735199391946e-01
9.752125603325203507e-01 9.883872375794283682e-01 1.006416960849225273e+00 1.044017636520251369e+00 9.783057065088663906e-01 1.006275783759724263e+00 1.034054494298390248e+00 9.946760818195341525e-01 1.000477517873950450e+00 1.009614663889798480e+00 9.900893294751289542e-01 9.820927362589059184e-01
9.680083220908444197e-01 9.867602606758409944e-01 1.004613088803542720e+00 1.060180778508237331e+00 9.460639933325961648e-01 1.040776176450751711e+00 1.089518069671208567e+00 9.237502323737668553e-01 1.024529656513722298e+00 1.082841571691351756e+00 9.873516995872435587e-01 9.504521716310156965e-01
9.173371536548555749e-01 1.015612991902277829e+00 1.029003875823492731e+00 1.144837487440902635e+00 9.833549052818344460e-01 1.003889787492015850e+00 9.846996751829109051e-01 9.849103358793553920e-01 1.017726162831034342e+00 1.007833670909234813e+00 9.729790534898853371e-01 9.936942395493163493e-01
9.638351339128675699e-01 9.507241692827630430e-01 1.075547691748978352e+00 1.082308755053394078e+00 1.113000189125897599e+00 9.849749276485368910e-01 9.668542051953169514e-01 9.525852714186564540e-01 1.068364493217227595e+00 1.027806020263961839e+00 9.366324166046333666e-01 9.593739003022684342e-01
9.843705096462509463e-01 1.031483498126197107e+00 9.957510168598868727e-01 1.068287861676935568e+00 1.008582184345796495e+00 9.823992618602882532e-01 9.710713937412753793e-01 9.346742832365031450e-01 1.018948827038096416e+00 9.883597691466385893e-01 9.947665478993870103e-01 1.049802204540748019e+00
9.358146948555103872e-01 1.041875971188203964e+00 1.083277530162537472e+00 1.026306978858538832e+00 9.900109193708204192e-01 1.003559304193604174e+00 9.812858300243675336e-01 9.492212381802382914e-01 9.797534440436346248e-01 9.733126111778515055e-01 1.046311738854729612e+00 1.029875555987993740e+00
1.012080546055801111e+00 1.032832983555944439e+00 8.748631659957977202e-01 9.848812920200189502e-01 1.046022351075798662e+00 1.074958987982663539e+00 1.119269853848829488e+00 1.001894581058870637e+00 1.038453413176527729e+00 9.911954748663766024e-01 1.004865113973708368e+00 9.167685095531822315e-01
1.122044870213934509e+00 9.346879230672253680e-01 9.129459160494501901e-01 1.063357480279844447e+00 1.050306221460663325e+00 1.122323055351129861e+00 1.110184346521568388e+00 9.680719711408614092e-01 9.046280297521935854e-01 8.992343066934543883e-01 1.044650619173402850e+00 1.030179305398241985e+00
1.090231670596047309e+00 8.888826993407771271e-01 9.892905238362265097e-01 1.030871087940028241e+00 1.075987106752529732e+00 1.035115252689309484e+00 9.932340184555463747e-01 1.040781041302015986e+00 1.041456688463396008e+00 9.593292590679206588e-01 9.386135414865304227e-01 9.931744127030335267e-01
9.312935776140066624e-01 1.017480820629271587e+00 1.029972155118296095e+00 1.078056663752060995e+00 9.774295137095379005e-01 9.926948647553701655e-01 9.542371499201955931e-01 1.001207275116173800e+00 1.025801649119199910e+00 1.003672369898476635e+00 1.026670927508583686e+00 9.805646107910258591e-01
9.384682441175093981e-01 1.022606690957827746e+00 1.059451817212676339e+00 1.059695360290130672e+00 9.852732904078320697e-01 1.006373328672209411e+00 1.011887751748519193e+00 9.928376229347853910e-01 1.026475645111146973e+00 9.744512233912326904e-01 9.651707469753079138e-01 9.862106454627646013e-01
1.047754967190159370e+00 9.385089476402705966e-01 1.011236502368430434e+00 9.747732231160506355e-01 1.079128449164295178e+00 1.021144801061968366e+00 1.034902722090476956e+00 1.008869820357199298e+00 1.070097460690890623e+00 9.445788652663350549e-01 9.249329732586130115e-01 1.014819419548499191e+00
8.485556878307308759e-01 1.040845453563523648e+00 9.918826795146072905e-01 1.017969246453998222e+00 1.006430934724383830e+00 1.019156140347305728e+00 9.625812876386685701e-01 1.033631079067016456e+00 1.017943675523101721e+00 9.600109332199675549e-01 9.755871319538418351e-01 1.007968774095276521e+00
9.273918437550567884e-01 1.029716714681879530e+00 1.028390413221928368e+00 1.007081792182815017e+00 9.903986624695272356e-01 9.852404002987894538e-01 1.037152788271066717e+00 1.008762085798233565e+00 9.575710286263399151e-01 9.686855279556924048e-01 9.955622383340132497e-01 1.019030905375478913e+00
1.131478222791371335e+00 9.616736384298016915e-01 9.070580740953795296e-01 1.031868945513683133e+00 1.035960747021541284e+00 1.127244855057927930e+00 1.105708211769596439e+00 1.038492464049077579e+00 8.335225949372337961e-01 8.867412308159177137e-01 9.883632131551167710e-01 1.127154096971030528e+00
1.049248320696981596e+00 1.078118547053300791e+00 9.861089216112250977e-01 9.023075565097868900e-01 9.035746894561740294e-01 9.722879948728794242e-01 1.031007084981723887e+00 9.760679103500297105e-01 1.309800502361763819e+00 1.069357098246343174e+00 9.826743419279736491e-01 9.482209906462102378e-01
9.540198096618789370e-01 9.542861924589631784e-01 1.008040597034808972e+00 1.110100063194882747e+00 9.803907046215637466e-01 1.023372775049377958e+00 9.746980669872790104e-01 1.039584565586372467e+00 9.601147285937691178e-01 1.174916908410263305e+00 9.570158371096920691e-01 9.468212776008152476e-01
9.535958320681074962e-01 1.006990845761907671e+00 1.039059458631192312e+00 1.111050765690392961e+00 9.874679934791752434e-01 1.040502003070676862e+00 1.097626603037960225e+00 9.452319804366688949e-01 9.681033998960644205e-01 9.911481245447145705e-01 9.511561640866796896e-01 9.723351222808698235e-01
9.281996053260808122e-01 1.078396076412916793e+00 1.091518028733862611e+00 1.058044780342357161e+00 1.024194079509516797e+00 9.608021504478196917e-01 9.903172823724272211e-01 9.132914809918610821e-01 9.413372138947528889e-01 9.782640293407893761e-01 1.031696107970137000e+00 1.095569444322989305e+00
1.298520200384279066e+00 8.711849505170599084e-01 9.445481600965192071e-01 1.072686875507407045e+00 1.076163194698352754e+00 9.889008329257752417e-01 1.000037887946007231e+00 9.620037484833470209e-01 9.805906902732862696e-01 9.577706015233503622e-01 9.680672023701205609e-01 1.094427536435328641e+00
9.491867388077056544e-01 1.018234941151174411e+00 1.061405750419677885e+00 1.078996373539955034e+00 9.967199832379637359e-01 9.788249469698251382e-01 9.912361292141514957e-01 9.628812921135360137e-01 9.863360073486272528e-01 1.026425443880783606e+00 9.906545319860142751e-01 9.895152704977275837e-01
1.082489129107678139e+00 9.728156620360303153e-01 9.500345912410581573e-01 1.024539087739909426e+00 9.921182840653052226e-01 1.039351072108387397e+00 1.084838751898554277e+00 9.793977053490695583e-01 9.379158819209737485e-01 8.940000841303377133e-01 1.017617396465567703e+00 1.105200129260276221e+00
9.150249597952402336e-01 9.867129011056032795e-01 1.077736930505988067e+00 1.118342132167983838e+00 9.945874124498161883e-01 1.031311552077157856e+00 1.034636465825511609e+00 9.687666544012065728e-01 9.603761740335157171e-01 9.881216464558838508e-01 9.943885743154311507e-01 9.914845976689716789e-01
9.923846489970025164e-01 1.021056508003324703e+00 1.031443435686303811e+00 9.696343215244024316e-01 9.843522761993647174e-01 1.002881073323686589e+00 1.050046010820789189e+00 9.861339481068043256e-01 9.954456502821337205e-01 1.001726793432097917e+00 1.004534650167503651e+00 9.724093492350150969e-01
9.049470260451023540e-01 1.050637994490893234e+00 1.089242737871779720e+00 1.116660500047653715e+00 9.872357115552122808e-01 1.003696431401191580e+00 9.553427444439175353e-01 9.873475710254862037e-01 1.021283398273673315e+00 9.842951175962906252e-01 9.763415984947834136e-01 9.934565259827036199e-01
9.438578131444022024e-01 1.037181255998040230e+00 1.046854346552529957e+00 1.033800119468887502e+00 9.590445606553504865e-01 9.932410247146066240e-01 9.885849923727298982e-01 9.902800695078707305e-01 1.143578971324571647e+00 9.631785315227480160e-01 9.664626184930779074e-01 9.929476093784647128e-01
9.144116683227840880e-01 1.005330050597305069e+00 1.128774742265336473e+00 1.049666718991539183e+00 9.169795818367896256e-01 1.049895514631332682e+00 9.466797636840699193e-01 9.158130880556339948e-01 1.251529295572053169e+00 1.077976713060893044e+00 1.037056338701623392e+00 9.876238206425540511e-01
1.083420964171496914e+00 9.035965531645518967e-01 1.018423633093905600e+00 1.077298907889816970e+00 1.077743957441909872e+00 1.044161250378619510e+00 1.013557949387311252e+00 1.023673935683697245e+00 9.255622227481818953e-01 8.987370788421021883e-01 9.501353982827528410e-01 1.151899600126126133e+00
1.007970439290717168e+00 9.823044195872349116e-01 9.900312869038785379e-01 1.076578633130334417e+00 1.000281341088538056e+00 1.046381890590980079e+00 9.885563345660973722e-01 9.794041033247897765e-01 9.975918806729013877e-01 9.548988435688596788e-01 9.620916044016452062e-01 1.041166945012415912e+00
9.401226463446773485e-01 1.034564393525865933e+00 1.031485748053923679e+00 1.103593279217736534e+00 9.840856239152788731e-01 9.882085014488661834e-01 9.584772639023213525e-01 9.906732641348765522e-01 1.031772499037925339e+00 1.004515821479063931e+00 9.817473889468186776e-01 9.888733016277589938e-01
1.006667783105532621e+00 9.969108214667541379e-01 1.046627707222919756e+00 9.581233650175170480e-01 9.402081107967737994e-01 1.003837186534981774e+00 1.023981718952225561e+00 9.771180911470485064e-01 1.073851691370704797e+00 1.032796269648742271e+00 1.062126047531896322e+00 9.267025269282561650e-01
9.742169278658908693e-01 9.569726764797932272e-01 1.047721876427859966e+00 1.117647009510216893e+00 1.017377079772880943e+00 9.975082782459748776e-01 9.732310760722482357e-01 1.046353801257103422e+00 9.594850664333690604e-01 1.104315681115813241e+00 9.354092548111646588e-01 9.466076499241415920e-01
1.637134235426398465e+00 8.861510778025188939e-01 9.837838500583817591e-01 1.015655118468044460e+00 1.018348516881078858e+00 1.083309857424264333e+00 1.043449895942484495e+00 9.832477260671386166e-01 8.899402642910023697e-01 9.806093323530390427e-01 9.251648743399203401e-01 1.112926862080029444e+00
9.567735678973059432e-01 1.066977791868619185e+00 1.064831492354052944e+00 1.020830161265915637e+00 9.938663856935745500e-01 9.665374162095452526e-01 9.781520724541176159e-01 9.352911278871308687e-01 9.759443262296780830e-01 1.003382249268163218e+00 1.065690508076675203e+00 1.014528347457763102e+00
1.037559196298124320e+00 9.615228192508634697e-01 9.903547680724614777e-01 1.009332574051427622e+00 9.704873011802794824e-01 1.020884970073142828e+00 9.708177199670423585e-01 9.888474849365241903e-01 1.039656913764155144e+00 1.007976458114013374e+00 9.958176495875583623e-01 1.021657147482961880e+00
9.797936697643118142e-01 9.201802804180162498e-01 1.021841649877509139e+00 9.985986707336568236e-01 1.108866916986878115e+00 1.037662293480297260e+00 1.033251851091608886e+00 9.776784737480277432e-01 1.120572439319575286e+00 9.539972944476852179e-01 9.623859667651635252e-01 9.625970802031450502e-01
1.014073396225582346e+00 9.838895110313287118e-01 1.004670440751642468e+00 1.014743419754565723e+00 9.911381956092116807e-01 9.973195984208512721e-01 9.524896962531675948e-01 9.941497749075374202e-01 1.012192935412259853e+00 9.997682233624908266e-01 1.000276254070630033e+00 1.046277673843204914e+00
1.025552007795824228e+00 9.189507884324122911e-01 9.776332372656001413e-01 1.018376917281880178e+00 1.081622606666678310e+00 1.045286840718551158e+00 1.062979707137414298e+00 9.539891364703945165e-01 1.035845663569358699e+00 1.011640746247151945e+00 9.703967637257734369e-01 9.524900451998740136e-01
9.433280862475557083e-01 1.012495985609256133e+00 1.104668468076046572e+00 1.019644796061550895e+00 9.687051994450721626e-01 9.727602578176941517e-01 9.928828973450101181e-01 9.609495367580399572e-01 1.169604636027393951e+00 9.786176984004762991e-01 9.746877059599429183e-01 9.839804780617118496e-01
9.347902283796658551e-01 1.026893201366851693e+00 1.088848440282511376e+00 9.917505530127105340e-01 9.848636868491272844e-01 9.819265277013918825e-01 9.967771052000775622e-01 9.439240254810771225e-01 1.118261197580448618e+00 1.008315398435484678e+00 9.865258167607580120e-01 9.942874746282244214e-01
8.979218002434173895e-01 9.973490356986199901e-01 1.015635140420881655e+00 1.221576090234359091e+00 1.036566874585664877e+00 1.395040033080880537e+00 1.262097408537736998e+00 8.854984912656773677e-01 9.031239629850107420e-01 9.624063880109705593e-01 9.438400242824818154e-01 9.403235031522685361e-01
-inf inf 4.007598129504147622e+00 1.349521264755770167e+00 8.100810034723291420e-01 9.915618432863092524e-01 1.086377521748510544e+00 9.196582014095743274e-01 8.507450284987141398e-01 9.706908818283215279e-01 1.423925527688561843e+00 9.707973613945861668e-01
1.121067597680357242e+00 9.039397023927255859e-01 9.386905678816659382e-01 1.073891828175101759e+00 1.087628092175998873e+00 1.057390384265676442e+00 9.962887398747534151e-01 9.815167990829393174e-01 9.965778683875649024e-01 9.600423488049764087e-01 9.602173643670105507e-01 1.040249826528451438e+00
1.069088942484249793e+00 9.709821690199085253e-01 9.480758208926015618e-01 1.025524596461380389e+00 1.069204239968977843e+00 1.008049431835708942e+00 9.820216818440529183e-01 8.802478922446927978e-01 1.093800862742194457e+00 1.023973752080815203e+00 1.031994223530517285e+00 9.782642562352248383e-01
9.480954839764108577e-01 9.807379717644876260e-01 1.015423019736456878e+00 1.092220926721146679e+00 9.208835726276430877e-01 1.068057088296505475e+00 1.114807400583458730e+00 9.438830830433091457e-01 9.847078556929085291e-01 1.054733969041292463e+00 9.978802069602497049e-01 9.615842154640248385e-01
1.096468775601251000e+00 9.326410626892720490e-01 1.012808712445405490e+00 9.689081215971779848e-01 1.065980199787939675e+00 9.766115171861730060e-01 9.572641611895986724e-01 1.034703802588762045e+00 9.759824442453617355e-01 9.728065550653347549e-01 1.028616498500421361e+00 1.023520225700700115e+00
9.462976868421665300e-01 1.009325386617862641e+00 1.062564813809285580e+00 1.061295901763398053e+00 1.011027406956482855e+00 9.863359075988272773e-01 1.014332514297358490e+00 9.512722606632636468e-01 9.867298665400880964e-01 1.002310339322260546e+00 9.934453948638739540e-01 1.002137273237551973e+00
1.141822002571335259e+00 8.873530710598503957e-01 9.078003813500536978e-01 1.083110949247350296e+00 1.151213664380719148e+00 1.055284161002932430e+00 1.001423050945022153e+00 1.042592120859285210e+00 9.833328545523813968e-01 9.519962181483203612e-01 9.943389025951393512e-01 9.519071795162082905e-01
1.243660959210425743e+00 1.033853225136359688e+00 7.837596349230103732e-01 1.138285823472107605e+00 1.083895059956615947e+00 1.139774654879231353e+00 1.105131390866495922e+00 1.077696469063736284e+00 8.883087780453382543e-01 9.035919633040983001e-01 1.008288487422999369e+00 9.925615250906523190e-01
1.180882496280391214e+00 9.499566148376039632e-01 9.509477678375597431e-01 1.029242606378765190e+00 1.054968587770878541e+00 1.038692083868505422e+00 1.051068702654369025e+00 1.038144366634468296e+00 9.536274422554622543e-01 9.238721215430740763e-01 9.424878569582626486e-01 1.090272978324077657e+00
1.025545041682093039e+00 9.654687221011487575e-01 1.033935725867980882e+00 1.046544381350384079e+00 9.932588006683152893e-01 9.749330943503434765e-01 1.029809504527579911e+00 9.941318634941184174e-01 9.958303188171415687e-01 9.762186535416891298e-01 9.704040713313064614e-01 1.010342847756936946e+00
1.020941749387571651e+00 9.448109493972139949e-01 9.828359880361177137e-01 1.056648895555741818e+00 9.762811284789577604e-01 9.634711911619918689e-01 1.026934867028682863e+00 1.145944350966709102e+00 9.118844585578957940e-01 1.099332963127227059e+00 9.296658372438375562e-01 1.045330186058832878e+00
9.868636712104718045e-01 9.912937956714674703e-01 1.064534509507624183e+00 1.001898471521303069e+00 1.057382138342761957e+00 9.851922631099190308e-01 9.387933862953863340e-01 9.822994438215270074e-01 1.064492776822305364e+00 9.746466555683539479e-01 9.820518321834709186e-01 1.003638870481061929e+00
1.334103683856989520e+00 7.580032337948297005e-01 1.006938184581849693e+00 8.847646363915515622e-01 1.021918218087910724e+00 9.392056033651137170e-01 1.008966254658308914e+00 1.264966346962088206e+00 1.316308093214497932e+00 1.689251224640170079e+00 1.094052800647798529e+00 8.900735703217232953e-01
9.480573417727322649e-01 9.983922381538720137e-01 1.073204862636929269e+00 1.088811997978300639e+00 9.224554238383712024e-01 9.693652702690526146e-01 9.805528550030062629e-01 1.225785868648968213e+00 9.271881973698630208e-01 1.066068206819667408e+00 9.746874667790479396e-01 9.697547186359962712e-01
9.558153648017914117e-01 1.020299828991925839e+00 1.028141999443760835e+00 1.091586102626241006e+00 9.943112892771711619e-01 9.614122336848881512e-01 1.012587710247786044e+00 9.609674182007289511e-01 9.930401246267416271e-01 1.001484052669664226e+00 9.900086355122980075e-01 1.019417715148112302e+00
1.052899434122827327e-01 1.001489232625154102e+00 1.017802031825603581e+00 1.051214835876782328e+00 9.740242323893263388e-01 9.978350743304179593e-01 1.016809056537156142e+00 9.289619045911928774e-01 9.930128144524649203e-01 1.020068640845344765e+00 9.845273779157166505e-01 1.054578464320547804e+00
9.678390691795559775e-01 1.007374311714728465e+00 1.004106830753473734e+00 1.077751185316607740e+00 9.339858728422494316e-01 1.091159731433551938e+00 1.063115515615667750e+00 9.656717790159643489e-01 9.135720068386065096e-01 1.001880622054582171e+00 9.540979251040601072e-01 1.009728998461489002e+00
1.008825101774010857e+00 9.631281268676422647e-01 1.016432519628436282e+00 9.992033109537652447e-01 1.015527482333756781e+00 9.685617122884542241e-01 1.056186209499382800e+00 9.961759885711641838e-01 9.781933650115774981e-01 1.011327905415536188e+00 9.565385747650252402e-01 1.052183042234944299e+00
1.025643930929122982e+00 9.101777291109711676e-01 9.947175940074491907e-01 1.019907669160684982e+00 1.079631950008522523e+00 1.025805895945486768e+00 1.062013583354131985e+00 9.918838420185095428e-01 1.005653283642186091e+00 9.711300615694502536e-01 9.512739298423783518e-01 1.009706900683073894e+00
1.006323623626228958e+00 1.053766449434507591e+00 9.818923789457011386e-01 9.786752842395677332e-01 9.138630431420666778e-01 1.023434463802764371e+00 1.067359228596354015e+00 1.004958796308566438e+00 1.036964474962910110e+00 1.048507929087337365e+00 9.786730678988022625e-01 9.518782002701954292e-01
9.597174610217833468e-01 1.003847302690128229e+00 1.104363776091589866e+00 9.921632171038482495e-01 9.790114308932055254e-01 9.728839895237579860e-01 9.700368449252790848e-01 9.857466528058814736e-01 1.207297775049727573e+00 9.855264120253994786e-01 9.701156159155428504e-01 9.662034816870361809e-01
9.488190674201698593e-01 9.698508320548474559e-01 9.813651513737065013e-01 1.143807122146253352e+00 1.015212087960801313e+00 1.010764722247417424e+00 9.986401041830110792e-01 1.041690734251770944e+00 9.317106695363845947e-01 1.146273187326978249e+00 9.596432302715889318e-01 9.520686119488186439e-01
8.491294914306788399e-01 1.076702078672680862e+00 1.331816871841502881e+00 1.156579931989275112e+00 1.103396371870477788e+00 1.033001261765666978e+00 8.945812349774213690e-01 8.559350465606986313e-01 9.576002547084171423e-01 1.124623142357217276e+00 1.024709939669068870e+00 9.730445737379296300e-01
1.004469969840914967e+00 9.984288113945961607e-01 1.028567527812408899e+00 1.019624717397751734e+00 9.806971446044474572e-01 9.909930742799248904e-01 1.007943113107198307e+00 9.820212120637950015e-01 1.000846506227658139e+00 1.003897825651520304e+00 9.771198686067229522e-01 1.013178505167045662e+00
1.021118525934692878e+00 9.721789376374517788e-01 1.017068264429602742e+00 9.921128545732526005e-01 1.022397429154435100e+00 9.881250844967769398e-01 1.013809662682014334e+00 9.831625414636202542e-01 1.002413044198691594e+00 9.841941423377368325e-01 9.777154891013853932e-01 1.034948845137083850e+00
9.757536965086471836e-01 1.009507796563273052e+00 1.087093609131310812e+00 9.738580409416590644e-01 9.481089793173465008e-01 9.935281013074284129e-01 1.090242479289053712e+00 9.195492089231170896e-01 1.183566233387015165e+00 9.676419038467308775e-01 9.753905557784896541e-01 9.834572774439421794e-01
-4.162416205841169836e-02 1.035981057166379005e+00 9.288181827677991498e-01 1.156991335085398198e+00 1.089164251490869262e+00 9.631097198235835100e-01 9.189130551567971095e-01 8.893852608965951978e-01 1.124810659229003251e+00 1.212571757745619649e+00 1.090265218925227098e+00 9.452457402402810738e-01
1.193881142187157574e+00 8.446446563292552279e-01 1.012780644874522462e+00 1.036571946868731553e+00 1.089724281691361041e+00 9.924286230428879252e-01 1.049266349858517078e+00 9.387376377787906012e-01 9.808784417230249630e-01 9.541068752069278291e-01 9.901582179458948696e-01 1.085352477821155182e+00
7.556395608220153326e-01 1.087764387754621254e+00 1.027024534551213009e+00 1.234750008438024738e+00 9.661050359984592051e-01 1.038750127805304624e+00 9.960622048111565929e-01 1.673496885325181038e+00 8.660695721541540326e-01 9.924109488380954414e-01 8.966871256627220177e-01 9.725978534917034679e-01
9.913478729565616820e-01 1.049202100910359148e+00 9.369899009014379665e-01 9.123021679577185683e-01 9.513086825583783046e-01 1.053839448661288092e+00 1.081632220942483791e+00 9.781940819132585174e-01 1.268208353909400898e+00 1.052566475413364122e+00 1.060824659085192412e+00 8.718074637624283474e-01
1.079015161483348306e+00 9.035928102881664037e-01 9.729336373514280156e-01 1.024270651510286179e+00 1.097193813836711440e+00 1.028628860439812609e+00 1.047362899552662929e+00 9.584491174148497272e-01 1.000269164845163150e+00 9.905182525620837009e-01 9.894827440745864733e-01 9.716973162522309915e-01
9.811708858111971576e-01 9.570101523307408264e-01 1.061248909019057995e+00 1.029206764914149863e+00 9.358285286250704882e-01 9.991040964918811440e-01 1.013395131525408610e+00 9.868107236677962080e-01 9.728629052569655045e-01 1.192030473930230761e+00 9.604985844299415154e-01 9.956178271070176278e-01
9.619400672229929672e-01 8.977632257602077281e-01 1.032720949733171967e+00 1.099544813292617551e+00 9.595701202025106458e-01 9.873781550513717198e-01 9.636358246716623110e-01 1.207080700974091148e+00 9.705698306975862888e-01 9.322335185008479019e-01 9.704935003957864126e-01 1.049255382003906334e+00
1.036776568831359269e+00 9.894295610412265907e-01 8.687260251843306191e-01 1.117094741015778547e+00 1.037625967952762851e+00 1.106643516487033185e+00 1.095853555520952982e+00 1.152776721868568277e+00 8.998135629428750670e-01 8.644615670215056724e-01 9.909834249112471349e-01 1.060885628545141568e+00
1.173652771514295257e+00 8.781055889935602821e-01 1.015659018589203377e+00 1.081630733650146503e+00 1.125763761029311638e+00 9.802665687271127082e-01 9.371297945867720358e-01 1.483511697495754733e+00 9.684237965272393112e-01 9.959430731171433626e-01 9.697983135382886033e-01 9.788735678156497144e-01
9.746549156959384286e-01 1.026407577744342214e+00 1.023092439478420435e+00 1.114496581703659395e+00 1.008437896886615004e+00 9.699651714839677696e-01 9.617135121474167381e-01 9.391040845754587973e-01 1.051514843431937241e+00 1.004511554420148389e+00 9.693406386407457109e-01 1.003030391518567210e+00
9.597656051039979985e-01 1.037068743351306832e+00 1.073171219943567234e+00 9.893239991068240036e-01 9.543609843900859868e-01 9.614297429182805388e-01 1.022503612317374744e+00 1.126904306660179378e+00 9.670896337579553137e-01 9.778505396088705837e-01 9.882572082621811083e-01 9.973568172437820012e-01
8.973361159149260136e-01 9.367232877921410905e-01 1.182605814419410928e+00 9.746229696141158749e-01 2.108413139881605947e+00 1.307408552665592527e+00 1.487505480897318488e+00 9.148024565051445789e-01 1.161234488911430551e+00 9.013247794832056625e-01 9.319383304188485484e-01 7.758613146554741435e-01
9.676880361366679839e-01 9.988007667270631940e-01 1.070126512553130738e+00 1.016042596681733912e+00 9.864049603154262380e-01 9.753272187940120741e-01 9.516097549434102687e-01 9.860603435714233589e-01 1.145796856445043588e+00 9.729240812977262287e-01 9.802339741802510442e-01 1.004779078037249640e+00
9.237364117434675448e-01 9.880099686962684480e-01 1.070523233907942906e+00 1.080786295689961651e+00 9.757595051982920209e-01 9.994831867856507346e-01 1.025462767472764103e+00 9.702883420631102096e-01 1.004479342607045522e+00 1.012496041128783553e+00 9.996869667463436082e-01 9.882844263322499989e-01
1.048042263631061566e+00 9.468451888269063810e-01 9.867648039035138430e-01 1.003220755332583813e+00 9.915113027394182321e-01 9.980319025200342642e-01 9.789143929700027114e-01 9.987503708437837080e-01 1.010352502010937403e+00 9.955979786952703359e-01 1.021990501510512850e+00 1.035462707763204815e+00
9.939966919443810056e-01 9.870686018607569556e-01 1.039331581086064382e+00 9.754666668925702222e-01 9.531985714666088017e-01 1.051771014798558168e+00 1.113872339924784294e+00 1.084468197171508885e+00 9.851576878363991208e-01 9.849062647576866114e-01 9.690615879698836199e-01 9.259422992221854054e-01
1.028221318121204764e+00 9.626804820639293103e-01 9.595545917829833016e-01 1.019937408880227769e+00 1.060462636067552200e+00 1.023861501743664304e+00 1.001833510602139432e+00 9.771517050035873897e-01 1.052173907787403717e+00 9.904791155683120296e-01 1.002752626626480570e+00 9.493201394322483555e-01
1.002632518738870715e+00 1.033418433300433259e+00 1.010963539149408508e+00 9.996484076415843578e-01 9.761512811600544515e-01 9.807878156128116975e-01 1.026482859045279250e+00 9.449837812828189021e-01 1.007703776718454014e+00 1.000076647626050530e+00 9.952442158649755788e-01 1.036908909249098398e+00
1.189742116400911875e+00 9.911126813573317706e-01 9.257050596949832899e-01 1.051220572946140352e+00 1.013336912350921049e+00 1.068397336516058171e+00 1.019197446124823214e+00 9.881017679964091416e-01 9.729089070134633310e-01 9.111392165927305609e-01 9.551176604323963204e-01 1.118058142388294485e+00
1.324642044230902149e+00 9.153004335246487377e-01 9.473628212943532301e-01 1.102632544194535047e+00 9.518051532049823793e-01 9.804747264034452403e-01 9.871387976616396998e-01 1.128473690728701850e+00 1.005498606454474642e+00 9.888552882235672747e-01 9.730490712403681020e-01 1.004200963801099133e+00
9.874739132369046990e-01 1.004780784951308181e+00 1.056124140039324200e+00 9.534654318634298020e-01 9.745429829344753880e-01 9.705028766993386569e-01 1.022753765127399239e+00 9.569968008051837893e-01 1.217410595233432424e+00 9.776100700100726071e-01 9.835123982429427869e-01 9.864604578896093434e-01
9.525257776524195252e-01 1.046832763813039024e+00 1.055789118065793231e+00 1.028121856923936761e+00 9.584231048973326228e-01 9.882447696609478749e-01 9.720324699723650319e-01 9.798941642853424838e-01 1.084105535728124847e+00 1.005077371986773604e+00 9.831941517468069103e-01 9.821913215644655359e-01
9.411494399823229218e-01 8.418560657106821665e-01 1.064779441970863605e+00 1.104598455002276047e+00 1.051797209077193651e+00 1.107506189682646802e+00 1.161506587069329521e+00 1.146669847981962365e+00 1.094066419203981066e+00 1.170226904905248944e+00 9.253649059367600183e-01 7.907088817500177447e-01
1.169928774318707232e+00 9.388109200989361858e-01 1.000363229023032208e+00 9.812656892411818488e-01 1.107288997193168978e+00 9.962452355999368292e-01 1.015907098507370376e+00 9.486956224510862956e-01 1.041031297072263051e+00 9.392173168814126338e-01 9.400099615284219778e-01 1.082107367072930204e+00
9.940205196615231609e-01 1.018511397100626326e+00 9.973885935045960771e-01 1.043854407753785907e+00 9.761971976432979314e-01 9.788116944404684494e-01 9.500401981112053251e-01 9.785025855452502697e-01 1.019587705412601464e+00 1.001122369341296059e+00 1.007256795153757434e+00 1.053703151985522890e+00
9.935055868443891658e-01 1.004129033307149976e+00 1.029459649397984844e+00 9.564045503896090317e-01 9.463434992286322567e-01 1.028298482723686735e+00 1.070136145335208955e+00 1.036346498524561399e+00 9.762761010516860516e-01 9.905479589890789915e-01 9.965865722029778606e-01 9.983814858267083814e-01
1.104097415595003628e+00 1.007724038605638972e+00 9.426909647362259337e-01 1.034476077689680418e+00 1.175302782868207441e+00 9.664538081293092553e-01 9.842979248909694556e-01 9.010261264800376591e-01 1.163826008637203868e+00 9.017450846813915843e-01 9.911221722940383172e-01 1.056960715520863348e+00
1.086484598601261453e+00 9.980576921589404682e-01 9.724580586889608469e-01 9.993624532652969350e-01 1.050645104137616359e+00 9.890250418507241514e-01 9.633675355993895906e-01 9.751482891414648968e-01 1.008972796657978677e+00 1.001772526156215815e+00 1.000806488550866957e+00 1.028510584063148992e+00
1.057080387102802943e+00 1.013194325174761934e+00 8.854120381156432851e-01 1.040180923747743069e+00 9.881087527461827058e-01 1.172824769361398456e+00 1.110479122853462508e+00 1.238128238921693658e+00 9.708200682384887648e-01 7.984172038486265777e-01 9.544372084742904772e-01 1.144856259122335018e+00
9.271967561860119389e-01 1.066214831062425317e+00 1.177390795462635475e+00 9.396329325993580950e-01 9.862833555917461803e-01 9.853156222202943404e-01 9.538096371467649215e-01 9.617566996132598245e-01 1.141946765889149784e+00 1.010724343689128668e+00 9.949324985756409223e-01 9.752244246126590133e-01
9.867899731385000317e-01 9.898137201125317697e-01 1.030836061700431072e+00 1.027952385346803332e+00 9.940402175448792566e-01 9.826703530919342899e-01 1.033900418266494148e+00 9.746660423923565464e-01 1.008171774702534051e+00 9.910979859393135305e-01 9.900857102227225148e-01 9.985664095761220826e-01
9.968954449282869668e-01 9.872467393103392386e-01 1.018342959300565731e+00 1.008058360651220786e+00 9.742867214447150648e-01 9.735798250952291122e-01 1.031479176992257552e+00 9.380494450151863894e-01 1.025046999688889349e+00 1.017573432901041075e+00 1.001417083635341321e+00 1.048536232747573127e+00
9.390098134187124801e-01 1.101894831657982410e+00 9.753067533791008881e-01 1.052300848089814167e+00 9.621084090102139941e-01 9.958046882895514873e-01 9.350438926477855350e-01 9.657724695809842830e-01 9.982655086330611827e-01 1.011503314222587102e+00 1.015934295546168986e+00 1.088320867218923071e+00
1.004221407797771359e+00 9.693910743512188510e-01 1.010166784885672575e+00 1.073034110296563037e+00 1.003159754683541571e+00 1.000499984148913946e+00 1.043415808991230209e+00 9.514203248144224023e-01 9.824736599368705248e-01 9.977627159563620118e-01 9.677338400419643882e-01 1.020837716706767262e+00
1.046433624513124494e+00 9.133586072119409538e-01 9.905460692868617301e-01 1.029538742928964412e+00 1.051630212474402359e+00 9.909086040188830324e-01 1.035727181982112333e+00 9.317752963549376100e-01 1.059695988693548863e+00 1.033823953256322259e+00 9.797063033126589549e-01 9.877151143671274447e-01
1.004580067486429584e+00 9.947496002503140033e-01 1.015253739437837144e+00 1.019143958525818183e+00 1.010406890487235199e+00 9.921724022213802563e-01 9.629783685371361424e-01 9.708885126476832772e-01 1.017769674812853964e+00 9.947858755362434247e-01 9.974722076877720056e-01 1.028288569447855627e+00
9.826537406798760976e-01 1.032339139240867620e+00 9.957558335962657381e-01 1.071909737139415064e+00 9.959631531455482856e-01 1.003300458730926881e+00 9.448449728308199180e-01 9.408716110006946076e-01 1.014515637035284357e+00 9.986397485539357799e-01 1.002519525562748148e+00 1.047684444516713942e+00
9.594496685405486947e-01 1.073674156869926621e+00 1.027804820151478227e+00 9.732586412918605712e-01 9.913667546176462286e-01 9.824108751601762224e-01 1.009977680868659577e+00 9.683794002077099616e-01 1.037973968336432851e+00 1.008991023730915204e+00 1.010265234861735362e+00 9.797183985752483393e-01
1.009973441583390530e+00 9.707805114357727083e-01 9.036897073643924694e-01 1.017988815957820314e+00 1.039487743494807104e+00 1.147866787384445697e+00 1.175950530454339393e+00 1.102553694362787384e+00 9.702219277554661181e-01 9.486805358877798966e-01 1.017107494705635773e+00 8.731303318607228636e-01
9.637919216532687683e-01 1.060144758253966923e+00 1.089256784524882615e+00 9.169924454060207619e-01 9.546992831238916288e-01 9.986009769244739154e-01 1.057131668178967754e+00 9.828357332712851502e-01 9.829004517210705449e-01 1.022325683842697064e+00 9.847220266127925115e-01 1.037881278377528416e+00
9.475637934733693868e-01 1.038483023236172809e+00 1.104785134952634085e+00 9.983653933626905896e-01 8.923455724925201116e-01 9.490466519071709683e-01 1.019611865562989106e+00 9.524085792500535108e-01 1.059921768446325574e+00 1.216504731397695549e+00 9.553954911399047401e-01 1.026476176927609174e+00
9.634121500936001503e-01 1.001956895466419750e+00 1.052670920177834812e+00 1.031854892835168735e+00 1.026230195467636719e+00 9.676070603641895307e-01 9.564918650774785203e-01 9.585603882266793274e-01 9.993847618074284123e-01 9.714944184888085754e-01 9.997271677546961666e-01 1.116505088579130334e+00
9.914453867748342919e-01 1.088369485174620621e+00 9.604842664958297416e-01 1.000302048148483225e+00 9.942365187774234725e-01 9.959245400749837662e-01 1.050177891702144928e+00 9.879412741234261386e-01 9.731876679185472723e-01 9.747505556691324902e-01 9.907516499462321047e-01 1.015647588394026801e+00
1.021204685257617983e+00 9.765450790869663056e-01 1.014376206340946496e+00 1.028003024503511664e+00 9.837502671359878992e-01 9.532313185798942934e-01 9.995521910199576254e-01 1.046259665084300572e+00 9.876352995575858884e-01 1.040842022944249656e+00 9.915052019904887493e-01 9.789109419854906680e-01
9.544958553493663178e-01 9.953911245895374904e-01 1.038001904341832038e+00 1.115995215104484517e+00 9.954340015699948419e-01 1.082958621968170387e+00 1.042258180529410216e+00 9.255077462045145920e-01 9.522395255467417385e-01 9.991069671705424815e-01 9.750557553745208272e-01 9.881942020361014212e-01
1.013444620938432905e+00 9.908746979879118344e-01 1.052052758667882504e+00 9.322232902554933309e-01 9.793865308340722331e-01 1.014441212144603810e+00 1.079484724612604030e+00 9.608530593973078071e-01 1.036394472320051774e+00 1.001666900262969229e+00 9.799476220356755363e-01 9.942179987345193259e-01
1.142060993306822203e+00 1.013261848675872434e+00 8.827038094355593723e-01 1.014063220115710928e+00 1.010400336576857905e+00 1.075880773212674280e+00 1.046429432254881720e+00 1.018291782053671213e+00 8.872823084184957576e-01 9.121630975990225876e-01 1.056021172159797183e+00 1.092781535387568059e+00
9.527675599450609045e-01 1.016602258983019480e+00 1.029887401850367423e+00 1.061156785438208905e+00 9.885767595592576118e-01 9.696477310896831625e-01 1.036622325632613251e+00 9.773008969164139748e-01 9.987877392319477465e-01 1.004356523509281507e+00 9.796556517798140629e-01 1.005281630413483729e+00
8.901723154294465257e-01 1.115086782274506527e+00 1.212093469496940301e+00 1.020437584918333584e+00 9.718477359382348135e-01 9.515426704864824448e-01 9.858936304414043228e-01 9.287314745414837480e-01 1.015423390630865619e+00 9.583841662595417032e-01 1.039279577753450923e+00 1.063962560873283003e+00
1.065164991962683105e+00 9.212255947372099962e-01 9.981485983478572965e-01 9.858657937897070678e-01 1.155654602958154475e+00 1.014120151203866671e+00 1.031508697070717906e+00 9.791613053759848917e-01 1.028291454999258336e+00 9.112339148464728700e-01 9.354119906327411638e-01 1.084993154902377910e+00
9.934536236582639512e-01 1.017383112349872665e+00 1.031961356886755388e+00 1.025491803222606579e+00 9.914105544756712796e-01 9.625304945639520104e-01 1.023108369902243409e+00 9.469059965418079594e-01 1.004008515567820226e+00 1.047219013012263167e+00 9.923125498100024977e-01 9.832577720786023212e-01
1.037171415785725470e+00 9.409076461294179072e-01 1.018896506137319191e+00 1.072095064954779131e+00 9.653272802173145095e-01 1.023916737473661076e+00 9.656077350364307144e-01 9.336499220841387725e-01 1.059757046415537696e+00 1.015495765849497412e+00 1.085631229195241687e+00 9.444876720414323579e-01
1.069990620215061305e+00 1.014349939916560972e+00 8.916868225091826305e-01 9.622830463963364389e-01 9.916227036671386719e-01 1.069409712913044652e+00 1.064180412662519837e+00 1.273840888254466730e+00 8.768782830102188619e-01 1.063763684370420348e+00 1.087061215615317655e+00 8.857572845916703574e-01
1.006542295990997982e+00 9.868127717765723395e-01 1.062942874092048573e+00 9.796570237030041151e-01 9.353742744875109816e-01 9.986824730642515080e-01 9.878454217641826629e-01 1.027444236149897439e+00 1.001103444821804356e+00 1.015904338677949603e+00 1.013260751821696948e+00 1.004835128400166200e+00
9.797988013985482469e-01 9.982154214217696664e-01 1.111990530223315066e+00 1.012880814530592533e+00 9.410817690651520628e-01 9.472327953281571844e-01 9.768591630533963732e-01 9.999674990944474873e-01 1.007798877984519059e+00 1.181128341342507326e+00 1.085762453975240849e+00 8.906865934335532753e-01
1.035256787302591075e+00 9.788347706128232018e-01 9.421442068032497286e-01 9.907418283391138392e-01 1.011234388799287842e+00 1.076550199412550146e+00 1.086504954308792792e+00 9.756292424482029269e-01 9.132475495134559917e-01 1.000814396848703991e+00 1.106559563748969355e+00 9.588998289283475751e-01
9.303574496633358892e-01 9.894530914063183191e-01 1.054362251645358795e+00 1.071643937363245147e+00 1.058181055377475088e+00 1.002583882090159140e+00 9.835020361137430944e-01 9.887366934685644093e-01 1.056701790613938430e+00 9.995791931888935444e-01 9.641929585231431288e-01 9.480256392535671983e-01
1.067300596610907482e+00 9.191292838470667137e-01 1.024338055123391822e+00 1.016612100081287995e+00 1.134657961257376835e+00 9.681344491903527416e-01 1.022982737215951010e+00 9.813048439675171597e-01 1.129614099672352268e+00 9.140135130995011847e-01 1.037764554875942435e+00 9.587871446144017318e-01
9.793040579794187739e-01 1.043046828324645903e+00 1.022612011495419582e+00 1.038809592200490739e+00 1.007665186299632198e+00 9.948876746931086812e-01 9.629904331942225060e-01 9.450413836401729828e-01 1.003804354206161653e+00 9.886699698650602830e-01 9.918587337840207852e-01 1.039396719340512476e+00
1.293378284313888127e+00 8.385828833342166000e-01 9.794648573482230836e-01 1.050237740685247001e+00 1.167279497228295604e+00 1.008203765983407996e+00 1.057531943777862304e+00 9.658019257524876888e-01 9.008431618853272038e-01 9.463221274993234289e-01 9.727786741150109551e-01 1.146502726006747741e+00
1.086909995609911306e+00 9.490327447229124358e-01 1.065977263042271916e+00 9.581168339173777859e-01 1.003092856379562470e+00 9.976675861883664842e-01 1.066015562157677676e+00 9.915550876676024750e-01 1.012550458683250332e+00 9.883253206724026407e-01 9.751245653659295076e-01 1.006399627497556626e+00
9.725289141535123916e-01 9.839820902556132287e-01 1.014031268435030331e+00 1.069516312932936808e+00 1.041492216860285813e+00 9.623036611105963978e-01 9.595250220238603633e-01 9.622480211433588337e-01 1.056598426343147823e+00 9.856737180457268988e-01 9.867699972439464284e-01 1.038845482154643340e+00
9.621621670687459105e-01 1.049256195495539945e+00 9.800176414895324095e-01 1.065648678506394331e+00 9.757074936575913515e-01 9.771228861967926616e-01 9.678602103017549529e-01 9.779860741439763139e-01 1.013816598037615258e+00 1.004629005968627364e+00 1.009795210394625276e+00 1.041545480477007013e+00
9.640265266670591249e-01 1.013860064390248894e+00 1.144381683528207461e+00 9.724994182562093359e-01 1.061034496111920244e+00 9.525883292636435629e-01 9.350403759384131597e-01 9.580965886826871003e-01 1.225442274851835434e+00 9.362887641006072403e-01 9.988787487946026999e-01 9.860576021866298557e-01
9.824212458309061757e-01 9.457470817451725242e-01 1.059667104570647167e+00 1.084222615390443512e+00 1.010967195451116352e+00 9.651515740621097184e-01 1.021850527494681193e+00 1.037589530030866847e+00 9.589440277391304557e-01 1.084514351209090233e+00 9.593088529531756947e-01 9.478444476818456144e-01
9.355949214304947192e-01 1.007762308798777928e+00 1.067236519554924490e+00 9.939855788901523770e-01 9.785925185388965053e-01 9.808708603914534363e-01 1.038080912805149358e+00 9.771677051927252222e-01 1.124768830895136240e+00 9.794810419297640403e-01 9.887695672843982431e-01 9.789579438917447307e-01
9.835155181980974604e-01 9.791468123187935246e-01 1.087733592099072499e+00 9.703008085709086128e-01 1.014364262861622290e+00 9.570367041058851498e-01 1.006882342383776052e+00 9.323075711419347433e-01 1.282347523620783747e+00 9.766522351861552931e-01 9.848286146081915993e-01 9.704593677883061043e-01
1.002904254708732124e+00 9.836882446958962189e-01 1.041691661572879735e+00 1.041003715805160379e+00 9.676174955710202807e-01 9.925079234395037808e-01 1.050306173928825526e+00 9.695003234394662384e-01 1.012299383533545649e+00 1.009656775315135757e+00 9.585897082255030455e-01 9.905229151681695932e-01
9.754480428287655158e-01 9.604555348245253921e-01 1.011575320573744552e+00 1.091815478493537439e+00 9.533763428852596311e-01 9.879233516860008724e-01 9.571983451135717136e-01 1.315786607365262428e+00 8.954004435587991084e-01 1.118175455503175320e+00 9.464567044697260734e-01 1.004071691687058676e+00
1.001546397080937512e+00 9.692620406721838000e-01 1.047049863441892326e+00 1.027636560545579503e+00 9.816605060279481876e-01 9.792242773570645209e-01 1.040528088090376446e+00 9.497397997883304521e-01 1.021911287056257445e+00 9.980879324621904081e-01 9.937461096579814912e-01 1.008503331025162542e+00
9.662941825814880259e-01 1.045712504603383497e+00 9.885551213231796863e-01 1.041481560871887924e+00 1.001321975736130909e+00 9.953867301789971478e-01 9.759489737858193514e-01 9.815470966570003508e-01 9.945652313001617228e-01 9.944995726450777118e-01 9.896397074426869223e-01 1.040160460871642156e+00
9.762940101599143494e-01 1.013700061938440200e+00 1.023293981009935294e+00 1.039975179503041414e+00 9.916862983321693692e-01 9.888944489938301663e-01 9.666244840578471775e-01 9.416806093628063978e-01 1.003790814974903967e+00 1.007386387498968805e+00 1.014700057457547322e+00 1.053634279969134280e+00
9.131712318703738562e-01 9.882116474004251083e-01 1.080869744408970323e+00 1.140496668345634568e+00 1.460454054883144392e+00 9.623475102921559277e-01 9.521670464431183367e-01 8.845859146015427887e-01 9.697309480139091331e-01 9.865171862061821173e-01 1.009113690841130895e+00 1.001097492367876374e+00
1.006196849754311229e+00 1.009158441501238457e+00 1.037274513900578565e+00 9.685458897264310751e-01 9.752180975503832450e-01 1.006523091758557475e+00 1.009432419904031208e+00 1.009781057341543997e+00 1.005649425021306831e+00 9.991034892151686719e-01 9.842788082758652246e-01 9.961144621857471737e-01
8.858559955235175698e-01 1.047040298321212370e+00 1.144472165302217403e+00 1.168774968478329734e+00 1.008583203233952563e+00 9.938608262271405591e-01 1.035254941976016863e+00 9.217381560667310403e-01 9.671814543214845017e-01 1.000523029184597901e+00 9.850803933833305326e-01 9.767653936178911644e-01
9.282989098750672463e-01 1.019748537473216921e+00 1.072466025717012217e+00 1.131670698326060709e+00 1.041650260779102499e+00 9.675038980594264926e-01 9.596395270541672184e-01 9.457093297394320031e-01 1.024580451283828575e+00 1.028663634129784343e+00 9.751897208012630935e-01 9.760179609579983095e-01
9.328016779466311581e-01 1.019084077758168894e+00 1.116287209228326471e+00 1.078894473383557262e+00 9.539492937449536303e-01 9.870382953961281958e-01 9.714834224295730847e-01 9.745228613645158244e-01 1.012633774377796891e+00 9.622656531910711575e-01 1.020586665580682117e+00 1.028942430971028221e+00
9.868714962404994129e-01 1.011369310122927301e+00 1.008134350179962890e+00 1.018692241538696308e+00 9.882992611090336554e-01 9.691033710809491275e-01 1.013540076678719926e+00 9.308330058837945842e-01 1.003867422835365453e+00 1.017381358945637748e+00 1.011465725934616922e+00 1.063352283918362229e+00
9.321234739183336115e-01 9.671097672235419163e-01 1.043445536284996367e+00 1.047400724483752432e+00 1.094832760785316106e+00 1.026473347862614016e+00 1.031590514746206555e+00 9.372226048617412486e-01 1.078359876775729198e+00 9.630184229222161774e-01 1.007385165287657758e+00 9.406679280162840717e-01
9.530856479796222525e-01 9.906234113935269425e-01 1.035577579449195706e+00 1.018477078220143772e+00 1.005571755710990001e+00 9.828989778897546659e-01 9.646295793310468714e-01 9.532184151779771186e-01 1.172937156176673712e+00 9.998153901178267189e-01 9.848778539513037833e-01 1.001983249904294437e+00
9.610275504774102862e-01 1.059072059604910132e+00 1.055309442442311507e+00 9.728369503823202091e-01 9.708745828066255301e-01 9.993680741333446083e-01 1.078725862713385331e+00 9.551662293828476757e-01 1.068460550443953938e+00 9.661531709550844615e-01 9.864488267292650381e-01 9.732904145945385777e-01
9.693202322468297272e-01 1.000620872353346291e+00 1.052571530165150593e+00 1.100314950162433192e+00 9.921661694352835736e-01 1.000047703329869364e+00 1.048693301580768233e+00 9.305734574522308566e-01 9.715024339909755779e-01 1.016832203063605666e+00 9.898577225713663941e-01 9.714931332045486645e-01
9.839167931925784094e-01 9.961677724656008426e-01 1.091906440823378732e+00 9.475924340646091348e-01 1.047707710024098349e+00 9.323615235581094174e-01 1.014951730880092606e+00 9.894135865413589137e-01 1.200534116463795042e+00 9.863227163686875132e-01 9.631816733684220866e-01 9.519763065518811462e-01
9.424304003734521595e-01 9.827071958725279721e-01 1.071308026114998757e+00 1.108605665682723007e+00 1.005728342252625307e+00 1.003519074839753111e+00 1.038465301510478778e+00 9.276281733463185297e-01 9.832715388048881566e-01 1.007112665878390434e+00 1.008322683264484709e+00 9.749140169770187381e-01
9.599827894298658126e-01 1.090505871513627545e+00 1.065162217056423222e+00 1.009876016867375270e+00 1.018916636671801212e+00 9.726956924052185816e-01 9.986668479918477948e-01 9.171765468863254389e-01 9.862490139803041789e-01 9.962047420922330865e-01 9.802045275720570050e-01 1.054717182396967656e+00
1.006638724961315345e+00 1.015553040082976644e+00 1.050897149856637069e+00 1.007916263237835119e+00 9.761784824192319965e-01 9.759020006665103386e-01 1.016404254820967523e+00 8.950639905836106358e-01 1.009222732617102603e+00 1.019491498087260029e+00 1.016163935131633833e+00 1.051326543928959634e+00
9.967992192683072794e-01 9.970905285134575857e-01 1.092256833822011997e+00 9.725582859223337318e-01 9.779808876560246444e-01 9.801596583821438058e-01 1.036663877373420029e+00 9.092142140286854080e-01 1.102272296935320028e+00 1.006023240851840361e+00 1.011070785263246119e+00 9.773174363989954871e-01
9.944177992777619712e-01 9.683742277856202119e-01 1.023697608622700983e+00 9.922510757242316570e-01 1.022100175687885582e+00 9.740109186436389788e-01 1.011803634392580697e+00 9.137241393947492796e-01 1.221133044864745276e+00 1.025544712352326027e+00 9.564179702648787362e-01 9.977431704210033558e-01
9.929850756816082091e-01 9.272038266707690601e-01 1.039228012271298907e+00 1.054488812300263811e+00 1.010819308930432259e+00 9.843746364278110894e-01 1.046313583593546204e+00 9.279879738004770395e-01 1.005240294831828862e+00 1.123794908221333433e+00 9.759724171997576914e-01 9.764759620050145195e-01
1.000108230439932022e+00 9.976465089658415053e-01 1.046364579552959917e+00 1.022246238442734212e+00 9.893918126762533127e-01 9.691311590206674875e-01 1.012535227852175979e+00 9.309932819116871761e-01 1.011337952338950075e+00 1.006691266783534600e+00 1.012645305387761541e+00 1.020510156789385947e+00
1.007070265607913129e+00 9.690553068314032847e-01 9.931735818005315020e-01 1.070782314037261873e+00 1.002096965628121783e+00 1.037463513471815757e+00 1.003475633102095088e+00 9.305348964169648518e-01 9.676117410800435525e-01 1.012788174585688150e+00 1.018563299289587443e+00 1.015758871112321549e+00
9.671718515327626386e-01 1.008115549441203740e+00 1.104700754725115752e+00 9.802907279595328705e-01 9.868906168756138575e-01 9.790946451394852978e-01 1.010849680677691653e+00 9.370831878167924511e-01 1.078753567114626000e+00 9.845764197598996237e-01 1.002175146506443904e+00 1.004223707889663197e+00
9.892750332168752658e-01 1.018277499283076759e+00 1.050250663669345608e+00 9.876472266207408923e-01 9.955432555780248105e-01 9.976479236643270854e-01 1.062053120561999631e+00 9.212696921245451254e-01 1.010129749923629472e+00 9.995758160882397547e-01 1.011014136430855359e+00 9.852171307959934898e-01
9.381233701637501365e-01 1.061234055391910180e+00 9.890801251112936177e-01 1.015589488742978830e+00 1.022925790592651429e+00 9.821577025457464138e-01 1.020968991693493200e+00 9.335272923340388607e-01 9.830075260428413619e-01 9.918094972640323359e-01 1.007194689450252811e+00 1.045796059166059777e+00
9.753428518157150062e-01 1.058389218495817019e+00 1.042590348585343829e+00 1.054560841567094176e+00 1.013003708793391855e+00 9.806308478061213085e-01 9.760771067724307581e-01 9.412543183436846705e-01 9.664040939962040833e-01 9.710407551081914335e-01 1.006040377255863261e+00 1.049748389840611695e+00
9.135138677250751460e-01 1.053697862171394606e+00 1.007778652970284572e+00 1.043251696957950392e+00 1.008534384636868397e+00 9.900856529294455033e-01 9.670868397564019725e-01 9.502835478305862171e-01 9.736523834516966902e-01 1.004408089460268716e+00 1.025403796592815553e+00 1.048823444791129322e+00
9.200531135995264620e-01 1.017062057806809916e+00 1.180004808774431924e+00 1.062353541720586270e+00 9.849941274815275927e-01 9.844606657506427272e-01 9.843045998861760237e-01 9.316546300630884625e-01 9.724904525803630406e-01 9.522197862340575636e-01 1.027569292174614457e+00 1.059258328226863277e+00
9.408324245885266723e-01 1.018738467646350232e+00 1.063321789631684666e+00 9.919137861613738227e-01 9.890263673670097733e-01 9.874645076551513689e-01 1.022056210535915000e+00 9.622920429023592570e-01 1.162768106514337374e+00 9.742134057215812160e-01 9.917492533649362452e-01 9.627762449617180973e-01
9.619763249655564064e-01 1.050611954838221562e+00 9.991335227135000885e-01 1.031802520130851386e+00 1.017380545045396989e+00 9.826857014224843478e-01 9.724914065843022204e-01 9.522383299734901163e-01 9.770669806483506248e-01 1.013242637608408492e+00 9.993763846693329844e-01 1.036106284723779636e+00
9.759953323279211279e-01 1.026982289334564591e+00 1.040863826277978799e+00 1.034760450813702271e+00 9.995089339713909560e-01 9.690664794299468365e-01 9.972076406184297026e-01 9.216920146588576390e-01 9.856816225943927368e-01 1.009390013958688881e+00 1.003835998064102064e+00 1.055294758372012476e+00
9.872412589184984544e-01 1.022277673570613832e+00 1.030758527900235588e+00 1.063887840155869791e+00 1.053883911814791130e+00 9.803189566738388372e-01 9.911802075596123363e-01 8.971977033720621719e-01 9.818505685938583305e-01 1.009192033260182919e+00 9.677656468655989608e-01 1.067523535563340120e+00
9.659018161390464652e-01 9.777192513017112230e-01 1.143226722380584981e+00 9.410010785169009573e-01 1.053828919564346656e+00 9.628376411442910454e-01 1.020416119364871532e+00 8.951543754727172564e-01 1.237110597098421305e+00 9.904336264285931168e-01 9.981612942585345039e-01 9.774720091322637305e-01
9.937331326600590264e-01 9.641525799871976110e-01 1.028776480459594023e+00 1.061584185798126079e+00 1.008190116092626099e+00 1.004392069842537927e+00 1.057461485853331551e+00 9.177810654968033832e-01 1.014191025521119949e+00 1.092297772993332750e+00 9.494016580525006521e-01 9.645236168682321809e-01
1.038817157193733687e+00 9.693672941369735341e-01 1.032864415490042598e+00 9.821187434696225793e-01 1.009328371549921499e+00 9.836759562952098745e-01 1.039583367291146310e+00 9.506180634160179554e-01 1.077577021590791384e+00 9.870176810154489555e-01 9.952716117385193018e-01 9.641101381815639915e-01
9.329214023370652198e-01 1.022612277243543533e+00 1.093415971835125955e+00 1.019856560255431699e+00 9.799140718111033488e-01 9.777555614201171030e-01 1.025968629665387377e+00 9.405996230643224321e-01 1.114344716468151475e+00 9.838737897156127898e-01 9.823883584911271560e-01 9.879880153566886758e-01
9.620940339610799530e-01 1.040773811334410937e+00 1.021827548054742074e+00 1.004782389324243574e+00 9.829537566670487614e-01 9.975689202888414764e-01 1.025910588559497238e+00 9.323131544154080741e-01 9.891974845746285272e-01 1.027274706235854707e+00 1.000430652521850927e+00 1.038582190882066936e+00
8.351717602398774920e-01 1.043411097617743533e+00 9.995791707912676793e-01 9.838226719654272756e-01 1.031834020603984658e+00 9.994306088602156191e-01 1.052019034405971665e+00 9.069115987769452714e-01 1.019040436234192493e+00 1.000905290799046110e+00 9.949053562118387317e-01 1.021417626771433884e+00
9.836863862409832571e-01 1.000103259825188662e+00 1.036796560397711620e+00 1.044090552684975304e+00 1.003984988031469294e+00 9.914634796940785533e-01 9.820164008450990023e-01 9.327782722239812419e-01 1.013057716418072074e+00 9.993361414479753346e-01 1.008038154119908825e+00 1.023846412601759237e+00
