9.832159868397962743e-01 0.000000000000000000e+00
1.000266124193614159e+00 0.000000000000000000e+00
1.042217507420603706e+00 0.000000000000000000e+00
1.019883948276774088e+00 0.000000000000000000e+00
1.012965091332050038e+00 0.000000000000000000e+00
9.911119406541160082e-01 0.000000000000000000e+00
9.951177181149122308e-01 0.000000000000000000e+00
9.807039512001634041e-01 0.000000000000000000e+00
9.994395573845440417e-01 0.000000000000000000e+00
9.978186481109165840e-01 0.000000000000000000e+00
1.012360177081685464e+00 0.000000000000000000e+00
1.011660609949665002e+00 0.000000000000000000e+00
