1.006116475869645699e+00 4.005401629312436811e-03
1.000000000000000000e+00 0.000000000000000000e+00
1.028866408540913824e+00 3.068537948016933272e-03
1.033837981551994689e+00 2.638471294795162111e-03
1.013699235272242705e+00 3.549766819531681005e-03
1.000000000000000000e+00 0.000000000000000000e+00
1.014079357989876806e+00 2.306966253896739275e-03
1.000000000000000000e+00 0.000000000000000000e+00
1.000000000000000000e+00 0.000000000000000000e+00
1.000000000000000000e+00 0.000000000000000000e+00
1.000000000000000000e+00 0.000000000000000000e+00
1.000000000000000000e+00 0.000000000000000000e+00
