1.001183256601188676e+00 2.098251302767646220e-03
9.908235206959468133e-01 2.978787446617875163e-03
1.017458999204197578e+00 2.945629882494514486e-03
1.013352692380790732e+00 2.301825092651328848e-03
1.005943901739272839e+00 1.683184637668595773e-03
9.903656061581782577e-01 1.774429435103109468e-03
1.002911344584680009e+00 2.277253884909061308e-03
9.887049024155110111e-01 1.953982890429756345e-03
1.002523836430464721e+00 1.965576405315278864e-03
9.969368950037824639e-01 3.561777109611185058e-03
1.011897769986504159e+00 3.539971352635808838e-03
1.023095341527131108e+00 4.386142467905574521e-03
