9.794622447437485446e-01 0.000000000000000000e+00
1.004666207837332736e+00 0.000000000000000000e+00
1.043665513439605563e+00 0.000000000000000000e+00
1.015868547001274935e+00 0.000000000000000000e+00
1.011400599421577784e+00 0.000000000000000000e+00
9.844957480498208735e-01 0.000000000000000000e+00
9.951373221674413294e-01 0.000000000000000000e+00
9.802516960597534856e-01 0.000000000000000000e+00
9.989098050948638230e-01 0.000000000000000000e+00
9.953291224138072213e-01 0.000000000000000000e+00
1.010531241890727294e+00 0.000000000000000000e+00
1.016229105783068132e+00 0.000000000000000000e+00
