1.003901873316449311e+00 0.000000000000000000e+00
9.613331556719914017e-01 0.000000000000000000e+00
1.035442305986372435e+00 0.000000000000000000e+00
1.034522891104009856e+00 0.000000000000000000e+00
1.005400123497761644e+00 0.000000000000000000e+00
9.997057636901265365e-01 0.000000000000000000e+00
1.011042026359284529e+00 0.000000000000000000e+00
9.803240416487633002e-01 0.000000000000000000e+00
9.912403385118158106e-01 0.000000000000000000e+00
9.956844926809511609e-01 0.000000000000000000e+00
9.942895889847852553e-01 0.000000000000000000e+00
9.967184803347904909e-01 0.000000000000000000e+00
