1.006703872729555638e+00 0.000000000000000000e+00
1.024914789389531178e+00 0.000000000000000000e+00
1.005645983471258331e+00 0.000000000000000000e+00
9.677380594959479332e-01 0.000000000000000000e+00
9.831470530817665310e-01 0.000000000000000000e+00
1.034656660789309512e+00 0.000000000000000000e+00
1.006562454765125736e+00 0.000000000000000000e+00
9.870431697953014893e-01 0.000000000000000000e+00
9.945811918460962797e-01 0.000000000000000000e+00
1.012974323479848948e+00 0.000000000000000000e+00
1.017264966798163250e+00 0.000000000000000000e+00
1.023663926296069837e+00 0.000000000000000000e+00
