# obj_no spec_z phot_z age_old age_new f_old_V EBV norm chi
1.000000000000000000e+00 2.225999999999999979e+00 1.000000000000000021e-02 5.088000000000000000e+08 5.000000000000000000e+07 9.798916064409035620e-02 8.000000000000000444e-01 3.791821446950542689e-16 4.694239450328026919e+01
2.000000000000000000e+00 7.850000000000000311e-01 1.000000000000000021e-02 5.088000000000000000e+08 5.000000000000000000e+07 3.790426555198066483e-01 8.750000000000000000e-01 4.571297085577140185e-16 1.108592848900319083e+01
3.000000000000000000e+00 1.606000000000000094e+00 1.000000000000000021e-02 5.088000000000000000e+08 5.000000000000000000e+07 2.514224249708160164e-01 8.750000000000000000e-01 2.928811118049336064e-16 5.178817214637971489e+01
4.000000000000000000e+00 1.328999999999999959e+00 1.000000000000000021e-02 5.088000000000000000e+08 5.000000000000000000e+07 2.514224249708160164e-01 1.400000000000000133e+00 6.355379777124424488e-16 6.965579439741206613e+01
5.000000000000000000e+00 8.719999999999999973e-01 1.000000000000000021e-02 5.088000000000000000e+08 5.000000000000000000e+07 3.181690290810633703e-01 1.450000000000000178e+00 1.356076980883613641e-15 2.230981370375264561e+01
6.000000000000000000e+00 8.169999999999999485e-01 1.000000000000000021e-02 8.064000000000000000e+08 5.000000000000000000e+07 5.313699076773616969e-01 1.500000000000000000e+00 5.363755873585850042e-16 5.394072030730449541e+01
7.000000000000000000e+00 1.030999999999999917e+00 1.000000000000000021e-02 5.088000000000000000e+08 5.000000000000000000e+07 1.782362288973291520e-01 7.750000000000000222e-01 5.118923538178519889e-16 1.980164389587401175e+01
8.000000000000000000e+00 1.409999999999999920e+00 1.000000000000000021e-02 5.088000000000000000e+08 5.000000000000000000e+07 1.782362288973291520e-01 4.250000000000000444e-01 1.783540992674435295e-16 2.993333471989474859e+01
9.000000000000000000e+00 3.579999999999999849e-01 1.000000000000000021e-02 8.064000000000000000e+08 5.000000000000000000e+07 9.268236228897329676e-01 6.500000000000000222e-01 1.012834027147259118e-16 3.653964192137233447e+00
1.000000000000000000e+01 3.880000000000000115e-01 1.000000000000000021e-02 8.064000000000000000e+08 5.000000000000000000e+07 7.345771296661833816e-01 2.250000000000000056e-01 5.611337915190657046e-17 1.255578755937495927e+01
1.100000000000000000e+01 1.030000000000000027e+00 1.000000000000000021e-02 1.434000000000000000e+09 5.000000000000000000e+07 9.798004827959798657e-01 3.000000000000000444e-01 8.942228523530054515e-18 8.364135724761167623e+00
1.200000000000000000e+01 1.203999999999999959e+00 1.000000000000000021e-02 5.088000000000000000e+08 5.000000000000000000e+07 9.798916064409035620e-02 3.500000000000000333e-01 1.848822816111714281e-16 3.265671572159226344e+01
1.300000000000000000e+01 1.990000000000000102e-01 1.000000000000000021e-02 2.000000000000000000e+09 5.000000000000000000e+07 9.798916064409035620e-02 8.250000000000000666e-01 1.145753560468393144e-15 1.181334409990372158e+01
1.400000000000000000e+01 5.430000000000000382e-01 1.000000000000000021e-02 5.088000000000000000e+08 5.000000000000000000e+07 5.313699076773616969e-01 2.500000000000000000e-01 1.216385644189210907e-16 1.620014133530994371e+01
1.500000000000000000e+01 4.299999999999999933e-01 1.000000000000000021e-02 5.088000000000000000e+08 5.000000000000000000e+07 5.313699076773616969e-01 2.500000000000000000e-01 4.698242219091998213e-16 5.024205317824648631e+00
1.600000000000000000e+01 1.655000000000000027e+00 1.000000000000000021e-02 5.088000000000000000e+08 5.000000000000000000e+07 9.798916064409035620e-02 4.250000000000000444e-01 2.293305705027787398e-16 6.025592240618176731e+01
1.700000000000000000e+01 3.438000000000000167e+00 1.000000000000000021e-02 2.000000000000000000e+09 5.000000000000000000e+07 1.000000000000000888e-02 1.275000000000000133e+00 4.329318371344819708e-16 6.752992278101822876e+01
1.800000000000000000e+01 8.129999999999999449e-01 1.000000000000000021e-02 5.088000000000000000e+08 5.000000000000000000e+07 3.181690290810633703e-01 3.000000000000000444e-01 1.209273531506611109e-16 1.682813776684312757e+01
1.900000000000000000e+01 1.191999999999999948e+00 1.000000000000000021e-02 5.088000000000000000e+08 5.000000000000000000e+07 1.782362288973291520e-01 3.750000000000000000e-01 2.305060090084217126e-16 3.614119071783334647e+01
2.000000000000000000e+01 2.580999999999999961e+00 1.000000000000000021e-02 2.500000000000000000e+09 5.000000000000000000e+07 1.000000000000000888e-02 9.000000000000000222e-01 3.965981535831341387e-16 4.830192581187017709e+01
2.100000000000000000e+01 8.309999999999999609e-01 1.000000000000000021e-02 5.088000000000000000e+08 5.000000000000000000e+07 2.514224249708160164e-01 1.225000000000000089e+00 1.409399297526201141e-15 1.532293895603842948e+01
2.200000000000000000e+01 1.629000000000000004e+00 1.000000000000000021e-02 5.088000000000000000e+08 5.000000000000000000e+07 9.798916064409035620e-02 9.500000000000000666e-01 3.665675581514136313e-16 2.778609594864804322e+01
2.300000000000000000e+01 1.060999999999999943e+00 1.000000000000000021e-02 5.088000000000000000e+08 5.000000000000000000e+07 1.782362288973291520e-01 1.100000000000000089e+00 1.043192020372451928e-15 2.532019272933798604e+01
2.400000000000000000e+01 4.259999999999999898e-01 1.000000000000000021e-02 8.064000000000000000e+08 5.000000000000000000e+07 7.080048279597983552e-01 1.500000000000000222e-01 6.493534250075094777e-17 4.814377084674912766e+00
2.500000000000000000e+01 6.959999999999999520e-01 1.000000000000000021e-02 2.500000000000000000e+09 5.000000000000000000e+07 9.003521803856815442e-01 3.250000000000000111e-01 1.268628057605047871e-17 1.713086795750569991e+01
2.600000000000000000e+01 1.028999999999999915e+00 1.000000000000000021e-02 5.088000000000000000e+08 5.000000000000000000e+07 3.181690290810633703e-01 5.250000000000000222e-01 2.518655680280808920e-16 2.765561550566591720e+01
2.700000000000000000e+01 1.028000000000000025e+00 1.000000000000000021e-02 5.088000000000000000e+08 5.000000000000000000e+07 2.514224249708160164e-01 5.250000000000000222e-01 1.269683263496739814e-16 1.836948190266208414e+01
2.800000000000000000e+01 4.510000000000000120e-01 1.000000000000000021e-02 8.064000000000000000e+08 5.000000000000000000e+07 6.788688785174088469e-01 2.000000000000000111e-01 1.171734585798714294e-16 6.028725344509734185e+00
2.900000000000000000e+01 4.309999999999999942e-01 1.000000000000000021e-02 8.064000000000000000e+08 5.000000000000000000e+07 7.345771296661833816e-01 2.750000000000000222e-01 3.087171414400890141e-17 7.174931421562222411e+00
3.000000000000000000e+01 1.245000000000000107e+00 1.000000000000000021e-02 5.088000000000000000e+08 5.000000000000000000e+07 2.514224249708160164e-01 5.000000000000000000e-01 1.766933415698831045e-16 2.893915042885464572e+01
3.100000000000000000e+01 1.824000000000000066e+00 1.000000000000000021e-02 5.088000000000000000e+08 5.000000000000000000e+07 9.798916064409035620e-02 5.750000000000000666e-01 6.653700179488069299e-16 1.804101121412464792e+01
3.200000000000000000e+01 2.736000000000000210e+00 1.000000000000000021e-02 2.500000000000000000e+09 5.000000000000000000e+07 1.000000000000000888e-02 1.074999999999999956e+00 8.995002190524893873e-16 4.401513657105476085e+01
3.300000000000000000e+01 6.460000000000000187e-01 1.000000000000000021e-02 5.088000000000000000e+08 5.000000000000000000e+07 4.345600626628430829e-01 1.325000000000000178e+00 1.453564056589269705e-15 9.529989423826467743e+00
3.400000000000000000e+01 1.082000000000000073e+00 1.000000000000000021e-02 5.088000000000000000e+08 5.000000000000000000e+07 2.514224249708160164e-01 4.250000000000000444e-01 2.639615901480198520e-16 3.053878836232635052e+01
3.500000000000000000e+01 9.180000000000000382e-01 1.000000000000000021e-02 5.088000000000000000e+08 5.000000000000000000e+07 3.790426555198066483e-01 1.125000000000000000e+00 3.531626888559702618e-16 2.391715411328483754e+01
3.600000000000000000e+01 5.040000000000000036e-01 1.000000000000000021e-02 5.088000000000000000e+08 5.000000000000000000e+07 4.345600626628430829e-01 7.500000000000001110e-02 1.487911669302413997e-16 2.299556348695235286e+01
3.700000000000000000e+01 2.725999999999999979e+00 1.000000000000000021e-02 3.000000000000000000e+09 5.000000000000000000e+07 1.000000000000000888e-02 8.750000000000000000e-01 6.958181749547580062e-16 2.652625768562154107e+01
3.800000000000000000e+01 6.909999999999999476e-01 1.000000000000000021e-02 5.088000000000000000e+08 5.000000000000000000e+07 5.313699076773616969e-01 5.000000000000000000e-01 5.326689801052903344e-17 1.011469121173628238e+01
3.900000000000000000e+01 1.060000000000000053e+00 1.000000000000000021e-02 8.064000000000000000e+08 5.000000000000000000e+07 3.181690290810633703e-01 8.750000000000000000e-01 6.360208191446289294e-16 1.951602852041941460e+01
4.000000000000000000e+01 6.949999999999999512e-01 1.000000000000000021e-02 8.064000000000000000e+08 5.000000000000000000e+07 9.663484167759833765e-01 3.250000000000000111e-01 4.921466042143554957e-18 4.490185332324214684e+00
4.100000000000000000e+01 1.092999999999999972e+00 1.000000000000000021e-02 5.088000000000000000e+08 5.000000000000000000e+07 2.514224249708160164e-01 0.000000000000000000e+00 1.042654532652977991e-16 5.636503471182842162e+01
4.200000000000000000e+01 1.808000000000000052e+00 1.000000000000000021e-02 5.088000000000000000e+08 5.000000000000000000e+07 9.798916064409035620e-02 5.750000000000000666e-01 2.062495072476925411e-16 2.462749473533956746e+01
4.300000000000000000e+01 2.555000000000000160e+00 1.000000000000000021e-02 5.088000000000000000e+08 5.000000000000000000e+07 9.798916064409035620e-02 8.500000000000000888e-01 3.597550522396201443e-16 6.967572214177452850e+01
4.400000000000000000e+01 1.411000000000000032e+00 1.000000000000000021e-02 5.088000000000000000e+08 5.000000000000000000e+07 9.798916064409035620e-02 6.250000000000000000e-01 4.387213334002451702e-16 5.767389576024758213e+01
4.500000000000000000e+01 1.060000000000000053e+00 1.000000000000000021e-02 5.088000000000000000e+08 5.000000000000000000e+07 2.514224249708160164e-01 9.250000000000000444e-01 4.943552145754777423e-16 2.130267585536805441e+01
4.600000000000000000e+01 1.286000000000000032e+00 1.000000000000000021e-02 5.088000000000000000e+08 5.000000000000000000e+07 2.514224249708160164e-01 7.000000000000000666e-01 2.989848554360220516e-16 2.067424924825902721e+01
4.700000000000000000e+01 8.509999999999999787e-01 1.000000000000000021e-02 5.088000000000000000e+08 5.000000000000000000e+07 1.782362288973291520e-01 1.500000000000000000e+00 3.035150235710389739e-15 1.420520238075552300e+01
4.800000000000000000e+01 1.336000000000000076e+00 1.000000000000000021e-02 5.088000000000000000e+08 5.000000000000000000e+07 9.798916064409035620e-02 5.000000000000000000e-01 3.681988935240376957e-16 3.732134424172662079e+01
4.900000000000000000e+01 9.839999999999999858e-01 1.000000000000000021e-02 5.088000000000000000e+08 5.000000000000000000e+07 3.181690290810633703e-01 1.375000000000000000e+00 8.652073476239050965e-16 1.871191975194258816e+01
5.000000000000000000e+01 1.568000000000000060e+00 1.000000000000000021e-02 5.088000000000000000e+08 5.000000000000000000e+07 1.782362288973291520e-01 8.750000000000000000e-01 3.919054495721456814e-16 4.393508203633123799e+01
5.100000000000000000e+01 5.280000000000000249e-01 1.000000000000000021e-02 4.000000000000000000e+09 5.000000000000000000e+07 1.782362288973291520e-01 1.500000000000000000e+00 4.665095439983586021e-16 1.239055336521760609e+02
5.200000000000000000e+01 1.407000000000000028e+00 1.000000000000000021e-02 5.088000000000000000e+08 5.000000000000000000e+07 1.782362288973291520e-01 5.000000000000000000e-01 4.700097081053478700e-16 4.395495374476938366e+01
5.300000000000000000e+01 6.470000000000000195e-01 1.000000000000000021e-02 1.139100030000000000e+09 5.000000000000000000e+07 9.941510680753888884e-01 5.250000000000000222e-01 5.981330768385081239e-18 4.151916298639260816e+00
5.400000000000000000e+01 2.293000000000000149e+00 1.000000000000000021e-02 3.000000000000000000e+09 5.000000000000000000e+07 1.000000000000000888e-02 8.000000000000000444e-01 5.079521888152943137e-16 7.149999315125518251e+01
5.500000000000000000e+01 1.776000000000000023e+00 1.000000000000000021e-02 5.088000000000000000e+08 5.000000000000000000e+07 9.798916064409035620e-02 5.500000000000000444e-01 2.239384297372440235e-16 3.875275250107274871e+01
5.600000000000000000e+01 2.600000000000000089e+00 1.000000000000000021e-02 2.500000000000000000e+09 5.000000000000000000e+07 1.000000000000000888e-02 1.150000000000000133e+00 3.870847660661644960e-16 4.519741998031422270e+01
5.700000000000000000e+01 5.340000000000000302e-01 1.000000000000000021e-02 8.064000000000000000e+08 5.000000000000000000e+07 5.313699076773616969e-01 1.475000000000000089e+00 5.334937186899655535e-16 1.880274974267782540e+01
5.800000000000000000e+01 3.830000000000000071e-01 1.000000000000000021e-02 8.064000000000000000e+08 5.000000000000000000e+07 7.080048279597983552e-01 0.000000000000000000e+00 3.135013291333357018e-17 9.041835718477809536e+00
5.900000000000000000e+01 2.889999999999999791e-01 1.000000000000000021e-02 5.088000000000000000e+08 5.000000000000000000e+07 4.851925397502274695e-01 0.000000000000000000e+00 8.623425893116291307e-17 3.336323399500329856e+01
6.000000000000000000e+01 3.840000000000000080e-01 1.000000000000000021e-02 8.064000000000000000e+08 5.000000000000000000e+07 8.194539282036752414e-01 2.000000000000000111e-01 4.139127318603247155e-17 1.184586448069802067e+01
6.100000000000000000e+01 6.460000000000000187e-01 1.000000000000000021e-02 5.088000000000000000e+08 5.000000000000000000e+07 3.790426555198066483e-01 1.125000000000000000e+00 7.085823833218558345e-16 8.047579850847920824e+00
6.200000000000000000e+01 1.377000000000000002e+00 1.000000000000000021e-02 5.088000000000000000e+08 5.000000000000000000e+07 1.782362288973291520e-01 4.250000000000000444e-01 4.312428774174453187e-16 4.225158806260481015e+01
6.300000000000000000e+01 1.618000000000000105e+00 1.000000000000000021e-02 5.088000000000000000e+08 5.000000000000000000e+07 9.798916064409035620e-02 3.750000000000000000e-01 4.437690479907034661e-16 2.712180604632901293e+01
6.400000000000000000e+01 1.036999999999999922e+00 1.000000000000000021e-02 1.700000000000000000e+09 5.000000000000000000e+07 9.798004827959798657e-01 5.500000000000000444e-01 1.165897253023533721e-17 7.165640417315859878e+00
6.500000000000000000e+01 7.830000000000000293e-01 1.000000000000000021e-02 5.088000000000000000e+08 5.000000000000000000e+07 2.514224249708160164e-01 9.500000000000000666e-01 3.851389325282521930e-16 7.495278426099437397e+00
6.600000000000000000e+01 1.348999999999999977e+00 1.000000000000000021e-02 5.088000000000000000e+08 5.000000000000000000e+07 3.181690290810633703e-01 4.000000000000000222e-01 9.288535892947612506e-17 3.648718438040524603e+01
6.700000000000000000e+01 1.187000000000000055e+00 1.000000000000000021e-02 8.064000000000000000e+08 5.000000000000000000e+07 4.345600626628430829e-01 1.425000000000000044e+00 2.293358349495816372e-16 3.660780798627237687e+01
6.800000000000000000e+01 1.809999999999999942e-01 1.000000000000000021e-02 1.434000000000000000e+09 5.000000000000000000e+07 8.010703869145960887e-01 0.000000000000000000e+00 8.054274647202876895e-17 4.938507428219656603e+00
6.900000000000000000e+01 6.470000000000000195e-01 1.000000000000000021e-02 5.088000000000000000e+08 5.000000000000000000e+07 5.734841677598339071e-01 3.750000000000000000e-01 1.943970808956063302e-16 5.028947454375344961e+00
7.000000000000000000e+01 1.401000000000000023e+00 1.000000000000000021e-02 5.088000000000000000e+08 5.000000000000000000e+07 9.798916064409035620e-02 5.000000000000000000e-01 3.252039295074831458e-16 4.313012729207031271e+01
7.100000000000000000e+01 7.109999999999999654e-01 1.000000000000000021e-02 8.064000000000000000e+08 5.000000000000000000e+07 9.003521803856815442e-01 9.500000000000000666e-01 3.780532415018194095e-17 8.191774969768413683e+00
7.200000000000000000e+01 1.187999999999999945e+00 1.000000000000000021e-02 1.434000000000000000e+09 5.000000000000000000e+07 4.345600626628430829e-01 9.500000000000000666e-01 2.615414640902187860e-16 5.445410221647112792e+01
7.300000000000000000e+01 3.860000000000000098e-01 1.000000000000000021e-02 5.088000000000000000e+08 5.000000000000000000e+07 7.345771296661833816e-01 0.000000000000000000e+00 2.535422479754258844e-17 1.360880518239115311e+01
7.400000000000000000e+01 1.407999999999999918e+00 1.000000000000000021e-02 8.064000000000000000e+08 5.000000000000000000e+07 9.798916064409035620e-02 1.000000000000000000e+00 5.408443682659866319e-16 1.175761361262611082e+01
7.500000000000000000e+01 9.549999999999999600e-01 1.000000000000000021e-02 1.139100030000000000e+09 5.000000000000000000e+07 9.979773556538258372e-01 2.500000000000000000e-01 4.317993308630576256e-19 5.080135668061743992e+00
7.600000000000000000e+01 9.819999999999999840e-01 1.000000000000000021e-02 5.088000000000000000e+08 5.000000000000000000e+07 5.313699076773616969e-01 1.750000000000000167e-01 5.805809939497246449e-17 1.378881078619416201e+01
7.700000000000000000e+01 7.750000000000000222e-01 1.000000000000000021e-02 5.088000000000000000e+08 5.000000000000000000e+07 2.514224249708160164e-01 0.000000000000000000e+00 1.033387245135448323e-16 5.069284603015272239e+01
7.800000000000000000e+01 6.610000000000000320e-01 1.000000000000000021e-02 3.000000000000000000e+09 5.000000000000000000e+07 6.469219452298986539e-01 5.750000000000000666e-01 1.221165483290400866e-16 8.162937226965079063e+00
7.900000000000000000e+01 1.292000000000000037e+00 1.000000000000000021e-02 5.088000000000000000e+08 5.000000000000000000e+07 4.851925397502274695e-01 2.500000000000000139e-02 5.860870873304947760e-17 3.569731061990180621e+01
8.000000000000000000e+01 1.118999999999999995e+00 1.000000000000000021e-02 5.088000000000000000e+08 5.000000000000000000e+07 3.181690290810633703e-01 6.500000000000000222e-01 1.801774440017149322e-16 3.484015940198215588e+01
8.100000000000000000e+01 9.060000000000000275e-01 1.000000000000000021e-02 5.088000000000000000e+08 5.000000000000000000e+07 3.790426555198066483e-01 7.500000000000001110e-02 7.900147762368137910e-17 2.691692910696596996e+01
8.200000000000000000e+01 2.500000000000000000e+00 1.000000000000000021e-02 2.500000000000000000e+09 5.000000000000000000e+07 1.000000000000000888e-02 1.150000000000000133e+00 3.847459622404288467e-16 7.602526508205903610e+01
8.300000000000000000e+01 8.499999999999999778e-01 1.000000000000000021e-02 5.088000000000000000e+08 5.000000000000000000e+07 4.851925397502274695e-01 7.500000000000001110e-02 1.056814864072051031e-16 2.944892338609769311e+01
8.400000000000000000e+01 2.349000000000000199e+00 1.000000000000000021e-02 3.000000000000000000e+09 5.000000000000000000e+07 1.000000000000000888e-02 1.074999999999999956e+00 5.853421763133419457e-16 7.567760600957993233e+01
8.500000000000000000e+01 1.762999999999999901e+00 1.000000000000000021e-02 5.088000000000000000e+08 5.000000000000000000e+07 9.798916064409035620e-02 6.250000000000000000e-01 4.694081073911058525e-16 4.607505291538802084e+01
8.600000000000000000e+01 5.709999999999999520e-01 1.000000000000000021e-02 8.064000000000000000e+08 5.000000000000000000e+07 6.118928294465026951e-01 2.500000000000000139e-02 7.596042310216318280e-17 8.190781209860665157e+00
8.700000000000000000e+01 7.009999999999999565e-01 1.000000000000000021e-02 1.139100030000000000e+09 5.000000000000000000e+07 9.408169029081063783e-01 3.500000000000000333e-01 2.766616094008730592e-17 1.327932533953008587e+01
8.800000000000000000e+01 5.470000000000000417e-01 1.000000000000000021e-02 5.088000000000000000e+08 5.000000000000000000e+07 4.345600626628430829e-01 9.250000000000000444e-01 4.011856304722870945e-16 9.492519544231456052e+00
8.900000000000000000e+01 1.112000000000000099e+00 1.000000000000000021e-02 5.088000000000000000e+08 5.000000000000000000e+07 3.181690290810633703e-01 1.250000000000000000e-01 1.183573289120325251e-16 3.084486942237717955e+01
9.000000000000000000e+01 9.549999999999999600e-01 1.000000000000000021e-02 5.088000000000000000e+08 5.000000000000000000e+07 3.790426555198066483e-01 1.000000000000000056e-01 6.343969337752228404e-17 1.161973095803455536e+01
9.100000000000000000e+01 2.253000000000000114e+00 1.000000000000000021e-02 8.064000000000000000e+08 5.000000000000000000e+07 9.798916064409035620e-02 6.500000000000000222e-01 1.646466223758005951e-16 9.064102346446640013e+01
9.200000000000000000e+01 1.290000000000000036e+00 1.000000000000000021e-02 8.064000000000000000e+08 5.000000000000000000e+07 3.790426555198066483e-01 6.500000000000000222e-01 1.084460381564201849e-16 1.684358077698415457e+01
9.300000000000000000e+01 9.809999999999999831e-01 1.000000000000000021e-02 5.088000000000000000e+08 5.000000000000000000e+07 2.514224249708160164e-01 1.150000000000000133e+00 1.770253378919369723e-15 3.439916348605123630e+01
9.400000000000000000e+01 1.112000000000000099e+00 1.000000000000000021e-02 5.088000000000000000e+08 5.000000000000000000e+07 1.782362288973291520e-01 4.250000000000000444e-01 1.893425668472733560e-16 2.923510474725101460e+01
9.500000000000000000e+01 1.592000000000000082e+00 1.000000000000000021e-02 5.088000000000000000e+08 5.000000000000000000e+07 9.798916064409035620e-02 5.750000000000000666e-01 2.506154543097826482e-16 2.006407335997975849e+01
9.600000000000000000e+01 1.016999999999999904e+00 1.000000000000000021e-02 5.088000000000000000e+08 5.000000000000000000e+07 4.345600626628430829e-01 3.750000000000000000e-01 1.471644007562800679e-16 4.611993823525268965e+01
9.700000000000000000e+01 9.429999999999999494e-01 1.000000000000000021e-02 5.088000000000000000e+08 5.000000000000000000e+07 3.181690290810633703e-01 6.000000000000000888e-01 1.707879097061095168e-16 1.418351238922035229e+01
9.800000000000000000e+01 9.190000000000000391e-01 1.000000000000000021e-02 1.139100030000000000e+09 5.000000000000000000e+07 9.621369907677361777e-01 5.250000000000000222e-01 1.157381957838016540e-17 3.721443396699001926e+00
9.900000000000000000e+01 4.919999999999999929e-01 1.000000000000000021e-02 1.139100030000000000e+09 5.000000000000000000e+07 9.848811356849042076e-01 7.500000000000000000e-01 2.992651223599413284e-17 3.106764546222657408e+00
1.000000000000000000e+02 1.048000000000000043e+00 1.000000000000000021e-02 8.064000000000000000e+08 5.000000000000000000e+07 1.782362288973291520e-01 1.025000000000000133e+00 1.313722417335930278e-15 6.376914557756293078e+01
1.010000000000000000e+02 6.270000000000000018e-01 1.000000000000000021e-02 5.088000000000000000e+08 5.000000000000000000e+07 6.118928294465026951e-01 3.000000000000000444e-01 8.901385141543602647e-17 4.989813863190840415e+00
1.020000000000000000e+02 4.259999999999999898e-01 1.000000000000000021e-02 5.088000000000000000e+08 5.000000000000000000e+07 5.734841677598339071e-01 1.000000000000000000e+00 9.987685300134072087e-16 3.826269444407441878e+00
1.030000000000000000e+02 1.129000000000000004e+00 1.000000000000000021e-02 5.088000000000000000e+08 5.000000000000000000e+07 1.782362288973291520e-01 6.500000000000000222e-01 3.250558979640162671e-16 2.339766027668931869e+01
1.040000000000000000e+02 1.278000000000000025e+00 1.000000000000000021e-02 5.088000000000000000e+08 5.000000000000000000e+07 1.782362288973291520e-01 5.250000000000000222e-01 2.480724184663303164e-16 2.792016608769325003e+01
1.050000000000000000e+02 1.534000000000000030e+00 1.000000000000000021e-02 5.088000000000000000e+08 5.000000000000000000e+07 1.782362288973291520e-01 5.750000000000000666e-01 2.797276404785561006e-16 3.148802061789349338e+01
1.060000000000000000e+02 9.070000000000000284e-01 1.000000000000000021e-02 5.088000000000000000e+08 5.000000000000000000e+07 4.345600626628430829e-01 3.500000000000000333e-01 7.588189367904549088e-17 1.189374166970651281e+01
1.070000000000000000e+02 1.380000000000000115e-01 1.000000000000000021e-02 8.064000000000000000e+08 5.000000000000000000e+07 9.003521803856815442e-01 7.500000000000001110e-02 2.143281284781027663e-17 1.655604976537278361e+01
1.080000000000000000e+02 1.425999999999999934e+00 1.000000000000000021e-02 5.088000000000000000e+08 5.000000000000000000e+07 3.790426555198066483e-01 5.500000000000000444e-01 5.197394169087513987e-17 3.822058601091622876e+01
1.090000000000000000e+02 3.810000000000000053e-01 1.000000000000000021e-02 8.064000000000000000e+08 5.000000000000000000e+07 6.788688785174088469e-01 1.250000000000000000e-01 3.434759962805856713e-17 1.548936691892669870e+01
1.100000000000000000e+02 3.069999999999999840e+00 1.000000000000000021e-02 2.000000000000000000e+09 5.000000000000000000e+07 1.000000000000000888e-02 1.150000000000000133e+00 3.740489760285357523e-16 4.954452032812847051e+01
1.110000000000000000e+02 1.004000000000000004e+00 1.000000000000000021e-02 1.434000000000000000e+09 5.000000000000000000e+07 8.515106807538886935e-01 6.000000000000000888e-01 4.811117100835186194e-17 7.982041559420771648e+00
1.120000000000000000e+02 9.190000000000000391e-01 1.000000000000000021e-02 5.088000000000000000e+08 5.000000000000000000e+07 3.790426555198066483e-01 1.000000000000000056e-01 1.109732280705417810e-16 1.854969167013982556e+01
1.130000000000000000e+02 1.657000000000000028e+00 1.000000000000000021e-02 5.088000000000000000e+08 5.000000000000000000e+07 9.798916064409035620e-02 5.250000000000000222e-01 2.848631423998393015e-16 3.700101170054258404e+01
1.140000000000000000e+02 2.179999999999999993e-01 1.000000000000000021e-02 5.088000000000000000e+08 5.000000000000000000e+07 7.080048279597983552e-01 1.000000000000000056e-01 6.497952503370510229e-17 1.276217814553743324e+01
1.150000000000000000e+02 8.920000000000000151e-01 1.000000000000000021e-02 5.088000000000000000e+08 5.000000000000000000e+07 3.181690290810633703e-01 6.500000000000000222e-01 1.167219467321795641e-16 1.134791116582702486e+01
1.160000000000000000e+02 6.700000000000000400e-01 1.000000000000000021e-02 1.139100030000000000e+09 5.000000000000000000e+07 6.788688785174088469e-01 1.500000000000000000e+00 5.812105679725448676e-16 4.926390417489282925e+01
1.170000000000000000e+02 6.470000000000000195e-01 1.000000000000000021e-02 5.088000000000000000e+08 5.000000000000000000e+07 3.181690290810633703e-01 1.400000000000000133e+00 2.321904000487664534e-15 1.245804072368421167e+01
1.180000000000000000e+02 9.409999999999999476e-01 1.000000000000000021e-02 5.088000000000000000e+08 5.000000000000000000e+07 2.514224249708160164e-01 5.750000000000000666e-01 3.283280252598442870e-16 2.181884320744047301e+01
1.190000000000000000e+02 3.370000000000000218e-01 1.000000000000000021e-02 8.064000000000000000e+08 5.000000000000000000e+07 6.469219452298986539e-01 2.500000000000000139e-02 7.813256326969787799e-17 6.299880897797155654e+00
1.200000000000000000e+02 3.499999999999999778e-01 1.000000000000000021e-02 8.064000000000000000e+08 5.000000000000000000e+07 6.469219452298986539e-01 6.500000000000000222e-01 2.185771844772162899e-16 4.017336173533112564e+00
1.210000000000000000e+02 1.342999999999999972e+00 1.000000000000000021e-02 5.088000000000000000e+08 5.000000000000000000e+07 2.514224249708160164e-01 3.500000000000000333e-01 1.925754254319322106e-16 2.372554283238056172e+01
1.220000000000000000e+02 3.225000000000000089e+00 1.000000000000000021e-02 2.000000000000000000e+09 5.000000000000000000e+07 1.000000000000000888e-02 1.074999999999999956e+00 3.201585358106754014e-16 7.707641750864800656e+01
1.230000000000000000e+02 1.264000000000000012e+00 1.000000000000000021e-02 5.088000000000000000e+08 5.000000000000000000e+07 2.514224249708160164e-01 6.750000000000000444e-01 2.010060660812915983e-16 2.129741500497852158e+01
1.240000000000000000e+02 1.167000000000000037e+00 1.000000000000000021e-02 5.088000000000000000e+08 5.000000000000000000e+07 9.798916064409035620e-02 5.750000000000000666e-01 2.526896850581773356e-16 3.764203795133975916e+01
1.250000000000000000e+02 1.814000000000000057e+00 1.000000000000000021e-02 8.064000000000000000e+08 5.000000000000000000e+07 3.790426555198066483e-01 1.400000000000000133e+00 1.302960782859885477e-16 7.399975347099044143e+00
1.260000000000000000e+02 3.810000000000000053e-01 1.000000000000000021e-02 8.064000000000000000e+08 5.000000000000000000e+07 5.313699076773616969e-01 3.500000000000000333e-01 2.919432774884991657e-16 7.733038017144482801e+00
1.270000000000000000e+02 1.019999999999999934e-01 1.000000000000000021e-02 8.064000000000000000e+08 5.000000000000000000e+07 8.194539282036752414e-01 0.000000000000000000e+00 5.033883045813622444e-17 1.235031175715617024e+01
1.280000000000000000e+02 6.690000000000000391e-01 1.000000000000000021e-02 5.088000000000000000e+08 5.000000000000000000e+07 4.851925397502274695e-01 5.000000000000000000e-01 1.866743653275609690e-16 9.324076522920581311e+00
1.290000000000000000e+02 1.487999999999999989e+00 1.000000000000000021e-02 5.088000000000000000e+08 5.000000000000000000e+07 9.798916064409035620e-02 4.500000000000000111e-01 1.604064629355127984e-16 2.933679172036416389e+02
1.300000000000000000e+02 1.485000000000000098e+00 1.000000000000000021e-02 5.088000000000000000e+08 5.000000000000000000e+07 9.798916064409035620e-02 3.250000000000000111e-01 9.904116147898737928e-17 1.925656269244574617e+02
1.310000000000000000e+02 1.199000000000000066e+00 1.000000000000000021e-02 5.088000000000000000e+08 5.000000000000000000e+07 1.782362288973291520e-01 8.000000000000000444e-01 1.279045176273361700e-16 3.819923666458239353e+01
1.320000000000000000e+02 6.740000000000000435e-01 1.000000000000000021e-02 5.088000000000000000e+08 5.000000000000000000e+07 3.181690290810633703e-01 8.000000000000000444e-01 4.204235036589813730e-16 4.492170705486848270e+00
1.330000000000000000e+02 7.770000000000000240e-01 1.000000000000000021e-02 5.088000000000000000e+08 5.000000000000000000e+07 4.851925397502274695e-01 2.000000000000000111e-01 6.335165259145496913e-17 1.107317225529743965e+01
1.340000000000000000e+02 9.639999999999999680e-01 1.000000000000000021e-02 5.088000000000000000e+08 5.000000000000000000e+07 3.790426555198066483e-01 2.750000000000000222e-01 1.485715283661805520e-16 2.788292448993773220e+01
1.350000000000000000e+02 1.431999999999999940e+00 1.000000000000000021e-02 5.088000000000000000e+08 5.000000000000000000e+07 3.181690290810633703e-01 7.500000000000000000e-01 1.086490075310721283e-16 3.075005220781987703e+01
1.360000000000000000e+02 1.991999999999999993e+00 1.000000000000000021e-02 1.139100030000000000e+09 5.000000000000000000e+07 1.000000000000000888e-02 5.750000000000000666e-01 1.393972241237079533e-16 4.821130357921420284e+01
1.370000000000000000e+02 3.360000000000000209e-01 1.000000000000000021e-02 8.064000000000000000e+08 5.000000000000000000e+07 7.080048279597983552e-01 1.250000000000000000e-01 6.521945520575887563e-17 1.844206509148405893e+00
1.380000000000000000e+02 1.110000000000000098e+00 1.000000000000000021e-02 1.434000000000000000e+09 5.000000000000000000e+07 9.891070386914596613e-01 5.250000000000000222e-01 4.680912219526336415e-18 7.542731428523719472e+00
1.390000000000000000e+02 8.199999999999999512e-01 1.000000000000000021e-02 5.088000000000000000e+08 5.000000000000000000e+07 3.790426555198066483e-01 0.000000000000000000e+00 9.159690596336296687e-17 9.886468788231947258e+01
1.400000000000000000e+02 2.081999999999999851e+00 1.000000000000000021e-02 5.088000000000000000e+08 5.000000000000000000e+07 1.000000000000000888e-02 6.250000000000000000e-01 3.402218498076857167e-16 2.295298610822315766e+01
1.410000000000000000e+02 6.460000000000000187e-01 1.000000000000000021e-02 4.000000000000000000e+09 5.000000000000000000e+07 2.514224249708160164e-01 1.375000000000000000e+00 2.745938915691365195e-16 1.369190578354464947e+02
1.420000000000000000e+02 1.653999999999999915e+00 1.000000000000000021e-02 5.088000000000000000e+08 5.000000000000000000e+07 9.798916064409035620e-02 4.250000000000000444e-01 3.704746125123929464e-16 6.574213690924968034e+01
1.430000000000000000e+02 1.659000000000000030e+00 1.000000000000000021e-02 8.064000000000000000e+08 5.000000000000000000e+07 9.798916064409035620e-02 8.250000000000000666e-01 3.133144687305045758e-16 2.351621746144321179e+01
1.440000000000000000e+02 1.389999999999999902e+00 1.000000000000000021e-02 1.434000000000000000e+09 5.000000000000000000e+07 6.118928294465026951e-01 5.250000000000000222e-01 1.624848026035579644e-16 4.286475698495596731e+00
1.450000000000000000e+02 3.790000000000000036e-01 1.000000000000000021e-02 5.088000000000000000e+08 5.000000000000000000e+07 7.588113568490419958e-01 5.000000000000000278e-02 2.420140555988341521e-17 9.740848028636424516e+00
1.460000000000000000e+02 1.122000000000000108e+00 1.000000000000000021e-02 1.434000000000000000e+09 5.000000000000000000e+07 9.469042655519807061e-01 0.000000000000000000e+00 3.275039155546858483e-18 4.624987876733014147e+00
1.470000000000000000e+02 1.203000000000000069e+00 1.000000000000000021e-02 8.064000000000000000e+08 5.000000000000000000e+07 1.782362288973291520e-01 6.000000000000000888e-01 4.739445082835424474e-16 1.766165111880767569e+01
1.480000000000000000e+02 1.754999999999999893e+00 1.000000000000000021e-02 8.064000000000000000e+08 5.000000000000000000e+07 9.798916064409035620e-02 8.750000000000000000e-01 3.096971099882200004e-16 3.101072321174751778e+01
1.490000000000000000e+02 1.028000000000000025e+00 1.000000000000000021e-02 5.088000000000000000e+08 5.000000000000000000e+07 2.514224249708160164e-01 6.500000000000000222e-01 2.037216710871808643e-16 1.597584272915860382e+01
1.500000000000000000e+02 9.509999999999999565e-01 1.000000000000000021e-02 5.088000000000000000e+08 5.000000000000000000e+07 3.790426555198066483e-01 0.000000000000000000e+00 3.125073438879653592e-17 1.702371907413600027e+01
1.510000000000000000e+02 1.290000000000000036e+00 1.000000000000000021e-02 8.064000000000000000e+08 5.000000000000000000e+07 5.313699076773616969e-01 5.500000000000000444e-01 1.077700239833137302e-16 1.738887644146032585e+01
1.520000000000000000e+02 7.079999999999999627e-01 1.000000000000000021e-02 5.088000000000000000e+08 5.000000000000000000e+07 3.790426555198066483e-01 1.375000000000000000e+00 3.560685782939884078e-15 2.240034773233576004e+01
1.530000000000000000e+02 1.338999999999999968e+00 1.000000000000000021e-02 5.088000000000000000e+08 5.000000000000000000e+07 9.798916064409035620e-02 4.250000000000000444e-01 3.909212935203634421e-16 2.982886557076794531e+01
1.540000000000000000e+02 1.040999999999999925e+00 1.000000000000000021e-02 5.088000000000000000e+08 5.000000000000000000e+07 1.782362288973291520e-01 5.750000000000000666e-01 1.512472457412439746e-16 2.298561623969207801e+01
1.550000000000000000e+02 1.264000000000000012e+00 1.000000000000000021e-02 1.139100030000000000e+09 5.000000000000000000e+07 9.621369907677361777e-01 0.000000000000000000e+00 2.149225321013836940e-18 4.392114734749317684e+00
1.560000000000000000e+02 1.131000000000000005e+00 1.000000000000000021e-02 5.088000000000000000e+08 5.000000000000000000e+07 3.181690290810633703e-01 6.000000000000000888e-01 1.693921047423220050e-16 3.423587242878270587e+01
1.570000000000000000e+02 8.659999999999999920e-01 1.000000000000000021e-02 5.088000000000000000e+08 5.000000000000000000e+07 3.790426555198066483e-01 3.750000000000000000e-01 1.473877491063296304e-16 2.223223656391991554e+01
1.580000000000000000e+02 3.194999999999999840e+00 1.000000000000000021e-02 5.088000000000000000e+08 5.000000000000000000e+07 9.798916064409035620e-02 1.150000000000000133e+00 1.808134260416504930e-16 1.348271597662870249e+02
1.590000000000000000e+02 1.139000000000000012e+00 1.000000000000000021e-02 5.088000000000000000e+08 5.000000000000000000e+07 2.514224249708160164e-01 4.250000000000000444e-01 1.709013835971891610e-16 2.904823776119169310e+01
1.600000000000000000e+02 1.060000000000000053e+00 1.000000000000000021e-02 5.088000000000000000e+08 5.000000000000000000e+07 2.514224249708160164e-01 8.000000000000000444e-01 5.889596900993130184e-16 2.919271935161346221e+01
1.610000000000000000e+02 2.318000000000000060e+00 1.000000000000000021e-02 5.088000000000000000e+08 5.000000000000000000e+07 9.798916064409035620e-02 8.000000000000000444e-01 1.631501262058284736e-16 3.054679475948264411e+01
1.620000000000000000e+02 1.098000000000000087e+00 1.000000000000000021e-02 5.088000000000000000e+08 5.000000000000000000e+07 3.790426555198066483e-01 1.500000000000000000e+00 1.562335484883983445e-16 3.717012860500837945e+01
1.630000000000000000e+02 1.937999999999999945e+00 1.000000000000000021e-02 5.088000000000000000e+08 5.000000000000000000e+07 9.798916064409035620e-02 5.000000000000000000e-01 2.161578079954888805e-16 2.027786934584735334e+01
1.640000000000000000e+02 1.370000000000000107e+00 1.000000000000000021e-02 5.088000000000000000e+08 5.000000000000000000e+07 1.000000000000000888e-02 1.225000000000000089e+00 8.455523498527726948e-16 1.430176626839752316e+02
1.650000000000000000e+02 4.969999999999999973e-01 1.000000000000000021e-02 5.088000000000000000e+08 5.000000000000000000e+07 5.734841677598339071e-01 1.375000000000000000e+00 2.801046408159861128e-15 3.320677535245891043e+00
1.660000000000000000e+02 2.158999999999999808e+00 1.000000000000000021e-02 5.088000000000000000e+08 5.000000000000000000e+07 9.798916064409035620e-02 4.000000000000000222e-01 1.389720759855157338e-16 3.436945319334070348e+01
1.670000000000000000e+02 1.991999999999999993e+00 1.000000000000000021e-02 3.000000000000000000e+09 5.000000000000000000e+07 1.000000000000000888e-02 4.250000000000000444e-01 1.031876999628965573e-16 3.411541915694908766e+01
1.680000000000000000e+02 6.470000000000000195e-01 1.000000000000000021e-02 1.139100030000000000e+09 5.000000000000000000e+07 9.990352180385682068e-01 3.250000000000000111e-01 5.485702125000032104e-19 6.446044009657363461e+00
1.690000000000000000e+02 5.350000000000000311e-01 1.000000000000000021e-02 5.088000000000000000e+08 5.000000000000000000e+07 3.790426555198066483e-01 7.250000000000000888e-01 2.887861218595632868e-16 1.496953959082575558e+01
1.700000000000000000e+02 8.679999999999999938e-01 1.000000000000000021e-02 5.088000000000000000e+08 5.000000000000000000e+07 3.181690290810633703e-01 3.250000000000000111e-01 1.026373140590153601e-16 2.506606101549841981e+01
1.710000000000000000e+02 1.435000000000000053e+00 1.000000000000000021e-02 8.064000000000000000e+08 5.000000000000000000e+07 8.897735565382587364e-01 6.750000000000000444e-01 1.341746458251022312e-17 2.103015032651808269e+01
1.720000000000000000e+02 1.280000000000000027e+00 1.000000000000000021e-02 5.088000000000000000e+08 5.000000000000000000e+07 2.514224249708160164e-01 2.750000000000000222e-01 1.221132432588222990e-16 1.446785452296070851e+01
1.730000000000000000e+02 1.122999999999999998e+00 1.000000000000000021e-02 5.088000000000000000e+08 5.000000000000000000e+07 1.782362288973291520e-01 4.750000000000000333e-01 2.519316012627200775e-16 2.882107053783435191e+01
1.740000000000000000e+02 3.360000000000000209e-01 1.000000000000000021e-02 8.064000000000000000e+08 5.000000000000000000e+07 5.734841677598339071e-01 9.750000000000000888e-01 2.669493701431364487e-15 4.740535370468080600e+00
1.750000000000000000e+02 1.820000000000000062e+00 1.000000000000000021e-02 3.000000000000000000e+09 5.000000000000000000e+07 1.000000000000000888e-02 8.000000000000000444e-01 5.158831046330936401e-16 4.731784323834823169e+01
1.760000000000000000e+02 1.455999999999999961e+00 1.000000000000000021e-02 8.064000000000000000e+08 5.000000000000000000e+07 1.782362288973291520e-01 1.025000000000000133e+00 2.299941591711138765e-16 1.362640091420087174e+02
1.770000000000000000e+02 2.549999999999999822e+00 1.000000000000000021e-02 5.088000000000000000e+08 5.000000000000000000e+07 9.798916064409035620e-02 7.750000000000000222e-01 2.185210383044192485e-16 1.355219774094977936e+02
1.780000000000000000e+02 1.504999999999999893e+00 1.000000000000000021e-02 8.064000000000000000e+08 5.000000000000000000e+07 2.514224249708160164e-01 9.000000000000000222e-01 6.673929576047275160e-17 2.816222811288180594e+01
1.790000000000000000e+02 1.000999999999999890e+00 1.000000000000000021e-02 5.088000000000000000e+08 5.000000000000000000e+07 2.514224249708160164e-01 8.750000000000000000e-01 1.873989083988617136e-16 2.242638370320582553e+01
1.800000000000000000e+02 3.420000000000000262e-01 1.000000000000000021e-02 8.064000000000000000e+08 5.000000000000000000e+07 6.118928294465026951e-01 2.000000000000000111e-01 1.243920581390317993e-16 8.070963779919612335e+00
1.810000000000000000e+02 1.479000000000000092e+00 1.000000000000000021e-02 5.088000000000000000e+08 5.000000000000000000e+07 2.514224249708160164e-01 1.050000000000000044e+00 1.638660339316908505e-16 1.833336739181033010e+02
1.820000000000000000e+02 4.640000000000000235e-01 1.000000000000000021e-02 5.088000000000000000e+08 5.000000000000000000e+07 4.851925397502274695e-01 5.250000000000000222e-01 4.901642420143188379e-16 4.034664448405899329e+00
1.830000000000000000e+02 1.463999999999999968e+00 1.000000000000000021e-02 1.434000000000000000e+09 5.000000000000000000e+07 8.194539282036752414e-01 0.000000000000000000e+00 7.593951553637384286e-18 6.864218415611880175e+01
1.840000000000000000e+02 1.106999999999999984e+00 1.000000000000000021e-02 5.088000000000000000e+08 5.000000000000000000e+07 2.514224249708160164e-01 2.250000000000000056e-01 1.154668674794977297e-16 3.322982256646560018e+01
1.850000000000000000e+02 2.087000000000000188e+00 1.000000000000000021e-02 5.088000000000000000e+08 5.000000000000000000e+07 9.798916064409035620e-02 4.750000000000000333e-01 1.565267825190270922e-16 3.892354950854353746e+01
1.860000000000000000e+02 1.618000000000000105e+00 1.000000000000000021e-02 5.088000000000000000e+08 5.000000000000000000e+07 9.798916064409035620e-02 4.250000000000000444e-01 1.076770591809358104e-16 1.981234656347295413e+02
1.870000000000000000e+02 1.980000000000000093e-01 1.000000000000000021e-02 5.088000000000000000e+08 5.000000000000000000e+07 6.788688785174088469e-01 1.500000000000000222e-01 1.179677500677117602e-16 4.222804601733830765e+00
1.880000000000000000e+02 2.221999999999999975e+00 1.000000000000000021e-02 5.088000000000000000e+08 5.000000000000000000e+07 9.798916064409035620e-02 1.000000000000000000e+00 2.134343808535335458e-16 2.957856245777282211e+01
1.890000000000000000e+02 1.046999999999999931e+00 1.000000000000000021e-02 5.088000000000000000e+08 5.000000000000000000e+07 2.514224249708160164e-01 6.750000000000000444e-01 4.214405721029558010e-16 2.149207051733037588e+01
1.900000000000000000e+02 3.800000000000000044e-01 1.000000000000000021e-02 5.088000000000000000e+08 5.000000000000000000e+07 7.809132347232226046e-01 3.500000000000000333e-01 1.941735901732019882e-17 2.452610216104972540e+00
1.910000000000000000e+02 2.214999999999999858e+00 1.000000000000000021e-02 5.088000000000000000e+08 5.000000000000000000e+07 9.798916064409035620e-02 3.750000000000000000e-01 9.157523473179313092e-17 1.704807566839876998e+01
1.920000000000000000e+02 6.290000000000000036e-01 1.000000000000000021e-02 5.088000000000000000e+08 5.000000000000000000e+07 5.734841677598339071e-01 1.250000000000000000e-01 3.248036983725826734e-17 3.418287464262505626e+00
1.930000000000000000e+02 6.500000000000000222e-01 1.000000000000000021e-02 5.088000000000000000e+08 5.000000000000000000e+07 5.313699076773616969e-01 1.125000000000000000e+00 4.715534665486954840e-16 6.542900685913837222e+00
1.940000000000000000e+02 1.491000000000000103e+00 1.000000000000000021e-02 8.064000000000000000e+08 5.000000000000000000e+07 1.782362288973291520e-01 5.750000000000000666e-01 1.111362039611380647e-16 2.884903004596637288e+01
1.950000000000000000e+02 1.415999999999999925e+00 1.000000000000000021e-02 5.088000000000000000e+08 5.000000000000000000e+07 3.181690290810633703e-01 6.500000000000000222e-01 1.104756859267081711e-16 4.970977848980909641e+01
1.960000000000000000e+02 1.276000000000000023e+00 1.000000000000000021e-02 5.088000000000000000e+08 5.000000000000000000e+07 9.798916064409035620e-02 5.000000000000000000e-01 2.184565138955092796e-16 3.531818498968651454e+01
1.970000000000000000e+02 7.780000000000000249e-01 1.000000000000000021e-02 5.088000000000000000e+08 5.000000000000000000e+07 4.345600626628430829e-01 5.000000000000000000e-01 9.765200054153982660e-17 1.123344685451140990e+01
1.980000000000000000e+02 1.032000000000000028e+00 1.000000000000000021e-02 8.064000000000000000e+08 5.000000000000000000e+07 3.181690290810633703e-01 5.750000000000000666e-01 3.001756600245220578e-16 2.379093131050754906e+01
1.990000000000000000e+02 1.181999999999999940e+00 1.000000000000000021e-02 1.434000000000000000e+09 5.000000000000000000e+07 9.768868878517409371e-01 2.000000000000000111e-01 2.010964673598719061e-18 5.489690910804627677e+00
2.000000000000000000e+02 2.790000000000000036e+00 1.000000000000000021e-02 3.000000000000000000e+09 5.000000000000000000e+07 1.000000000000000888e-02 8.500000000000000888e-01 1.485741323675451380e-15 2.145507906716291657e+01
2.010000000000000000e+02 6.700000000000000400e-01 1.000000000000000021e-02 5.088000000000000000e+08 5.000000000000000000e+07 5.734841677598339071e-01 2.750000000000000222e-01 7.802865483958893468e-17 3.604723612939351174e+00
2.020000000000000000e+02 1.197000000000000064e+00 1.000000000000000021e-02 1.434000000000000000e+09 5.000000000000000000e+07 9.701892829446502331e-01 2.250000000000000056e-01 1.093380351542446339e-17 4.773408475746061086e+00
2.030000000000000000e+02 6.500000000000000222e-01 1.000000000000000021e-02 2.500000000000000000e+09 5.000000000000000000e+07 9.524560062662843496e-01 4.250000000000000444e-01 2.331211976359871878e-17 1.845752763909943894e+01
2.040000000000000000e+02 1.675999999999999934e+00 1.000000000000000021e-02 5.088000000000000000e+08 5.000000000000000000e+07 1.782362288973291520e-01 1.500000000000000222e-01 1.771846851650982300e-16 2.149265077151386905e+01
2.050000000000000000e+02 5.729999999999999538e-01 1.000000000000000021e-02 5.088000000000000000e+08 5.000000000000000000e+07 5.734841677598339071e-01 1.500000000000000222e-01 8.003437819324495243e-17 1.236909814030152432e+01
2.060000000000000000e+02 8.850000000000000089e-01 1.000000000000000021e-02 5.088000000000000000e+08 5.000000000000000000e+07 5.313699076773616969e-01 2.000000000000000111e-01 5.759324427387047017e-17 2.202069401365453061e+01
2.070000000000000000e+02 8.860000000000000098e-01 1.000000000000000021e-02 5.088000000000000000e+08 5.000000000000000000e+07 4.851925397502274695e-01 2.750000000000000222e-01 6.426134184119503033e-17 2.167870911240003906e+01
2.080000000000000000e+02 8.179999999999999494e-01 1.000000000000000021e-02 5.088000000000000000e+08 5.000000000000000000e+07 3.790426555198066483e-01 3.500000000000000333e-01 9.187879122158353835e-17 2.040399560921324706e+01
2.090000000000000000e+02 2.317000000000000171e+00 1.000000000000000021e-02 3.000000000000000000e+09 5.000000000000000000e+07 1.000000000000000888e-02 1.175000000000000044e+00 2.727322352117824187e-16 7.892948103299072216e+01
2.100000000000000000e+02 1.042000000000000037e+00 1.000000000000000021e-02 2.000000000000000000e+09 5.000000000000000000e+07 7.080048279597983552e-01 7.500000000000000000e-01 8.062524253109653630e-17 5.394448071547136436e+01
2.110000000000000000e+02 1.443000000000000060e+00 1.000000000000000021e-02 5.088000000000000000e+08 5.000000000000000000e+07 1.782362288973291520e-01 4.500000000000000111e-01 5.757657609552503663e-16 2.722674233737438243e+01
2.120000000000000000e+02 9.160000000000000364e-01 1.000000000000000021e-02 1.700000000000000000e+09 5.000000000000000000e+07 9.100000000000000311e-01 7.750000000000000222e-01 1.724098740369202588e-17 1.013913866906672894e+02
2.130000000000000000e+02 2.028000000000000025e+00 1.000000000000000021e-02 3.000000000000000000e+09 5.000000000000000000e+07 1.000000000000000888e-02 4.750000000000000333e-01 8.635589343552640501e-17 3.098530452339534591e+01
2.140000000000000000e+02 1.532999999999999918e+00 1.000000000000000021e-02 5.088000000000000000e+08 5.000000000000000000e+07 9.990352180385682068e-01 1.000000000000000056e-01 4.378987788455672255e-20 6.011159564975931744e+02
2.150000000000000000e+02 2.298000000000000043e+00 1.000000000000000021e-02 5.088000000000000000e+08 5.000000000000000000e+07 9.798916064409035620e-02 5.000000000000000000e-01 1.594182423807387077e-16 4.802072839678213967e+01
2.160000000000000000e+02 1.457999999999999963e+00 1.000000000000000021e-02 1.434000000000000000e+09 5.000000000000000000e+07 6.118928294465026951e-01 3.500000000000000333e-01 4.439329198512576280e-17 8.239027833780859567e+01
2.170000000000000000e+02 2.196000000000000174e+00 1.000000000000000021e-02 8.064000000000000000e+08 5.000000000000000000e+07 9.798916064409035620e-02 5.000000000000000278e-02 4.655563460536164135e-17 9.042012750017610756e+01
2.180000000000000000e+02 8.960000000000000187e-01 1.000000000000000021e-02 5.088000000000000000e+08 5.000000000000000000e+07 4.345600626628430829e-01 7.500000000000001110e-02 8.741091463637318015e-17 3.691843554683232043e+01
2.190000000000000000e+02 1.362999999999999989e+00 1.000000000000000021e-02 5.088000000000000000e+08 5.000000000000000000e+07 9.798916064409035620e-02 5.250000000000000222e-01 1.580251901244086199e-16 6.230581207340052430e+01
2.200000000000000000e+02 2.119999999999999940e-01 1.000000000000000021e-02 3.000000000000000000e+09 5.000000000000000000e+07 9.941510680753888884e-01 2.250000000000000056e-01 2.484041259374604830e-17 3.706543369199625015e+00
2.210000000000000000e+02 4.699999999999999734e-01 1.000000000000000021e-02 5.088000000000000000e+08 5.000000000000000000e+07 3.790426555198066483e-01 2.000000000000000111e-01 2.313629050806694054e-16 2.115368676851006668e+01
2.220000000000000000e+02 1.272999999999999909e+00 1.000000000000000021e-02 8.064000000000000000e+08 5.000000000000000000e+07 3.181690290810633703e-01 1.400000000000000133e+00 2.879972643798424181e-16 4.660703473049606771e+01
2.230000000000000000e+02 3.029999999999999916e-01 1.000000000000000021e-02 1.434000000000000000e+09 5.000000000000000000e+07 9.990352180385682068e-01 0.000000000000000000e+00 1.148708572945074940e-19 1.484502823356730232e+02
2.240000000000000000e+02 9.859999999999999876e-01 1.000000000000000021e-02 5.088000000000000000e+08 5.000000000000000000e+07 4.345600626628430829e-01 1.750000000000000167e-01 7.372763414343807695e-17 1.064441202921839569e+01
2.250000000000000000e+02 1.090999999999999970e+00 1.000000000000000021e-02 1.434000000000000000e+09 5.000000000000000000e+07 6.469219452298986539e-01 7.500000000000000000e-01 5.168050599339034893e-17 1.132583086698414654e+01
2.260000000000000000e+02 3.099999999999999978e-01 1.000000000000000021e-02 8.064000000000000000e+08 5.000000000000000000e+07 7.588113568490419958e-01 0.000000000000000000e+00 3.266540049894665120e-17 5.813391327126915975e+00
2.270000000000000000e+02 1.346999999999999975e+00 1.000000000000000021e-02 5.088000000000000000e+08 5.000000000000000000e+07 9.798916064409035620e-02 8.750000000000000000e-01 1.910820962612872516e-16 5.492775754108127018e+01
2.280000000000000000e+02 3.430000000000000271e-01 1.000000000000000021e-02 8.064000000000000000e+08 5.000000000000000000e+07 7.345771296661833816e-01 9.000000000000000222e-01 1.522717027254309038e-15 2.197869369695724551e+00
2.290000000000000000e+02 2.577999999999999847e+00 1.000000000000000021e-02 5.088000000000000000e+08 5.000000000000000000e+07 9.798916064409035620e-02 9.250000000000000444e-01 1.163332460813481859e-16 4.453171057969247926e+01
2.300000000000000000e+02 1.510999999999999899e+00 1.000000000000000021e-02 5.088000000000000000e+08 5.000000000000000000e+07 1.782362288973291520e-01 5.000000000000000000e-01 4.415223658394358053e-16 2.112387006339538686e+01
2.310000000000000000e+02 1.425000000000000044e+00 1.000000000000000021e-02 8.064000000000000000e+08 5.000000000000000000e+07 2.514224249708160164e-01 4.000000000000000222e-01 8.068519672914705132e-17 7.913055791389750482e+01
2.320000000000000000e+02 1.143999999999999906e+00 1.000000000000000021e-02 5.088000000000000000e+08 5.000000000000000000e+07 1.782362288973291520e-01 1.450000000000000178e+00 1.742147822809338212e-16 1.343059362488114061e+01
2.330000000000000000e+02 1.262999999999999901e+00 1.000000000000000021e-02 5.088000000000000000e+08 5.000000000000000000e+07 9.798916064409035620e-02 5.750000000000000666e-01 1.908923682919370677e-16 1.939104642533402156e+01
2.340000000000000000e+02 6.700000000000000400e-01 1.000000000000000021e-02 5.088000000000000000e+08 5.000000000000000000e+07 5.734841677598339071e-01 2.250000000000000056e-01 9.211434687004653352e-17 5.145928609060760550e+00
2.350000000000000000e+02 1.457999999999999963e+00 1.000000000000000021e-02 5.088000000000000000e+08 5.000000000000000000e+07 9.798916064409035620e-02 6.000000000000000888e-01 2.144784995854778619e-16 1.900957689612867227e+02
2.360000000000000000e+02 1.308999999999999941e+00 1.000000000000000021e-02 5.088000000000000000e+08 5.000000000000000000e+07 4.345600626628430829e-01 1.375000000000000000e+00 1.009192590156295767e-16 1.503365436896260476e+01
2.370000000000000000e+02 1.135999999999999899e+00 1.000000000000000021e-02 1.139100030000000000e+09 5.000000000000000000e+07 9.870913234723223129e-01 2.000000000000000111e-01 1.379531026608389210e-18 1.668161893017258635e+01
2.380000000000000000e+02 1.280999999999999917e+00 1.000000000000000021e-02 5.088000000000000000e+08 5.000000000000000000e+07 1.782362288973291520e-01 8.000000000000000444e-01 3.335280737056070201e-16 2.090366199441904627e+01
2.390000000000000000e+02 6.780000000000000471e-01 1.000000000000000021e-02 5.088000000000000000e+08 5.000000000000000000e+07 4.851925397502274695e-01 5.000000000000000000e-01 2.750366913688087459e-16 6.504156096747245819e+00
2.400000000000000000e+02 6.490000000000000213e-01 1.000000000000000021e-02 5.088000000000000000e+08 5.000000000000000000e+07 4.851925397502274695e-01 5.000000000000000278e-02 5.934448234195884245e-17 7.483040486527496427e+00
2.410000000000000000e+02 1.596999999999999975e+00 1.000000000000000021e-02 5.088000000000000000e+08 5.000000000000000000e+07 1.782362288973291520e-01 6.000000000000000888e-01 4.330817777667995168e-16 8.582271589298601455e+00
2.420000000000000000e+02 1.096999999999999975e+00 1.000000000000000021e-02 5.088000000000000000e+08 5.000000000000000000e+07 1.782362288973291520e-01 1.500000000000000222e-01 1.486018571025033926e-16 3.236113130053904996e+01
2.430000000000000000e+02 1.114000000000000101e+00 1.000000000000000021e-02 5.088000000000000000e+08 5.000000000000000000e+07 1.782362288973291520e-01 9.500000000000000666e-01 4.788175176281746244e-16 4.076111293868017782e+01
2.440000000000000000e+02 2.299999999999999822e+00 1.000000000000000021e-02 3.000000000000000000e+09 5.000000000000000000e+07 1.000000000000000888e-02 8.750000000000000000e-01 2.352688229229175905e-16 5.994590696690972464e+01
2.450000000000000000e+02 2.242999999999999883e+00 1.000000000000000021e-02 5.088000000000000000e+08 5.000000000000000000e+07 9.798916064409035620e-02 3.500000000000000333e-01 5.383901086799223557e-17 2.936936440867820153e+01
2.460000000000000000e+02 1.088000000000000078e+00 1.000000000000000021e-02 1.139100030000000000e+09 5.000000000000000000e+07 9.941510680753888884e-01 6.000000000000000888e-01 2.238883749967402020e-18 8.750619304895796091e+00
2.470000000000000000e+02 8.229999999999999538e-01 1.000000000000000021e-02 5.088000000000000000e+08 5.000000000000000000e+07 3.790426555198066483e-01 1.325000000000000178e+00 3.869333050873507699e-16 1.408340932457278782e+01
2.480000000000000000e+02 5.510000000000000453e-01 1.000000000000000021e-02 5.088000000000000000e+08 5.000000000000000000e+07 5.734841677598339071e-01 1.000000000000000056e-01 3.231731615160887676e-17 1.378808141298253531e+01
2.490000000000000000e+02 1.419000000000000039e+00 1.000000000000000021e-02 5.088000000000000000e+08 5.000000000000000000e+07 1.782362288973291520e-01 4.000000000000000222e-01 1.395781566885319717e-16 3.099964455267550534e+01
2.500000000000000000e+02 5.520000000000000462e-01 1.000000000000000021e-02 8.064000000000000000e+08 5.000000000000000000e+07 4.851925397502274695e-01 8.250000000000000666e-01 1.723986713537449155e-15 6.292685412530429012e+00
2.510000000000000000e+02 1.387000000000000011e+00 1.000000000000000021e-02 5.088000000000000000e+08 5.000000000000000000e+07 9.798916064409035620e-02 4.750000000000000333e-01 1.759060581986181538e-16 2.849234916172457233e+01
2.520000000000000000e+02 1.955999999999999961e+00 1.000000000000000021e-02 5.088000000000000000e+08 5.000000000000000000e+07 9.798916064409035620e-02 7.750000000000000222e-01 5.542313972113206706e-16 4.076582110682785043e+01
2.530000000000000000e+02 1.342000000000000082e+00 1.000000000000000021e-02 5.088000000000000000e+08 5.000000000000000000e+07 3.181690290810633703e-01 7.500000000000000000e-01 1.598733986580621584e-16 4.254163157551548125e+01
2.540000000000000000e+02 2.320000000000000118e-01 1.000000000000000021e-02 5.088000000000000000e+08 5.000000000000000000e+07 6.118928294465026951e-01 4.000000000000000222e-01 2.822856610075425555e-16 2.167305298991696105e+00
2.550000000000000000e+02 1.016999999999999904e+00 1.000000000000000021e-02 5.088000000000000000e+08 5.000000000000000000e+07 2.514224249708160164e-01 5.500000000000000444e-01 3.198691238787036123e-16 2.388281685269485521e+01
2.560000000000000000e+02 2.278999999999999915e+00 1.000000000000000021e-02 5.088000000000000000e+08 5.000000000000000000e+07 9.798916064409035620e-02 4.000000000000000222e-01 8.102705751086730546e-17 6.383691377714674786e+01
