6.920979061516289088e-04 1.001437524150633473e-03
4.563065437168257153e-03 1.628114066577900044e-03
-2.062184845687005039e-02 4.862418625754395644e-03
-1.573513511379828408e-02 3.869506419267336114e-03
-1.318855460567544026e-02 3.654870473712712019e-03
1.247265212820069906e-02 5.507798475714365850e-03
-1.733915430709164276e-02 7.688476167315112797e-03
2.011265090355008819e-02 1.078629748466678438e-02
-1.461526419072251178e-02 1.114631983200687661e-02
6.515629355511844134e-02 1.169173478758287268e-02
-8.531621392186496469e-03 1.673572192184722210e-02
-3.974080929976073207e-02 1.829360568193246286e-02
